,Time, thumbProximal_L_X, thumbProximal_L_Y, thumbProximal_L_Z, thumbDistal_L_X, thumbDistal_L_Y, thumbDistal_L_Z, thumbEF_L_X, thumbEF_L_Y, thumbEF_L_Z, indexProximal_L_X, indexProximal_L_Y, indexProximal_L_Z, indexMedial_L_X, indexMedial_L_Y, indexMedial_L_Z, indexDistal_L_X, indexDistal_L_Y, indexDistal_L_Z, indexEF_L_X, indexEF_L_Y, indexEF_L_Z, middleProximal_L_X, middleProximal_L_Y, middleProximal_L_Z, middleMedial_L_X, middleMedial_L_Y, middleMedial_L_Z, middleDistal_L_X, middleDistal_L_Y, middleDistal_L_Z, middleEF_L_X, middleEF_L_Y, middleEF_L_Z, ringProximal_L_X, ringProximal_L_Y, ringProximal_L_Z, ringMedial_L_X, ringMedial_L_Y, ringMedial_L_Z, ringDistal_L_X, ringDistal_L_Y, ringDistal_L_Z, ringEF_L_X, ringEF_L_Y, ringEF_L_Z, pinkyProximal_L_X, pinkyProximal_L_Y, pinkyProximal_L_Z, pinkyMedial_L_X, pinkyMedial_L_Y, pinkyMedial_L_Z, pinkyDistal_L_X, pinkyDistal_L_Y, pinkyDistal_L_Z, pinkyEF_L_X, pinkyEF_L_Y, pinkyEF_L_Z, palm_L_X, palm_L_Y, palm_L_Z, wrist_L_X, wrist_L_Y, wrist_L_Z, handBaseRadius_L_X, handBaseRadius_L_Y, handBaseRadius_L_Z, elbow_L_X, elbow_L_Y, elbow_L_Z, armFrontRadius_L_X, armFrontRadius_L_Y, armFrontRadius_L_Z, armFrontUlna_L_X, armFrontUlna_L_Y, armFrontUlna_L_Z, armBackLateral_L_X, armBackLateral_L_Y, armBackLateral_L_Z, armBackMedial_L_X, armBackMedial_L_Y, armBackMedial_L_Z
0,17:16:29.357 PM,0.1618646,0.040812,0.19971070000000002,0.1388392,0.05818693,0.1959943,0.12135710000000001,0.06766029,0.1977752,0.1562416,0.07631446,0.2243261,0.1261405,0.05758394,0.2150467,0.1352479,0.03946869,0.211308,0.1484458,0.03328727,0.2114145,0.15445479999999998,0.07220803,0.24390050000000002,0.1228995,0.0525928,0.22629459999999998,0.135285,0.03182395,0.22438779999999997,0.1497513,0.02583103,0.2278178,0.154371,0.06224544,0.2620183,0.12485689999999999,0.04603679,0.24416559999999998,0.1369076,0.02656408,0.2383367,0.1515348,0.02048241,0.2400877,0.15231689999999998,0.04963239,0.2766531,0.1285718,0.04156403,0.2598961,0.1351157,0.02777626,0.2531563,0.1473553,0.0196297,0.2530647,0.1633465,0.05073704,0.2424883,0.2009859,-0.0069969590000000005,0.2419271,0.1904039,0.009717225999999999,0.2161486,0.2789447,-0.2385888,0.22433119999999998,0.2091822,-0.0156082,0.22102310000000003,0.2005854,-0.021544900000000002,0.2610715,0.28324309999999997,-0.23562049999999998,0.204307,0.27464629999999995,-0.2415572,0.2443554
1,17:16:29.384 PM,0.1617408,0.04090314,0.19987629999999998,0.13879670000000002,0.05830146,0.1957845,0.1213107,0.06783773,0.19714120000000002,0.15544249999999998,0.07610349,0.2249589,0.125579,0.05734099,0.2150006,0.13483820000000002,0.03930901,0.2112322,0.1480726,0.03321107,0.21150210000000003,0.15335729999999997,0.07178883,0.244459,0.1221789,0.05221824,0.2261455,0.1347425,0.0315543,0.2242646,0.1492002,0.02566405,0.22790259999999998,0.1530206,0.06163965,0.2624701,0.1238076,0.04557924,0.2439984,0.1360821,0.02623813,0.2381982,0.1507208,0.02024822,0.2401573,0.15078010000000003,0.04886888,0.2769399,0.1273051,0.04093908,0.2597416,0.1340616,0.02725334,0.2530034,0.14636,0.01919551,0.2530746,0.16235270000000002,0.05036633,0.24297,0.2002296,-0.007211611,0.2424009,0.18998679999999998,0.009719864,0.21664989999999998,0.2796712,-0.238166,0.22313609999999998,0.2087937,-0.01551852,0.2215212,0.19960970000000003,-0.02200015,0.26135410000000003,0.2842631,-0.2349252,0.2032196,0.27507919999999997,-0.24140679999999998,0.24305259999999998
2,17:16:29.410 PM,0.1607578,0.04067869,0.20030720000000002,0.137776,0.05804305,0.19628310000000002,0.12033239999999998,0.06766792,0.1975569,0.15439879999999997,0.07586180000000001,0.2252308,0.124537,0.05692695,0.2155989,0.133853,0.03892209,0.2118408,0.147121,0.03289478,0.21203629999999998,0.15248699999999998,0.07162954,0.2447667,0.12126050000000001,0.051824199999999994,0.2267907,0.1339375,0.03122826,0.22492470000000003,0.14845970000000003,0.02545281,0.2284891,0.1523398,0.06156413,0.2628273,0.123011,0.04534625,0.2446797,0.1353448,0.02604233,0.2388814,0.1500247,0.02012472,0.24074970000000004,0.1502736,0.04885145,0.2773739,0.1266672,0.04078595,0.2604205,0.1334545,0.02710213,0.2537095,0.1457828,0.01908986,0.2537133,0.16157249999999998,0.05024301,0.24330749999999998,0.1997109,-0.007156432,0.24267460000000002,0.1891928,0.009603679,0.216962,0.27993409999999996,-0.23780410000000002,0.22297840000000002,0.20811559999999998,-0.01545597,0.22172729999999996,0.19932850000000002,-0.02192165,0.26165229999999995,0.28432759999999996,-0.2345712,0.2030159,0.2755405,-0.24103690000000003,0.24294090000000002
3,17:16:29.437 PM,0.1597036,0.04054879,0.2007269,0.1367152,0.05792211,0.1967804,0.11933440000000001,0.06767137,0.1979648,0.1533874,0.07574858,0.2253509,0.1235396,0.05664577,0.21601149999999997,0.1329148,0.03865997,0.21230970000000002,0.14621810000000002,0.0327097,0.2124709,0.1516132,0.07162191,0.2449223,0.1203827,0.05154638,0.2272558,0.13316979999999998,0.03101216,0.22546239999999998,0.1477477,0.02535672,0.22899160000000002,0.15160810000000002,0.06165816,0.2630398,0.1222164,0.045247,0.2451696,0.13461800000000002,0.02596815,0.23943289999999998,0.1493348,0.02012928,0.2412587,0.1496675,0.04902272,0.2776708,0.1259694,0.04080771,0.2609183,0.1327797,0.02710928,0.2542607,0.1451282,0.01912834,0.254231,0.1607408,0.05024926,0.2435241,0.1990392,-0.007042304,0.24291190000000001,0.1882875,0.009528235,0.2172277,0.2803994,-0.23724279999999998,0.2226574,0.2073251,-0.01530209,0.22190170000000004,0.1988893,-0.02180257,0.2618967,0.2846172,-0.2339926,0.2026598,0.2761815,-0.24049310000000002,0.2426549
4,17:16:29.468 PM,0.15867620000000002,0.04075392,0.2007692,0.13559849999999998,0.0580173,0.1968613,0.1182026,0.06775449,0.1979171,0.1519478,0.07569622,0.2257562,0.1223236,0.05630682,0.21629539999999997,0.1318849,0.03843747,0.21250619999999998,0.1452507,0.03262852,0.21264629999999998,0.15021779999999998,0.07143877,0.2453036,0.11919020000000001,0.05114503,0.22752870000000003,0.1321555,0.03073366,0.22561489999999998,0.1467885,0.02520411,0.22911550000000003,0.15030220000000002,0.06136711,0.2633612,0.1210363,0.04482321,0.2454071,0.1336056,0.02568682,0.2395591,0.1483739,0.01996885,0.24135120000000002,0.1484703,0.04862951,0.27791750000000004,0.1248356,0.04031537,0.2611241,0.1317944,0.02672099,0.2544069,0.14421660000000003,0.01885523,0.25433890000000003,0.1595135,0.05014773,0.2437726,0.1982671,-0.006833896,0.24282129999999996,0.1873662,0.009803817,0.2172181,0.28105949999999996,-0.2364744,0.22201790000000002,0.206616,-0.01498775,0.22179459999999998,0.1981974,-0.021644099999999996,0.2617676,0.2852688,-0.23314629999999997,0.2020313,0.2768502,-0.23980259999999998,0.24200439999999998
5,17:16:29.499 PM,0.1577106,0.04081981,0.201046,0.1344785,0.05787258,0.1971287,0.11700450000000001,0.06748243,0.1980522,0.1502605,0.07535674,0.2266915,0.12105969999999999,0.05550729,0.216876,0.1309438,0.03783916,0.21297359999999999,0.14441489999999998,0.03227966,0.2131419,0.14852200000000002,0.07086392,0.24618539999999997,0.1179038,0.05024599,0.2280771,0.1312025,0.03006382,0.22602629999999999,0.14591629999999997,0.02477191,0.2295556,0.1486738,0.06059633,0.26413179999999997,0.11969,0.0438665,0.24589450000000002,0.1325841,0.02498682,0.239921,0.1474404,0.01951401,0.2417509,0.146953,0.04767813,0.27854159999999994,0.1234816,0.03924985,0.2615771,0.1307164,0.02583636,0.25478829999999997,0.1432739,0.0181884,0.2547395,0.1580829,0.04970638,0.24445160000000002,0.1974914,-0.006812810999999999,0.2430409,0.18651099999999998,0.01000063,0.21754770000000004,0.2823664,-0.2355486,0.220721,0.20598400000000003,-0.01472682,0.22198009999999999,0.19748629999999998,-0.02177237,0.2618696,0.2866152,-0.23202579999999998,0.2007763,0.2781176,-0.2390714,0.2406657
6,17:16:29.531 PM,0.15631810000000002,0.04039158,0.2015533,0.1329974,0.05734198,0.1977184,0.1155165,0.06693955,0.1986396,0.14872779999999997,0.07492794,0.2272169,0.11974569999999998,0.05464889,0.21763429999999997,0.12980260000000002,0.0370634,0.2138011,0.14334260000000001,0.03167333,0.21395660000000002,0.1471459,0.07051159,0.2467415,0.11666760000000001,0.04944403,0.228917,0.1301308,0.02936728,0.22690589999999997,0.1449155,0.02424701,0.23039179999999998,0.1474721,0.06032313,0.26473070000000004,0.11853179999999999,0.04326083,0.24673420000000001,0.1315546,0.02445795,0.2407978,0.1464726,0.01914559,0.24259760000000002,0.1459146,0.04745953,0.2792078,0.1224185,0.03876786,0.26241129999999996,0.12975630000000002,0.02538328,0.2556762,0.14238810000000002,0.01785882,0.2556294,0.15679949999999998,0.04939406,0.2450333,0.1965043,-0.006916508000000001,0.24355729999999998,0.18523820000000002,0.009712055,0.2181057,0.28314609999999996,-0.2349342,0.22068539999999998,0.20490170000000002,-0.014768700000000001,0.2224353,0.1967711,-0.02186608,0.26239209999999996,0.2872114,-0.2313855,0.200707,0.2790809,-0.2384828,0.24066379999999998
7,17:16:29.565 PM,0.1556305,0.04019289,0.20196570000000003,0.1323994,0.05720563,0.1978726,0.1149437,0.06687112,0.1985205,0.1474846,0.07444669,0.2281022,0.1188002,0.05399831,0.21799870000000002,0.1290835,0.03653501,0.2142075,0.1426832,0.03130566,0.2145354,0.14569820000000003,0.06987159,0.2475725,0.1156037,0.048692900000000004,0.2292356,0.1292748,0.02874939,0.2273021,0.1440632,0.02376993,0.23097129999999996,0.145844,0.0595393,0.2654817,0.1172297,0.04244883,0.24699770000000004,0.13049449999999999,0.02378978,0.24114429999999998,0.14544289999999999,0.018645,0.2431652,0.14414760000000001,0.04655783,0.2798374,0.1209068,0.03788252,0.2626813,0.1284499,0.02459289,0.2559852,0.1411582,0.01719956,0.2561239,0.1553973,0.04878031,0.245799,0.19524129999999998,-0.007442847,0.24432150000000002,0.1841763,0.009350821,0.2188621,0.2837963,-0.2346874,0.2210865,0.2039633,-0.01509675,0.2232585,0.1953747,-0.022513400000000003,0.2630611,0.2880906,-0.23097910000000002,0.2011852,0.279502,-0.23839580000000002,0.24098789999999998
8,17:16:29.597 PM,0.15523510000000001,0.04008691,0.2019496,0.13209479999999998,0.05714162,0.1975294,0.1146693,0.06687661,0.197881,0.1466114,0.07419823,0.2286656,0.11811279999999999,0.05365174,0.2182395,0.12854089999999999,0.03626905,0.21447339999999998,0.1421695,0.03112273,0.21490109999999998,0.1447008,0.06952031,0.2480998,0.1148591,0.04826204,0.22944389999999998,0.1286719,0.02841128,0.2275634,0.1434629,0.02352704,0.2313485,0.1447378,0.05909504,0.26595559999999996,0.11638119999999999,0.04192458,0.24715079999999998,0.1298365,0.02337892,0.2413718,0.1448136,0.01838829,0.2435603,0.14295829999999998,0.04603751,0.2802323,0.1199175,0.03731801,0.26283049999999997,0.1276287,0.02410232,0.2561795,0.14041510000000001,0.01684995,0.2564875,0.1544303,0.04844691,0.24628070000000002,0.19436910000000002,-0.0077147330000000005,0.2447857,0.18342170000000002,0.00918299,0.21932939999999998,0.2841459,-0.23444139999999997,0.221181,0.2032849,-0.01523141,0.22375429999999996,0.1944309,-0.02287073,0.2634566,0.2885728,-0.2306218,0.2013299,0.27971890000000005,-0.23826109999999998,0.2410321
9,17:16:29.628 PM,0.1551102,0.039742599999999996,0.20207650000000002,0.13211710000000002,0.05690132,0.1973049,0.11465979999999999,0.06658225,0.1975624,0.1459773,0.07365106,0.22952399999999998,0.11760339999999998,0.05322202,0.21854160000000003,0.12807190000000002,0.03586851,0.2147529,0.14168699999999998,0.03069831,0.2153063,0.1438204,0.06878889999999999,0.24888690000000002,0.1141394,0.047809500000000005,0.2296676,0.1279133,0.02793486,0.2277542,0.1426463,0.02298082,0.23167220000000002,0.1436145,0.05818962,0.2666389,0.11547719999999999,0.04123704,0.24731430000000001,0.1290051,0.02273951,0.2415505,0.1439631,0.01777919,0.24393,0.14162829999999998,0.0449983,0.2807644,0.11881480000000001,0.03645734,0.2629787,0.12664589999999998,0.02330683,0.25633870000000003,0.1394674,0.01612754,0.2568408,0.15351420000000002,0.04770698,0.2469782,0.1933616,-0.008530751,0.24544850000000001,0.1827216,0.008626848000000001,0.21999320000000003,0.28407899999999997,-0.2348623,0.2216495,0.2026065,-0.01588234,0.2245011,0.1931884,-0.02381232,0.2640161,0.288788,-0.2308974,0.20189200000000002,0.27937,-0.23882729999999996,0.241407
10,17:16:29.668 PM,0.1545763,0.03935017,0.2020744,0.13166660000000002,0.05654354,0.19703339999999997,0.11420050000000001,0.06621094,0.1971819,0.14500770000000002,0.07313012,0.2301413,0.11671,0.05263855,0.2190792,0.1272454,0.0353352,0.2152468,0.14087360000000002,0.03019841,0.2157891,0.1428594,0.06819831,0.24948760000000003,0.11321010000000001,0.04724057,0.2301956,0.1270182,0.02739681,0.22820990000000002,0.1417585,0.02244718,0.23210589999999998,0.1426758,0.05753948,0.26720409999999994,0.11459960000000001,0.04056264,0.24781199999999998,0.12819529999999998,0.02212887,0.2420038,0.1431753,0.01724331,0.24439970000000003,0.1407187,0.04429643,0.2812853,0.11794020000000001,0.03574403,0.2634603,0.12584410000000001,0.02264531,0.2568042,0.138719,0.01556598,0.2573573,0.1526036,0.04714598,0.24751030000000002,0.1925966,-0.008987054,0.2458158,0.1819083,0.008225635,0.22040010000000002,0.28415440000000003,-0.23494229999999997,0.22166020000000003,0.20189210000000002,-0.01626253,0.22486420000000004,0.1924569,-0.02430711,0.26435190000000003,0.28887199999999996,-0.23092,0.20191629999999997,0.2794369,-0.23896460000000003,0.2414041
11,17:16:29.696 PM,0.15461470000000002,0.03912358,0.2018534,0.13180479999999997,0.05635275,0.1964928,0.1143036,0.06595735,0.1965066,0.14454909999999999,0.07274826,0.23031179999999998,0.1163663,0.05235897,0.2187782,0.1269433,0.03507949,0.2149526,0.1405583,0.02992226,0.21561620000000004,0.1421677,0.06768735,0.2495973,0.11272860000000001,0.04689448,0.229812,0.1265715,0.02707084,0.2278677,0.1412635,0.02209298,0.23190729999999998,0.14177089999999998,0.05691038,0.26723850000000005,0.11393969999999999,0.04005481,0.24739320000000004,0.1276392,0.02167784,0.24164940000000001,0.14259829999999998,0.01681815,0.2442212,0.1396445,0.04357366,0.28120609999999996,0.1170836,0.03514113,0.2630507,0.1250988,0.02209474,0.2564251,0.1379953,0.01507069,0.2571492,0.15193579999999998,0.04664831,0.2475969,0.19197160000000002,-0.009460554,0.24600879999999997,0.1815668,0.007908641999999999,0.22058289999999997,0.2844302,-0.23499920000000002,0.2213975,0.2015453,-0.01656312,0.2251232,0.19164379999999998,-0.02491185,0.2644333,0.2893809,-0.2308248,0.2017424,0.27947940000000004,-0.2391735,0.2410525
12,17:16:29.726 PM,0.1548345,0.03883554,0.20166040000000002,0.1321022,0.05604474,0.1959192,0.1145204,0.06550045,0.1958,0.14419129999999997,0.07234447,0.2302303,0.11614369999999999,0.05212043,0.2180915,0.1267938,0.03486846,0.2143458,0.14039179999999998,0.02969621,0.21521179999999998,0.1414592,0.06717451,0.24944029999999998,0.11236480000000001,0.04652621,0.22900410000000002,0.12632960000000001,0.02677022,0.22725309999999999,0.14095610000000003,0.02181651,0.2315518,0.140747,0.05629931,0.2670114,0.1132746,0.03956477,0.24657220000000002,0.1271579,0.02126555,0.24102470000000004,0.14208120000000002,0.01645251,0.2438775,0.13837570000000002,0.04288341,0.2808634,0.11612529999999999,0.0345826,0.26226900000000003,0.1243012,0.02158491,0.2557446,0.13720929999999998,0.01461269,0.2567206,0.1512821,0.04615499,0.2475041,0.1914195,-0.009888916999999999,0.24629970000000004,0.1814425,0.007590606999999999,0.220827,0.2852584,-0.2347679,0.22088829999999998,0.2013789,-0.01672883,0.225507,0.190844,-0.02553691,0.2645513,0.2905259,-0.2303639,0.2013662,0.2799909,-0.23917199999999997,0.2404105
13,17:16:29.756 PM,0.1555186,0.03860484,0.20150739999999998,0.13291070000000002,0.05582528,0.1953259,0.1152117,0.06505848,0.1951396,0.144264,0.07206772,0.2299514,0.11635830000000001,0.05214052,0.2170214,0.1270438,0.03487204,0.213457,0.1405786,0.02959295,0.21461739999999999,0.14101229999999998,0.06682335,0.24905990000000003,0.1123907,0.04637207,0.2277761,0.1264477,0.02665301,0.2263844,0.1409507,0.02168564,0.23106820000000003,0.1398066,0.05587478,0.26655809999999996,0.11283419999999998,0.03931053,0.2453301,0.1269167,0.02105527,0.2401529,0.14175929999999998,0.01626204,0.2434282,0.13703310000000002,0.04240651,0.28028390000000003,0.1152444,0.03426875,0.2610811,0.1236126,0.02129005,0.2547665,0.1365046,0.01435557,0.2561405,0.1508226,0.04578321,0.24729079999999998,0.19086760000000003,-0.01033369,0.246804,0.1815645,0.0072444680000000004,0.22124839999999998,0.2860453,-0.2345647,0.2206571,0.2013354,-0.01686756,0.2261632,0.1899175,-0.02622291,0.2648301,0.2917542,-0.22988699999999998,0.2013237,0.2803363,-0.2392423,0.2399906
14,17:16:29.783 PM,0.15728989999999998,0.03860499,0.2017297,0.13504839999999999,0.05603687,0.1948528,0.11727739999999999,0.06512271,0.19442620000000002,0.14498429999999998,0.07186519,0.23027289999999997,0.1173857,0.05243044,0.21600450000000002,0.12808630000000001,0.03511967,0.21270039999999998,0.1415011,0.02966346,0.21433560000000001,0.14089939999999998,0.06645204,0.24917289999999997,0.11304310000000001,0.0464351,0.2265064,0.1270859,0.02667888,0.22557649999999999,0.1413509,0.02160342,0.2308389,0.13887249999999998,0.05533244,0.2664861,0.1127344,0.03914703,0.2439625,0.1269776,0.02088393,0.23927600000000002,0.14164720000000003,0.01604427,0.24319770000000004,0.13541140000000002,0.04174821,0.2799383,0.1144137,0.03394966,0.25973989999999997,0.1229991,0.02098228,0.25369949999999997,0.1358136,0.01405089,0.2556792,0.15057979999999999,0.04533784,0.24757939999999998,0.1901804,-0.0110921,0.24802929999999998,0.1820119,0.006779507,0.2224047,0.2867255,-0.23461220000000002,0.22083000000000003,0.2014521,-0.01717324,0.2276754,0.1885633,-0.02736297,0.2656632,0.2931699,-0.22951729999999998,0.20183610000000002,0.28028109999999995,-0.23970709999999998,0.23982379999999998
15,17:16:29.811 PM,0.160248,0.03892277,0.2026132,0.13894579999999998,0.05699565,0.1945231,0.121331,0.06631799,0.1933599,0.1465796,0.07215069,0.2312458,0.11930199999999999,0.05381472,0.2150369,0.1296663,0.03623037,0.2121288,0.14278020000000002,0.03032465,0.2144849,0.14116779999999998,0.06663097,0.24977829999999998,0.1143135,0.04759316,0.2251438,0.1279101,0.02750732,0.2248848,0.1416848,0.02204718,0.2309996,0.13775410000000002,0.05536877,0.2667788,0.11284010000000001,0.03995563,0.24240189999999998,0.1269791,0.02143078,0.2384909,0.1412566,0.01630606,0.2433788,0.13308599999999998,0.0417286,0.27980309999999997,0.11333019999999999,0.03457607,0.2581637,0.12202819999999999,0.0214784,0.2525828,0.1345782,0.014407499999999998,0.25552870000000005,0.1503531,0.04527508,0.2485084,0.1885101,-0.012104,0.2504889,0.1822505,0.00615415,0.2248311,0.286285,-0.23485160000000002,0.2214096,0.20094800000000002,-0.01752548,0.230634,0.1858496,-0.02895729,0.26743579999999995,0.2938341,-0.2291357,0.20300870000000001,0.2787358,-0.24056750000000002,0.2398105
16,17:16:29.843 PM,0.1660251,0.03933154,0.20520460000000001,0.1474164,0.05894153,0.1945065,0.1306186,0.06929956,0.1915192,0.1506585,0.0736606,0.2329109,0.12373769999999999,0.05823968,0.2134178,0.1326932,0.03978713,0.21137129999999998,0.1449114,0.03281535,0.21516509999999997,0.1426168,0.06862591,0.2506042,0.11717060000000001,0.05238773,0.2226986,0.12868239999999997,0.03106003,0.22350660000000003,0.14106300000000002,0.02416866,0.2309891,0.1362899,0.0577067,0.26697740000000003,0.11320410000000002,0.04454191,0.23966700000000002,0.12589080000000002,0.02479468,0.23698579999999997,0.13897479999999998,0.01822324,0.2432656,0.1290203,0.04450627,0.2792341,0.11144939999999999,0.03903879,0.25534120000000005,0.11956359999999999,0.02525841,0.2505951,0.1310627,0.01723398,0.25500429999999996,0.1501899,0.04661466,0.2503015,0.1839135,-0.01319258,0.2560022,0.18157220000000002,0.00506179,0.23038960000000003,0.28435920000000003,-0.23458270000000003,0.2256908,0.19844589999999998,-0.0176016,0.2373562,0.17942579999999997,-0.03092258,0.2716171,0.2938693,-0.22792220000000002,0.2085603,0.2748492,-0.24124320000000002,0.2428212
17,17:16:29.871 PM,0.1723978,0.04155095,0.2090438,0.15821770000000002,0.06326698,0.19589389999999998,0.14313370000000003,0.07534008,0.1908773,0.15535079999999998,0.07650508,0.23741869999999998,0.12775699999999998,0.06829147,0.21476839999999997,0.13271570000000002,0.04860078,0.2112569,0.142723,0.03864579,0.21483960000000002,0.14510699999999999,0.07157786,0.2539697,0.11982060000000001,0.06261836,0.22282889999999997,0.12734,0.03961749,0.22128130000000001,0.1377185,0.02963637,0.2283113,0.1362554,0.06069167,0.26915429999999996,0.11329000000000002,0.05393605,0.23951129999999998,0.1229512,0.03281488,0.23518200000000003,0.1344116,0.02340712,0.24101570000000003,0.12673410000000002,0.04773702,0.28005990000000003,0.1099835,0.04726525,0.2549911,0.1162712,0.03296144,0.2491496,0.1261778,0.02279891,0.2529784,0.1509694,0.04904963,0.25358600000000003,0.17992629999999998,-0.01310009,0.2603493,0.1810389,0.005758882,0.2354137,0.2836106,-0.2331143,0.2309342,0.1964027,-0.01668326,0.24320300000000003,0.1738182,-0.03151833,0.274554,0.29490279999999996,-0.22569679999999998,0.2152587,0.2723183,-0.24053179999999996,0.24660970000000002
18,17:16:29.900 PM,0.177831,0.04563130000000001,0.21625500000000003,0.1668873,0.06905033,0.20292449999999998,0.1533592,0.08240311,0.1968213,0.15677660000000002,0.07812841,0.24683829999999998,0.13072930000000002,0.07877101,0.2210581,0.1304785,0.05942078,0.213928,0.13692970000000002,0.046477,0.215768,0.14508120000000002,0.07175048,0.261865,0.1205618,0.07263084,0.2288639,0.1243452,0.05008094,0.22074000000000002,0.1326581,0.03683753,0.2242973,0.1349004,0.05955677,0.2751026,0.11207560000000001,0.06144674,0.2446323,0.1184548,0.0411043,0.2344215,0.1283675,0.02885671,0.23685660000000003,0.1244409,0.04570962,0.2838423,0.10761939999999999,0.051626099999999994,0.2595113,0.1123887,0.03920417,0.2494362,0.1214647,0.02763025,0.2493266,0.1509718,0.04931135,0.2598968,0.17938520000000002,-0.013409299999999999,0.26377209999999995,0.18259660000000003,0.0076814,0.24051999999999998,0.28817170000000003,-0.2309766,0.2345718,0.1976846,-0.01598835,0.2483839,0.1719645,-0.03258698,0.2762403,0.30103179999999996,-0.22267729999999997,0.22064360000000002,0.2753117,-0.2392759,0.2485
19,17:16:29.930 PM,0.1826471,0.04280217,0.2278111,0.1752832,0.06718986,0.21379410000000001,0.1642494,0.08185507,0.20595300000000002,0.15844170000000002,0.07470532,0.2571321,0.1357441,0.0894012,0.23244539999999997,0.1280734,0.07760037,0.21748699999999999,0.1280732,0.06410302,0.2121544,0.14486870000000002,0.06802602,0.27033429999999997,0.12244769999999999,0.08160119,0.2387029,0.11886669999999999,0.06614794,0.22047489999999997,0.1219038,0.05143063,0.2151178,0.1329104,0.05557112,0.2817063,0.1104983,0.06787289999999999,0.2534769,0.1097877,0.05390058,0.2345317,0.1152384,0.04042335,0.2281993,0.1211991,0.04164635,0.288516,0.10381889999999999,0.0539865,0.2671968,0.1048384,0.04688276,0.2521811,0.1113354,0.03617384,0.24457929999999997,0.15053729999999999,0.04554833,0.26817140000000006,0.177544,-0.01766559,0.2726606,0.1835241,0.003969043,0.25110029999999994,0.2969469,-0.229227,0.240954,0.1975154,-0.01857557,0.25929610000000003,0.1695129,-0.03791177,0.2828544,0.31094809999999995,-0.2195589,0.2291748,0.28294559999999996,-0.2388951,0.25273320000000005
20,17:16:29.959 PM,0.1867934,0.04315771,0.2398631,0.1836375,0.06823657,0.2254804,0.1752924,0.08375238,0.21609420000000001,0.1559637,0.07389419,0.2673817,0.13856529999999997,0.09867223,0.24675070000000002,0.1290901,0.09968503,0.2284952,0.12545119999999998,0.09178810000000001,0.21681799999999998,0.1405969,0.06644665,0.2779432,0.1211885,0.09207,0.2523277,0.11385260000000001,0.09112661,0.22925639999999997,0.11336589999999999,0.08190148,0.21617529999999996,0.1271945,0.05333744,0.2866603,0.1057183,0.07544915,0.264264,0.09936982,0.07459055,0.2415467,0.1005311,0.06655027,0.22785149999999998,0.1147688,0.03900008,0.2908415,0.09626251,0.05633406,0.2745169,0.09346864,0.05707557,0.258098,0.09702829,0.05155642,0.24495540000000002,0.1468606,0.04414977,0.2755611,0.1737388,-0.01902682,0.2808083,0.18270870000000003,0.003733873,0.2617829,0.2994125,-0.22732249999999998,0.2518085,0.1954732,-0.01888852,0.27051729999999996,0.1645718,-0.03999468,0.2881994,0.3148632,-0.2167694,0.2429674,0.2839618,-0.23787550000000002,0.2606495
21,17:16:30.000 PM,0.1907201,0.05016671,0.263984,0.1936871,0.07706942,0.2534052,0.18645150000000002,0.09334578,0.24439090000000002,0.1489444,0.07842003,0.2891268,0.13951370000000002,0.11373789999999999,0.2881873,0.1333166,0.13155450000000002,0.2800249,0.129553,0.13656020000000002,0.2669023,0.1316246,0.06985097,0.29453809999999997,0.1149643,0.10735940000000001,0.2947502,0.10558920000000001,0.1279399,0.2861663,0.1022375,0.13465929999999998,0.27206679999999994,0.1166442,0.0559556,0.2976103,0.09535201,0.08747841,0.2984403,0.08317015,0.1060415,0.2905732,0.079448,0.11248689999999999,0.2765304,0.10363430000000001,0.04159938,0.2963325,0.08139012,0.06188028,0.297444,0.07088567,0.07322197,0.2913065,0.06706472,0.08006309,0.2789207,0.1383094,0.04808624,0.2896808,0.16356220000000002,-0.01598585,0.28973590000000005,0.17640770000000003,0.009337619,0.2772133,0.29588509999999996,-0.2201702,0.2611356,0.1871129,-0.014762299999999999,0.2850243,0.1532439,-0.03762783,0.2915876,0.31281970000000003,-0.2087375,0.25785399999999997,0.2789506,-0.23160300000000003,0.2644172
22,17:16:30.035 PM,0.1965559,0.04665111,0.2977947,0.2053076,0.07435818,0.2974286,0.20003529999999997,0.09304263,0.2928185,0.15039229999999998,0.07297264,0.323594,0.1460882,0.1041035,0.3423107,0.14349620000000002,0.12440610000000002,0.3445257,0.1421517,0.1364856,0.3365175,0.13179449999999998,0.06541713,0.3238509,0.11818019999999999,0.09743388,0.3456447,0.1111808,0.12036949999999999,0.3492071,0.1090684,0.13441779999999998,0.34180570000000005,0.1154378,0.05322818,0.32053159999999997,0.09655708,0.07940425,0.3406961,0.08585292,0.1000278,0.3448845,0.08216785,0.113837,0.3378786,0.1016681,0.04165377,0.3132182,0.0791785,0.05582090000000001,0.3274015,0.06722434,0.06689398,0.33091770000000004,0.06063617,0.07905658,0.3259635,0.1373821,0.045441699999999995,0.3133053,0.1578331,-0.01835757,0.2978019,0.17372620000000003,0.007745266,0.29419870000000004,0.2940346,-0.21810100000000002,0.2581464,0.18184389999999998,-0.01711313,0.2983176,0.1474425,-0.03957636,0.29332070000000005,0.3112353,-0.20686929999999998,0.2606449,0.2768339,-0.2293326,0.255648
23,17:16:30.071 PM,0.2016558,0.039648699999999995,0.3195662,0.21318449999999997,0.06571601,0.32533909999999994,0.20788289999999998,0.08495714,0.32496529999999996,0.15448420000000002,0.06345959,0.3525409,0.1535984,0.08352499,0.3831762,0.1526862,0.10139889999999999,0.3933977,0.1518805,0.11555910000000001,0.39005619999999996,0.1355733,0.05673866,0.35189000000000004,0.12429260000000002,0.07768865,0.3854026,0.11830519999999999,0.09861423,0.39608990000000005,0.1164925,0.11416400000000002,0.39264920000000003,0.1185515,0.04626991,0.3465816,0.1025017,0.06297581,0.376836,0.09316356,0.08176239,0.3876996,0.09002115,0.09708853,0.3846595,0.1039947,0.03723995,0.33741459999999995,0.08254743,0.04473586,0.35724920000000004,0.07078649,0.05436556,0.3641253,0.0644719,0.0674812,0.36205820000000005,0.139829,0.03958847,0.33673390000000003,0.15691429999999998,-0.02020106,0.3074396,0.1736453,0.00608857,0.3077149,0.2853522,-0.22257110000000002,0.2567325,0.1809399,-0.02003887,0.3084638,0.14573239999999998,-0.04060026,0.3013447,0.302956,-0.21229050000000002,0.260292,0.26774840000000005,-0.2328518,0.2531729
24,17:16:30.112 PM,0.19950520000000002,0.01675276,0.3461913,0.2140967,0.04025255,0.3551587,0.2108054,0.05959173,0.3588108,0.15446020000000002,0.03837471,0.38569929999999997,0.1571806,0.05389611,0.41878009999999993,0.1578457,0.06962423,0.4320817,0.1573497,0.08408389999999999,0.4335952,0.1354503,0.03191547,0.3860449,0.1273387,0.04744081,0.42323599999999995,0.1222969,0.06471287,0.4394807,0.11964010000000001,0.08023529,0.44226229999999994,0.11778699999999999,0.022372799999999998,0.3811006,0.10493330000000001,0.03476007,0.414768,0.0968179,0.05083041,0.43006099999999997,0.09288937,0.0661196,0.43204030000000004,0.1022232,0.01477088,0.3723013,0.08241393,0.01932596,0.39458190000000004,0.07127506,0.02830954,0.4031557,0.0644587,0.04130901,0.40378109999999995,0.1378541,0.01698537,0.36834720000000004,0.1509922,-0.03863339,0.33028090000000004,0.1679815,-0.01240432,0.33179109999999995,0.273312,-0.23769970000000004,0.2566203,0.175027,-0.03864607,0.32948829999999996,0.1391893,-0.05852734,0.3237075,0.2912308,-0.22775900000000002,0.2595107,0.25539320000000004,-0.24764029999999998,0.2537299
25,17:16:30.142 PM,0.19496729999999998,0.0008879751,0.36753020000000003,0.2103462,0.02204119,0.3802571,0.20992039999999998,0.04053982,0.3877566,0.15197320000000003,0.01727681,0.4087353,0.15527220000000003,0.02819882,0.44356260000000003,0.1565177,0.04045768,0.46009529999999993,0.1568015,0.0528077,0.4678367,0.13286289999999998,0.01111655,0.4084761,0.1256075,0.021677000000000002,0.44754540000000004,0.12112910000000002,0.03426166,0.46779529999999997,0.11833519999999999,0.04672356,0.47749040000000004,0.11498620000000001,0.00258629,0.40254409999999996,0.1027335,0.01056227,0.4377417,0.09495891,0.02276473,0.45642669999999996,0.09026413,0.0353166,0.4650625,0.09919646,-0.0035374609999999996,0.3930215,0.07937773,-0.001825482,0.41569409999999996,0.06817757,0.005422235,0.4257142,0.05982375,0.01645751,0.4306851,0.13481189999999998,-0.0013538,0.3889112,0.146645,-0.05185492,0.3439709,0.16401949999999998,-0.02605623,0.3483483,0.2654468,-0.2468357,0.25513379999999997,0.1706781,-0.05226601,0.3432305,0.1344921,-0.07094191,0.3358276,0.2835399,-0.23749770000000003,0.25883520000000004,0.2473538,-0.2561736,0.2514324
26,17:16:30.174 PM,0.18896010000000002,-0.01420921,0.3899621,0.204229,0.004793391,0.4058224,0.2064993,0.02165322,0.41626440000000003,0.1473705,-0.002026543,0.4306485,0.1504066,0.005059838,0.46647440000000007,0.1518037,0.01420704,0.484897,0.15247220000000003,0.02413957,0.4955393,0.1281302,-0.007648095,0.42945829999999996,0.12080430000000002,-0.0010921960000000001,0.46937979999999996,0.1164697,0.0078052880000000005,0.4915233,0.11379960000000001,0.01765992,0.5038794,0.1101651,-0.01505488,0.42239440000000006,0.09772761,-0.01053064,0.4581338,0.08997827,-0.002148181,0.47882070000000004,0.08511268,0.007439807,0.4905825,0.09440314,-0.01974091,0.41204700000000005,0.07369048,-0.02010266,0.43396850000000003,0.06198458,-0.01511918,0.44475929999999997,0.05249933,-0.006652101999999999,0.45213909999999996,0.1301244,-0.01801862,0.4087099,0.14155779999999998,-0.0640025,0.3591045,0.1594419,-0.03899904,0.3661808,0.25684009999999996,-0.2550019,0.257867,0.1655808,-0.06506447,0.3588199,0.129063,-0.08204046,0.3492653,0.2750989,-0.2465139,0.2626443,0.2385812,-0.26348990000000005,0.2530898
27,17:16:30.204 PM,0.18337,-0.02579711,0.40348249999999997,0.1981997,-0.007448524000000001,0.4204915,0.20104879999999997,0.008586884,0.4320376,0.14309149999999998,-0.01659468,0.44415390000000005,0.14637329999999998,-0.01116563,0.48024849999999997,0.1479368,-0.0038199279999999998,0.49945100000000003,0.1487255,0.004773974,0.5111973,0.1238982,-0.02233817,0.4427947,0.1172587,-0.01771024,0.48310640000000005,0.1133042,-0.01095174,0.5060657999999999,0.1108055,-0.0025484410000000002,0.5194876,0.10596520000000001,-0.0295767,0.435478,0.09409448,-0.02682066,0.47158990000000006,0.08664582,-0.02082515,0.4932009,0.08183467,-0.01289053,0.5061607,0.09019239,-0.03392208,0.42499840000000005,0.06942681,-0.03484629,0.44685410000000003,0.05765880000000001,-0.03137985,0.45816229999999997,0.04777104,-0.02449255,0.46658999999999995,0.1258779,-0.03170313,0.42157100000000003,0.13751329999999998,-0.07503706,0.3696636,0.1551616,-0.05038127,0.37795690000000004,0.2550949,-0.2572443,0.255627,0.1615476,-0.0756888,0.3691669,0.12523710000000002,-0.09260605,0.3587566,0.2732501,-0.24878560000000002,0.2608322,0.23693960000000003,-0.2657029,0.25042190000000003
28,17:16:30.235 PM,0.1792143,-0.03215724,0.4113981,0.19337179999999998,-0.01428257,0.42945140000000004,0.1966186,0.001060233,0.4418036,0.13962360000000001,-0.02558838,0.45136170000000003,0.142596,-0.02153274,0.48766229999999994,0.1440705,-0.015966499999999998,0.5074584,0.14484779999999997,-0.008709982,0.5200720999999999,0.1204753,-0.03134622,0.4495164000000001,0.11364529999999999,-0.02828629,0.4899447,0.10958980000000001,-0.02339198,0.5133528,0.1070036,-0.01635619,0.5275204000000001,0.1026753,-0.03836367,0.4416785,0.09038612,-0.03703938,0.4777304,0.08267377,-0.03269267,0.4996387,0.07763534,-0.02589628,0.5131442,0.08706629,-0.04236029,0.4308218,0.06581419999999999,-0.04317275,0.452209,0.05385074,-0.04065274,0.4635608,0.04365189,-0.03479157,0.47238050000000004,0.1227855,-0.039878699999999996,0.4279778,0.1353667,-0.08099423,0.3745044,0.1527432,-0.05675314,0.3840885,0.2568756,-0.25452470000000005,0.25144429999999995,0.1594118,-0.08130769,0.3743014,0.1234724,-0.09803382,0.3624013,0.2748454,-0.2461616,0.2573944,0.23890589999999998,-0.2628877,0.2454942
29,17:16:30.264 PM,0.1765204,-0.0341582,0.41527749999999997,0.19028910000000002,-0.01623058,0.4335778,0.1942968,-0.001238123,0.4461361,0.1373175,-0.02871272,0.45478320000000005,0.13994229999999996,-0.02496557,0.4911439,0.141258,-0.01995684,0.5111005999999999,0.1419394,-0.01296419,0.5238696,0.11818820000000001,-0.03444192,0.4526702,0.1109184,-0.03172128,0.4930463,0.1066099,-0.02731165,0.5165064,0.1038677,-0.02052914,0.5307694000000001,0.10047489999999999,-0.04138058,0.4445699000000001,0.08759348,-0.04036747,0.480425,0.07951077,-0.03629449,0.5022531,0.07423866,-0.02954189,0.5156925,0.08498859,-0.04527424,0.4335019,0.06319662,-0.04561131,0.4543521,0.05098016,-0.04315193,0.4654455,0.04060246,-0.03721672,0.47400470000000006,0.1207396,-0.04279225,0.43108729999999995,0.13387079999999998,-0.08335629,0.37729850000000004,0.1511875,-0.059312300000000005,0.38740040000000003,0.25601779999999996,-0.25385820000000003,0.2506834,0.15791660000000002,-0.08368037,0.3772296,0.12203969999999999,-0.1000824,0.364706,0.2739562,-0.24565720000000002,0.25694520000000004,0.23807929999999997,-0.2620592,0.2444216
30,17:16:30.296 PM,0.1739582,-0.03370564,0.4162545,0.1873368,-0.01521781,0.43428459999999997,0.1918822,-0.0002548993,0.44669390000000003,0.13497420000000002,-0.02950414,0.45575140000000003,0.13737560000000001,-0.02541782,0.492091,0.13852029999999999,-0.02038059,0.5120509,0.1390109,-0.01331991,0.5247911,0.11597950000000001,-0.03564909,0.45359350000000004,0.10818710000000001,-0.03255549,0.493845,0.1035068,-0.02804099,0.5172135,0.1004349,-0.02115799,0.5313606,0.09845302,-0.043013499999999996,0.4454629,0.0850563,-0.04169036,0.4811184,0.076581,-0.03753318,0.502781,0.07095961,-0.03075844,0.5160667999999999,0.08310246,-0.04730661,0.4343537,0.06111553,-0.04767814,0.45499759999999995,0.04875789,-0.04541166,0.465975,0.03820047,-0.03954582,0.47436049999999996,0.1188038,-0.04408824,0.43207929999999994,0.13285460000000002,-0.08470796,0.3785124,0.1497902,-0.06025557,0.3886398,0.25543119999999997,-0.2535385,0.2500865,0.1569009,-0.08481497,0.37823579999999996,0.12106600000000001,-0.101484,0.36594640000000006,0.2733486,-0.245204,0.2562312,0.2375138,-0.2618731,0.2439419
31,17:16:30.320 PM,0.17259929999999998,-0.033632,0.41632020000000003,0.1858173,-0.01486312,0.43417870000000003,0.1905927,0.0001108795,0.44648859999999996,0.1337844,-0.03000745,0.4558718,0.13630599999999998,-0.02534303,0.49213500000000004,0.13748310000000002,-0.01985517,0.5119757,0.137961,-0.01249951,0.5245498000000001,0.11486320000000001,-0.03638318,0.4537335,0.10709280000000002,-0.03280614,0.49395020000000006,0.1024015,-0.0279447,0.5172477,0.0992907,-0.02086993,0.5312918000000001,0.09742703,-0.04398794,0.44562879999999994,0.08401613,-0.04250145,0.48127259999999994,0.07550205,-0.03831634,0.5029147,0.06980717,-0.03159645,0.5161971,0.08213225,-0.04850963,0.4345325,0.06009342,-0.04885522,0.4551215,0.04769074,-0.04660957,0.46605240000000003,0.03705646,-0.04080182,0.4743813,0.1177954,-0.04488549,0.4322585,0.13255899999999998,-0.08562951,0.3789355,0.1489885,-0.060885699999999994,0.38890490000000005,0.2555642,-0.2534235,0.2495595,0.1566019,-0.08550566,0.3784358,0.12081669999999999,-0.1025328,0.3664975,0.2734568,-0.24491,0.2555286,0.23767159999999998,-0.26193710000000003,0.2435904
32,17:16:30.355 PM,0.17039210000000002,-0.03244653,0.4156933,0.1828787,-0.01275305,0.4330745,0.18783160000000002,0.0024713720000000003,0.4450001,0.13199570000000002,-0.02932258,0.45493469999999997,0.13469479999999998,-0.0224281,0.4908255999999999,0.1359062,-0.01537405,0.5101603,0.1363723,-0.007088274,0.5221405,0.113224,-0.03613095,0.4528170999999999,0.10556900000000001,-0.03085375,0.49286720000000006,0.1009234,-0.0249197,0.5159232,0.09781387,-0.01739627,0.5297319,0.09600838,-0.04428454,0.4447763,0.08250114,-0.04178402,0.4803268,0.07388648,-0.03691378,0.5017847,0.06807915,-0.02990657,0.5148683,0.08089501,-0.04938692,0.43368429999999997,0.05857641,-0.04921931,0.4539719,0.04599611,-0.04655218,0.46460070000000003,0.03520443,-0.04048806,0.47253459999999997,0.1164941,-0.04509798,0.43158149999999995,0.1320552,-0.08671016,0.3791355,0.1483394,-0.06152475,0.38886679999999996,0.2563939,-0.2542173,0.2506706,0.15609510000000001,-0.08637556,0.37860570000000004,0.1204491,-0.1037955,0.3668188,0.27421690000000004,-0.24550740000000001,0.256564,0.23857089999999997,-0.2629273,0.24477710000000003
33,17:16:30.390 PM,0.17053020000000002,-0.02993813,0.41405169999999997,0.1826708,-0.009640619,0.4309777,0.1874809,0.005880743000000001,0.44257470000000004,0.13216879999999998,-0.02696553,0.45332659999999997,0.1348605,-0.01870069,0.488928,0.13600510000000002,-0.01093036,0.5079909,0.13636489999999998,-0.0022746470000000003,0.5197107,0.1135478,-0.03422058,0.45136679999999996,0.10585150000000002,-0.02803475,0.4912789000000001,0.101133,-0.02170867,0.5142156,0.09790011,-0.01407823,0.5279371,0.09650721,-0.04290403,0.44350969999999995,0.08291162,-0.0398837,0.47898609999999997,0.07417869,-0.03482352,0.5003523,0.06820174,-0.02783488,0.5133693,0.08149979,-0.04855256,0.432539,0.05916582,-0.04834446,0.45280929999999997,0.04652509,-0.04559222,0.46334440000000005,0.03560387,-0.03961298,0.4711648,0.11699580000000001,-0.04353435,0.43030920000000006,0.13324489999999997,-0.08589545,0.3786328,0.1491578,-0.06011076,0.3878905,0.2571051,-0.25505059999999996,0.2518765,0.1572736,-0.08541531,0.37779559999999995,0.1216022,-0.10329110000000001,0.36679429999999996,0.2749408,-0.2461127,0.2573771,0.2392694,-0.2639885,0.24637579999999998
34,17:16:30.434 PM,0.17070739999999998,-0.02861314,0.41201109999999996,0.18259389999999998,-0.007821053,0.4285117,0.1871982,0.008005038,0.43977559999999993,0.1320945,-0.02492559,0.4508969,0.134356,-0.01488824,0.48606990000000005,0.1352079,-0.006191461999999999,0.5047438,0.1353238,0.002963483,0.516083,0.11359369999999999,-0.03251959,0.44908990000000004,0.1055351,-0.02471277,0.4886445,0.1005645,-0.01739053,0.5112286,0.09713021,-0.009246886,0.5246014,0.09671415,-0.04168287,0.44143279999999996,0.08290458,-0.03739853,0.4766955,0.07401184,-0.03163335,0.49781559999999997,0.06789078,-0.02436088,0.5106081,0.08183108,-0.04786898,0.4305835,0.05940367,-0.0471517,0.4507387,0.04668778,-0.04402846,0.4610781,0.0356767,-0.03791653,0.4686665,0.1172528,-0.04236795,0.42831309999999995,0.13419389999999998,-0.08588086,0.3777906,0.14980339999999998,-0.05963294,0.3864695,0.2582769,-0.25636570000000003,0.2530499,0.1582116,-0.08524882,0.3767591,0.1225846,-0.1035614,0.366348,0.27609040000000007,-0.24720949999999997,0.2582554,0.2404634,-0.265522,0.2478444
35,17:16:30.476 PM,0.17061120000000002,-0.02689359,0.4113615,0.18198670000000003,-0.005842775,0.42789440000000006,0.1863944,0.01002273,0.43918149999999995,0.1316539,-0.02395488,0.44994570000000006,0.1332882,-0.01329,0.48496880000000003,0.1337435,-0.00447093,0.5035995,0.1335346,0.004621074,0.514988,0.113364,-0.03202812,0.4480692,0.1046652,-0.02360603,0.48736140000000006,0.09925922,-0.01597171,0.5097417000000001,0.09547561,-0.00779748,0.5230014000000001,0.09676716,-0.04165062,0.44035749999999996,0.08251865,-0.0369267,0.475389,0.07331030000000001,-0.03102903,0.4963367,0.0669164,-0.02387743,0.5090639,0.08210709,-0.04825778,0.4294528,0.05948582,-0.04766795,0.4493943,0.04662465,-0.04461506,0.45957370000000003,0.0354148,-0.03879383,0.46709929999999994,0.117388,-0.04185785,0.42735100000000004,0.13561089999999998,-0.08523864,0.3771427,0.15059879999999998,-0.05843972,0.3857506,0.262086,-0.2559879,0.25519749999999997,0.15962020000000002,-0.08431324,0.3761379,0.12424919999999999,-0.10323900000000001,0.36595300000000003,0.2797715,-0.24652510000000002,0.26029,0.24440050000000002,-0.2654508,0.25010509999999997
36,17:16:30.512 PM,0.1702384,-0.02537729,0.4103395,0.1811745,-0.004047975,0.42681179999999996,0.18553270000000002,0.01186648,0.4380491,0.131205,-0.02333722,0.44888199999999995,0.1324971,-0.01241328,0.48383950000000003,0.13273610000000002,-0.003500417,0.5024295999999999,0.1323567,0.005596235,0.51381,0.1130468,-0.03167312,0.44687899999999997,0.10417930000000002,-0.02293159,0.48606359999999993,0.09865068,-0.01505797,0.5083306,0.09477388,-0.0068368019999999995,0.5215343,0.0966424,-0.04152891,0.439051,0.08229974,-0.03656252,0.47401040000000005,0.07301431,-0.03046827,0.4948675,0.06656032,-0.02327518,0.5075409000000001,0.08215193,-0.04833902,0.42804490000000006,0.05918776,-0.04762806,0.44758640000000005,0.046135199999999994,-0.04444608,0.4574785,0.03476253,-0.03864802,0.4647741,0.1173495,-0.0414269,0.42618090000000003,0.1365124,-0.08456324,0.37611209999999995,0.1510711,-0.05749249,0.3847893,0.2656677,-0.2547563,0.25621550000000004,0.1605175,-0.08339192,0.3752775,0.1254229,-0.1027539,0.3649571,0.283215,-0.24507529999999997,0.2613757,0.24812039999999996,-0.2644373,0.2510553
37,17:16:30.559 PM,0.1701811,-0.02388644,0.4097542,0.1805726,-0.00231126,0.4262589,0.1850875,0.01355943,0.4374964,0.1312927,-0.02259685,0.44806949999999995,0.13233370000000003,-0.01159786,0.48301190000000005,0.1324685,-0.0027173909999999996,0.5016185999999999,0.13206289999999998,0.006274864000000001,0.5130808,0.1131597,-0.03091651,0.4457902,0.1042507,-0.02185127,0.4848918,0.09873381,-0.01378062,0.5070912000000001,0.09491419,-0.005604982,0.5203397,0.09685683,-0.04073171,0.4377032,0.08248051,-0.03529328,0.4725785,0.07321826,-0.0288409,0.49333809999999995,0.06683649,-0.02153322,0.5059825,0.08251099,-0.04748842,0.42647690000000005,0.05892128,-0.04606345,0.44521819999999995,0.04559982,-0.0424208,0.45457890000000006,0.03407462,-0.0363978,0.4614402,0.1177327,-0.04058304,0.4251092000000001,0.1375539,-0.08358419,0.375191,0.15199400000000002,-0.05648471,0.38409920000000003,0.2682143,-0.254945,0.2586344,0.16157320000000003,-0.08248883,0.37475820000000004,0.1266008,-0.1018156,0.36396809999999996,0.28570059999999997,-0.2452815,0.2640294,0.2507281,-0.2646084,0.2532394
38,17:16:30.626 PM,0.16839690000000002,-0.01704626,0.40541869999999997,0.1797287,0.004286841,0.421616,0.18580560000000002,0.01970564,0.43274579999999996,0.1316493,-0.01784068,0.4440317,0.132779,-0.005472586,0.4785102,0.1329221,0.004168272,0.49673429999999996,0.1325345,0.01338923,0.5080139,0.11369449999999999,-0.02653456,0.4417387,0.10584890000000001,-0.015907499999999998,0.4806742,0.10096580000000001,-0.006826341,0.5026301999999999,0.09758855,0.001572743,0.5158590999999999,0.09760928,-0.03669578,0.4336434,0.08414946,-0.02975349,0.46861709999999995,0.07548032,-0.02222925,0.4892715999999999,0.06953027,-0.01453938,0.5018998,0.08342282,-0.04376423,0.42240659999999997,0.05929634,-0.04068246,0.4402432,0.04580651,-0.0361124,0.4489315,0.03421345,-0.02964446,0.4552521,0.11849739999999999,-0.03613962,0.4210812,0.13925320000000002,-0.07890934,0.3713478,0.1531422,-0.05140296,0.3801509,0.27294619999999997,-0.24960029999999997,0.2572743,0.1632537,-0.07744419,0.3709754,0.1286219,-0.09744357,0.36031290000000005,0.29026209999999997,-0.2396006,0.2626055,0.2556303,-0.2596,0.251943
39,17:16:30.667 PM,0.1667039,-0.006596833000000001,0.39322870000000004,0.17610379999999998,0.01719846,0.4070535,0.18041500000000002,0.03427269,0.4164488,0.1325885,-0.0073121340000000005,0.43333180000000004,0.1333186,0.007372126,0.46690020000000004,0.13312829999999998,0.01805894,0.4845304,0.1323781,0.02786477,0.4952858,0.11500439999999999,-0.01691502,0.4319947,0.1076048,-0.0037030279999999997,0.47021940000000007,0.1028771,0.006670609,0.49162959999999994,0.09950512,0.01560779,0.5045021,0.09927402,-0.02833571,0.42495020000000006,0.08649677,-0.01819849,0.45939430000000003,0.07812082,-0.008514449,0.4792532,0.07229983,0.0003187805,0.4911725,0.08526185,-0.03682999,0.41451109999999997,0.06078934,-0.03197116,0.4314575,0.04713001,-0.0262395,0.4391313,0.03543078,-0.01901539,0.4443362,0.11994569999999999,-0.02783051,0.4120328,0.14174479999999998,-0.07323852,0.36511869999999996,0.1546722,-0.04462747,0.3717782,0.27825259999999996,-0.2457331,0.2572677,0.1656578,-0.07097891,0.3639452,0.1314826,-0.09274760000000001,0.35550709999999996,0.2953402,-0.2348488,0.2614868,0.26116500000000004,-0.2566174,0.2530487
40,17:16:30.698 PM,0.1672499,0.0057884009999999994,0.37801999999999997,0.17510520000000002,0.03129481,0.3895868,0.17715029999999998,0.04962178,0.3972456,0.13460360000000002,0.005114034,0.4199594,0.1345039,0.02075435,0.45310200000000006,0.13361389999999998,0.0323125,0.4701531,0.13217379999999998,0.04289673,0.48007040000000006,0.11729160000000002,-0.005037560999999999,0.4192718,0.10911019999999999,0.009337053,0.4569144,0.1037124,0.02087547,0.47755829999999994,0.0997835,0.03075747,0.48955519999999997,0.1018383,-0.01723866,0.41295740000000003,0.0885879,-0.004448845999999999,0.44632740000000004,0.07979573,0.0071835069999999996,0.46492570000000005,0.07367389999999999,0.01722847,0.47568279999999996,0.08799091,-0.02664027,0.40309,0.06308276,-0.0211301,0.41918249999999996,0.04920335,-0.01462144,0.4257687,0.03748185,-0.006604433000000001,0.42958549999999995,0.1223815,-0.01679979,0.3998343,0.1449749,-0.06409069999999999,0.3551801,0.15724749999999998,-0.03461294,0.36014050000000003,0.2820424,-0.2420875,0.2574251,0.16884870000000002,-0.0616872,0.3535778,0.1348078,-0.08429389,0.34700690000000006,0.29906279999999996,-0.23078420000000002,0.2607106,0.26502190000000003,-0.25339090000000003,0.25413969999999997
41,17:16:30.732 PM,0.1695718,0.02162246,0.35551259999999996,0.17356960000000002,0.04935978,0.363302,0.1716696,0.0686308,0.3681644,0.138347,0.02241026,0.4002542,0.13703110000000002,0.04043312,0.4321380999999999,0.1348765,0.05383243,0.4476611,0.13219589999999998,0.06560515,0.4558253,0.12159500000000001,0.01136713,0.401074,0.1117402,0.028060900000000003,0.43733409999999995,0.1047433,0.04188715,0.4559982,0.09947725,0.05349804,0.4657175,0.10662560000000001,-0.002109095,0.3963966,0.09059501,0.01777185,0.42471329999999996,0.0798268,0.03615774,0.4350819,0.07282477,0.05022021,0.4381893,0.09299237,-0.01302677,0.3878838,0.06783818,-0.007777572,0.4036778,0.05359689,-0.001241937,0.40940740000000003,0.04171312,0.007149577,0.41154090000000004,0.12667799999999999,-0.001764432,0.3825321,0.1499859,-0.05186899,0.34137449999999997,0.1611465,-0.02115691,0.3432333,0.2849188,-0.23815920000000002,0.2570288,0.1737351,-0.04945911,0.3384645,0.13973010000000002,-0.0729079,0.33584990000000003,0.30192129999999995,-0.2264348,0.2583361,0.2679164,-0.2498836,0.2557215
42,17:16:30.763 PM,0.16432839999999999,0.03414412,0.3294808,0.162253,0.06293975,0.3325657,0.1535083,0.08059894,0.3348111,0.14177179999999998,0.03792782,0.3789857,0.1396694,0.06012355,0.4080614,0.1358437,0.07575546,0.4209387,0.1313106,0.08836643,0.4266420999999999,0.1264604,0.02576704,0.3834765,0.115684,0.04725753,0.4168174,0.10661889999999999,0.0643207,0.43145320000000004,0.09948277,0.07733034,0.43744520000000003,0.11243550000000001,0.01062229,0.3826071,0.09350141,0.03661694,0.4030462,0.0807501,0.05648346,0.4024348,0.07341519,0.06895541,0.3957874,0.09897638,-0.002393857,0.3774777,0.07485402,0.0062292369999999994,0.393369,0.06112359,0.01510189,0.3966228,0.05010973,0.02477519,0.3955395,0.13037200000000002,0.01076317,0.3661149,0.15270699999999998,-0.04261015,0.3286525,0.1611835,-0.01077375,0.3249599,0.28659029999999996,-0.2350049,0.2573904,0.17571979999999998,-0.03982505,0.3222474,0.1430825,-0.06463473,0.32793140000000004,0.30290900000000004,-0.22260010000000002,0.2545484,0.2702717,-0.2474097,0.26023240000000003
43,17:16:30.793 PM,0.1491655,0.03785433,0.30361170000000004,0.13523,0.06333046,0.3053479,0.1194557,0.07502674,0.30896009999999996,0.145482,0.04935975,0.354003,0.1414099,0.07708419999999999,0.3776306,0.1340495,0.09447439,0.3859267,0.1261521,0.1065683,0.387928,0.1335019,0.03682469,0.3641432,0.121143,0.06680198,0.3894492,0.1082407,0.08659346,0.39505,0.09825207,0.09912883,0.39436170000000004,0.12191099999999999,0.02049194,0.36930830000000003,0.1003559,0.04965125,0.3810723,0.08499146,0.06429116,0.37063229999999997,0.07690128,0.06965436,0.3579623,0.1095614,0.005497739000000001,0.3699252,0.08750089,0.02197598,0.3822545,0.07533480000000001,0.03279133,0.3785381,0.06721412,0.04109333,0.3694783,0.135262,0.01927803,0.3489389,0.1550078,-0.03822418,0.316331,0.15820879999999998,-0.006508811999999999,0.3051502,0.2851442,-0.23613510000000001,0.25373429999999997,0.1754807,-0.03599788,0.3039132,0.1475486,-0.06024156,0.3224891,0.2991103,-0.2240132,0.24444629999999998,0.27117820000000004,-0.2482569,0.26302220000000004
44,17:16:30.824 PM,0.1446676,0.03301759,0.27591740000000003,0.1280833,0.05690889,0.2757763,0.1123943,0.06833346,0.2804486,0.1511718,0.05912702,0.3167225,0.1382207,0.09213053,0.32549079999999997,0.1234346,0.10605940000000001,0.3234508,0.1111923,0.11240410000000002,0.3190996,0.1430234,0.05021469,0.33274440000000005,0.1230736,0.08542298,0.339213,0.1041247,0.09743144,0.3303738,0.09209393,0.09866987,0.32037129999999997,0.13453489999999999,0.036129400000000006,0.34524770000000005,0.10642269999999998,0.06104125,0.3393127,0.09112663,0.05978395,0.32147370000000003,0.08598575,0.05230214,0.3085085,0.1241777,0.02184267,0.3533384,0.1013389,0.04126979,0.3509453,0.09206493,0.04292233,0.33727979999999996,0.08922414,0.03876032,0.3235518,0.1431267,0.02879505,0.3236617,0.1604659,-0.03539146,0.3053715,0.15831270000000003,-0.009047656999999999,0.28568790000000005,0.28613459999999996,-0.2387085,0.2516241,0.17641310000000002,-0.03553636,0.2873725,0.1570855,-0.05557827,0.31799570000000005,0.2957984,-0.2286875,0.23631239999999998,0.2764708,-0.2487294,0.2669357
45,17:16:30.853 PM,0.1500589,0.02972238,0.2586154,0.13235870000000002,0.0527436,0.256977,0.1169133,0.06500573,0.2600895,0.15919679999999997,0.06196271,0.29044050000000005,0.13093849999999999,0.08376829,0.2818766,0.11514,0.07713898,0.2702746,0.1080778,0.06697230000000001,0.2624807,0.1508231,0.05611588,0.3077307,0.1197632,0.07702415,0.2905796,0.10610150000000002,0.0657572,0.2739167,0.1016529,0.05344091,0.2646396,0.1420483,0.04455863,0.3224611,0.1127953,0.05464171,0.3001406,0.1064029,0.03856237,0.283973,0.1087768,0.0241947,0.2774192,0.1314254,0.03205146,0.3328644,0.1103998,0.04431121,0.31500009999999995,0.1062844,0.03563394,0.30131979999999997,0.1081359,0.02368347,0.2929018,0.1506443,0.03341655,0.3025493,0.1669915,-0.03306352,0.29477270000000005,0.165452,-0.01075184,0.27190770000000003,0.28685520000000003,-0.2413339,0.2470321,0.1819549,-0.03456002,0.2760065,0.16401459999999998,-0.05239405,0.3087649,0.2958254,-0.23241689999999998,0.2306529,0.277885,-0.2502509,0.26341129999999996
46,17:16:30.884 PM,0.1586596,0.02475987,0.24175679999999997,0.1417467,0.04700534,0.23376039999999998,0.12606689999999998,0.059291199999999995,0.2326282,0.15741010000000003,0.06085761,0.27029109999999995,0.1268948,0.05931003,0.25024050000000003,0.12739,0.0397874,0.244067,0.1356348,0.027990300000000003,0.2454189,0.1476738,0.05679198,0.28737429999999997,0.11940139999999999,0.05118297,0.258175,0.1234868,0.02777915,0.2538837,0.1331308,0.01625241,0.2591137,0.1382506,0.04669859,0.3027637,0.11444589999999999,0.03973667,0.2738518,0.12188210000000001,0.01772569,0.2698202,0.1327294,0.007848918,0.2759475,0.1275385,0.03488539,0.3138625,0.1104289,0.03468819,0.289055,0.1143068,0.01994447,0.2823785,0.1231203,0.00874351,0.2857648,0.14977820000000003,0.03367029,0.28568940000000004,0.1711582,-0.03165132,0.287981,0.171128,-0.01286307,0.26364790000000005,0.2946284,-0.23895789999999997,0.24555149999999998,0.1868258,-0.03307325,0.26979309999999995,0.1678375,-0.05096004,0.301926,0.30412259999999997,-0.2300145,0.229485,0.2851343,-0.2479013,0.26161799999999996
47,17:16:30.912 PM,0.1633871,0.02637853,0.2298535,0.148045,0.048607300000000006,0.21906599999999998,0.1330036,0.06129427,0.21569899999999997,0.15412060000000002,0.06234787,0.2580682,0.1274249,0.04953314,0.23648270000000002,0.13525050000000002,0.03046922,0.2359493,0.1471703,0.02487911,0.24218620000000002,0.1443438,0.05815969,0.2751002,0.11872830000000001,0.04531743,0.2456154,0.1295444,0.02361913,0.24563829999999998,0.14168029999999998,0.01712318,0.2538429,0.13537190000000002,0.0479282,0.2906672,0.11293399999999999,0.037875099999999995,0.261547,0.12372939999999999,0.01688392,0.2604508,0.1354726,0.009492381999999999,0.2682907,0.125339,0.03573276,0.301985,0.1094088,0.03217052,0.2766225,0.11658489999999999,0.01750202,0.27320959999999994,0.1267831,0.009238884000000001,0.2798329,0.1482255,0.03521739,0.2743073,0.1737619,-0.02845581,0.2788486,0.1735129,-0.01031247,0.25440589999999996,0.296782,-0.23519,0.2324928,0.1893864,-0.02958357,0.26060279999999997,0.1704393,-0.04800146,0.2924589,0.30625559999999996,-0.225981,0.2165647,0.2873085,-0.2443989,0.2484208
48,17:16:30.944 PM,0.15936229999999998,0.02839901,0.2167165,0.1421821,0.04930906,0.2060754,0.12636689999999998,0.06117107,0.2033218,0.1461148,0.06393062,0.24487399999999998,0.11805810000000001,0.04758216,0.2279071,0.1285486,0.02983852,0.22759720000000003,0.14165250000000001,0.02538307,0.23215039999999998,0.13921340000000001,0.0598828,0.26328559999999995,0.1115971,0.04240112,0.23835949999999997,0.12484260000000001,0.02209018,0.23788589999999998,0.13847179999999998,0.01617314,0.24388920000000003,0.1336089,0.04982843,0.2804531,0.10885750000000001,0.03548385,0.25528629999999997,0.12176089999999999,0.01574703,0.2538062,0.13512570000000002,0.009638741999999999,0.2599635,0.12662839999999997,0.03742494,0.29366820000000005,0.1079978,0.03051721,0.2709881,0.1167867,0.01666458,0.267963,0.1286182,0.009802952,0.27334590000000003,0.145577,0.03749104,0.2631632,0.1775724,-0.02320127,0.2672051,0.1731043,-0.006303876999999999,0.2423667,0.2902823,-0.2328242,0.2091613,0.1902055,-0.02507934,0.24683070000000001,0.17621040000000002,-0.04228549,0.2817751,0.29727990000000004,-0.22422110000000003,0.1916891,0.2832848,-0.24142719999999998,0.22663339999999998
49,17:16:30.973 PM,0.1555271,0.03029405,0.2063869,0.136192,0.04985191,0.1969278,0.1193701,0.06049712,0.19543929999999998,0.13954370000000002,0.06448169,0.23498200000000002,0.11151989999999998,0.04550032,0.2209342,0.1229722,0.02839364,0.21979980000000002,0.1365251,0.02397691,0.222834,0.134627,0.06040414,0.2540188,0.1067224,0.03973506,0.2320067,0.1217021,0.02069153,0.2308614,0.13620629999999997,0.01573341,0.2355502,0.1314465,0.05042441,0.2718453,0.1060752,0.03312914,0.24926990000000002,0.1201001,0.01428297,0.2467215,0.13440339999999998,0.009247825,0.2516265,0.1267825,0.03785877,0.28591,0.10704260000000002,0.02855088,0.26509190000000005,0.1165519,0.01535113,0.2613928,0.12929069999999998,0.009186313,0.26537849999999996,0.1429986,0.03868012,0.25387170000000003,0.17966279999999998,-0.01931474,0.2563553,0.17259860000000002,-0.003091499,0.23179349999999999,0.27909490000000003,-0.2329426,0.1892939,0.1899876,-0.02178314,0.2347774,0.17928110000000003,-0.03820911,0.2712271,0.2844482,-0.22472960000000003,0.171069,0.2737416,-0.2411556,0.2075187
50,17:16:31.006 PM,0.1543138,0.03129368,0.19975520000000002,0.1342807,0.05016975,0.1903616,0.11716030000000001,0.0602857,0.1886019,0.13580820000000002,0.06414644,0.22774120000000003,0.1091357,0.04365055,0.2131998,0.12073039999999999,0.02664922,0.2119334,0.1342092,0.02194916,0.2148725,0.1307694,0.05981739,0.24669059999999998,0.1042806,0.0378923,0.22415079999999998,0.1193981,0.01894836,0.22320229999999996,0.1338991,0.01435332,0.22825399999999998,0.12776600000000002,0.04967679,0.26445749999999996,0.1036318,0.031220299999999996,0.2414491,0.11818479999999999,0.01279645,0.238775,0.13261889999999998,0.008356005,0.2438685,0.12346760000000001,0.03688703,0.27843709999999994,0.1045479,0.02667479,0.2572839,0.11415750000000001,0.01368284,0.2531348,0.12702819999999998,0.0076456219999999995,0.2568874,0.14016660000000003,0.03851609,0.2466791,0.17876489999999998,-0.01814987,0.2500158,0.1720905,-0.0017750560000000001,0.22509369999999998,0.271125,-0.23716900000000002,0.1906825,0.1893187,-0.02162369,0.22868850000000002,0.1774471,-0.03657796,0.2654098,0.27706090000000005,-0.22969179999999997,0.1723218,0.2651892,-0.24464610000000003,0.2090431
51,17:16:31.039 PM,0.15264589999999997,0.03039558,0.19765639999999998,0.13238250000000001,0.04889123,0.1880044,0.1151082,0.05866189,0.1858444,0.1331781,0.06262799,0.22481149999999997,0.10757089999999998,0.041575,0.20918879999999998,0.1190377,0.02448665,0.20792960000000002,0.1324191,0.01971586,0.21118320000000004,0.1275811,0.05803458,0.2435409,0.1024462,0.035901199999999994,0.2196911,0.1165886,0.01622637,0.220818,0.1303976,0.01154518,0.2274775,0.12417249999999999,0.04768084,0.2611108,0.1010178,0.02917279,0.2371556,0.11591099999999999,0.01098754,0.2347322,0.1302511,0.006859049,0.24032889999999998,0.11965129999999999,0.03468694,0.27482940000000006,0.1013072,0.02472441,0.2530585,0.1108365,0.01175028,0.248675,0.12364389999999999,0.005716756,0.25264380000000003,0.13739,0.03692009,0.243677,0.17661210000000002,-0.01925722,0.2481536,0.170818,-0.002552912,0.2228694,0.266507,-0.2414203,0.1973322,0.18790639999999997,-0.02343354,0.22733760000000003,0.17430739999999997,-0.037297199999999996,0.2638875,0.2733065,-0.2344884,0.17905729999999997,0.2597075,-0.24835210000000002,0.2156071
52,17:16:31.072 PM,0.1523496,0.02960758,0.1973279,0.1320317,0.04787044,0.1873466,0.1146039,0.05728780000000001,0.18485610000000002,0.1325159,0.06180231,0.22348710000000002,0.10700799999999999,0.04186304,0.20629389999999997,0.11808139999999999,0.02451409,0.20506239999999998,0.13131070000000003,0.01976775,0.20893299999999998,0.125927,0.05699582,0.24184410000000003,0.1016192,0.03575225,0.21636509999999998,0.11540689999999999,0.01584212,0.21776379999999998,0.1288337,0.01098892,0.22506289999999998,0.1215694,0.04643644,0.2590865,0.09910386,0.02892022,0.2337536,0.1138713,0.01058646,0.23169009999999998,0.1278851,0.006132558000000001,0.2378492,0.1162958,0.03328829,0.272391,0.09861247,0.02423178,0.2496862,0.1080133,0.01114732,0.24535120000000002,0.12052529999999999,0.004737362,0.24966929999999998,0.13566070000000002,0.03584863,0.2422346,0.1742136,-0.02066204,0.24838870000000002,0.1700402,-0.0034741909999999997,0.22272060000000002,0.26251220000000003,-0.2448346,0.20397300000000002,0.1866833,-0.02516348,0.22832449999999999,0.1705737,-0.03857785,0.2640114,0.270567,-0.2381274,0.1861296,0.2544574,-0.2515418,0.2218165
53,17:16:31.105 PM,0.1482764,0.02907057,0.19681220000000002,0.12711019999999998,0.04682706,0.1877249,0.10934680000000001,0.05580477,0.18617360000000002,0.1303567,0.06156279,0.2234609,0.10416580000000002,0.04129048,0.2077734,0.1151891,0.02396168,0.2059607,0.128591,0.01913424,0.20904160000000002,0.12480129999999999,0.05681394,0.242164,0.09927607,0.03534330000000001,0.21812329999999996,0.1132879,0.01555656,0.2188551,0.1271364,0.01093568,0.22547489999999998,0.1214902,0.04633252,0.2596768,0.09782489,0.02851005,0.23570059999999998,0.11269089999999998,0.01034395,0.23298460000000001,0.1270608,0.006128728000000001,0.23843879999999998,0.1170927,0.03322123,0.2733239,0.09822997,0.02394868,0.2516917,0.1075615,0.01094633,0.2469786,0.1203828,0.00486733,0.25083160000000004,0.1348144,0.03579496,0.2421881,0.1743543,-0.02022344,0.24694539999999998,0.16862729999999998,-0.003239036,0.22117470000000003,0.2608116,-0.2463665,0.2094393,0.18591370000000002,-0.02569747,0.2265806,0.1714407,-0.03736371,0.2635597,0.26804809999999996,-0.24053339999999998,0.19094979999999998,0.2535751,-0.2521996,0.2279289
54,17:16:31.139 PM,0.1467463,0.02906664,0.19829770000000002,0.1252895,0.04660393,0.18947039999999998,0.1073825,0.05531992,0.18808770000000002,0.129219,0.06128795,0.2255654,0.1031763,0.04104032,0.2096015,0.11431400000000001,0.02382632,0.20743000000000003,0.12776569999999998,0.01905535,0.21037899999999998,0.12376969999999998,0.05615731,0.2441988,0.09841652,0.03481151,0.2198665,0.1126844,0.01519917,0.2202723,0.1266062,0.01068667,0.2268127,0.120611,0.04533638,0.2615323,0.09712112,0.02762373,0.2373036,0.112228,0.009702578,0.23430389999999998,0.1266573,0.005621389,0.2397026,0.1163761,0.03194533,0.2749574,0.0975759,0.02282725,0.2532054,0.1071238,0.01003766,0.2483458,0.12004010000000001,0.004175365,0.2522171,0.13396770000000002,0.03523095,0.2438147,0.1739922,-0.02055638,0.24771679999999996,0.1680513,-0.0031206159999999997,0.2219974,0.2619286,-0.2465151,0.2126178,0.1857188,-0.02613017,0.22747489999999998,0.1710593,-0.03757845,0.2644487,0.2692584,-0.2407909,0.1941309,0.25459879999999996,-0.25223920000000005,0.2311047
55,17:16:31.171 PM,0.15073889999999998,0.02842243,0.20259229999999998,0.1306367,0.04679193,0.192383,0.11321689999999998,0.05611132,0.18952339999999998,0.13233910000000002,0.06095047,0.2290013,0.1071395,0.04272984,0.20961649999999998,0.11788139999999998,0.02519156,0.20817600000000003,0.1307952,0.02005558,0.21255949999999998,0.12465250000000001,0.05553089,0.2467402,0.1012016,0.03617586,0.2190697,0.11447269999999998,0.01591466,0.22036020000000003,0.1273708,0.01051269,0.2281922,0.1191259,0.0443583,0.26323379999999996,0.09769569,0.02851643,0.2359923,0.1122445,0.009999603000000001,0.2340469,0.1257924,0.004988,0.24077600000000002,0.11284369999999999,0.03079055,0.27563699999999997,0.09608763,0.02334811,0.251691,0.1054952,0.010250200000000001,0.24741590000000002,0.11760639999999999,0.003446162,0.2522278,0.133875,0.0341544,0.24671929999999997,0.171101,-0.02336136,0.2527929,0.1683771,-0.005134329,0.22737179999999999,0.2639265,-0.2469366,0.2151213,0.1850029,-0.02779138,0.23367710000000003,0.1664816,-0.04128885,0.2681416,0.2731872,-0.24018789999999998,0.1978891,0.2546659,-0.2536853,0.2323536
56,17:16:31.199 PM,0.15475339999999999,0.02847715,0.2064746,0.1364128,0.04810186,0.19532420000000003,0.11979690000000001,0.05841734,0.19132000000000002,0.13619360000000003,0.06136574,0.23372359999999998,0.1113296,0.046205800000000005,0.2114791,0.1210942,0.02811559,0.2099062,0.1331818,0.02157761,0.21475679999999997,0.1267502,0.05560867,0.2504826,0.1039866,0.04011045,0.21995610000000002,0.11554949999999999,0.01880451,0.22079479999999999,0.1273644,0.01184946,0.22909920000000003,0.11922529999999999,0.04403998,0.265878,0.09867878,0.03165238,0.2362682,0.1120991,0.01229836,0.23434639999999998,0.1247115,0.005737081,0.24154789999999998,0.111151,0.03032218,0.2770169,0.09574810000000002,0.02549253,0.2515404,0.1047376,0.0120406,0.2474678,0.11596300000000001,0.004152954,0.2527543,0.1346849,0.03372405,0.250098,0.1684066,-0.0259625,0.2562374,0.1683428,-0.006684720999999999,0.23158320000000004,0.265744,-0.2473212,0.21689539999999996,0.1840713,-0.02944879,0.23832729999999996,0.1624756,-0.04461209,0.2702133,0.27654179999999995,-0.23973960000000002,0.20095239999999998,0.2549461,-0.2549029,0.2328384
57,17:16:31.230 PM,0.15878810000000002,0.02935724,0.21020650000000002,0.1422648,0.04997741,0.1980559,0.1266104,0.06116422,0.1927344,0.1390942,0.06184728,0.24034470000000002,0.1147328,0.05076484,0.21531279999999997,0.1238667,0.03247102,0.21267199999999997,0.13502070000000002,0.02412038,0.2169399,0.12820910000000002,0.05516343,0.255838,0.10634849999999998,0.04500829,0.22253240000000002,0.1167016,0.02308325,0.2218504,0.1275741,0.01475711,0.23018160000000001,0.11916099999999999,0.04272388,0.2696542,0.09961751,0.03491165,0.23788270000000003,0.1122491,0.01515864,0.2349475,0.12402089999999999,0.006893754,0.2418101,0.10982750000000001,0.02849309,0.2790264,0.09570457,0.02712567,0.25241199999999997,0.10468989999999999,0.01367727,0.24831999999999999,0.1151738,0.004767865,0.25350229999999996,0.1354665,0.03309529,0.254297,0.16744610000000001,-0.02775045,0.25834179999999995,0.16918450000000002,-0.006977484,0.23517190000000002,0.2774062,-0.241957,0.2131526,0.1847567,-0.02936846,0.24172800000000003,0.1611315,-0.0475531,0.27043670000000003,0.2892188,-0.23286469999999998,0.19879829999999998,0.2655936,-0.2510493,0.22750700000000001
58,17:16:31.259 PM,0.1589361,0.02817105,0.2120766,0.1428603,0.04871927,0.199223,0.1273148,0.05989175,0.1935614,0.1396356,0.06143625,0.2436841,0.1144624,0.05177231,0.21886599999999998,0.1231354,0.03334968,0.2156304,0.13398729999999998,0.02428447,0.21916010000000002,0.128771,0.05474295,0.2591882,0.1061906,0.04599859,0.2259597,0.11619249999999999,0.0239283,0.2248436,0.126987,0.01518093,0.23283829999999997,0.1196871,0.04228975,0.27296940000000003,0.09953632,0.03546838,0.24134740000000002,0.1117472,0.01554398,0.23784139999999998,0.12344589999999998,0.006821036,0.2442493,0.11028139999999999,0.02807628,0.2822966,0.09572874,0.02746303,0.2558849,0.1044059,0.01393647,0.2514028,0.11477480000000001,0.004516199,0.25586679999999995,0.13583699999999999,0.03262554,0.2574705,0.1678114,-0.02822298,0.2608286,0.169127,-0.007601425,0.2379235,0.2877823,-0.23576060000000001,0.21026420000000004,0.1850918,-0.02862066,0.2441091,0.1625281,-0.04857907,0.27249159999999994,0.29906409999999994,-0.2257814,0.196073,0.27650040000000004,-0.24573979999999998,0.22445549999999997
59,17:16:31.289 PM,0.1587491,0.02722354,0.2138125,0.1427095,0.04754551,0.20055989999999999,0.1269727,0.05846943,0.1949412,0.14008310000000002,0.06131096,0.2464308,0.11437760000000001,0.05266364,0.22178289999999998,0.12199569999999998,0.03372858,0.2188518,0.1322886,0.02406548,0.22247199999999998,0.1293883,0.05473338,0.2621021,0.1060877,0.04651411,0.2292377,0.1158019,0.02432941,0.22787420000000003,0.1265933,0.01528449,0.2355353,0.1204104,0.04237922,0.27604140000000005,0.09960574,0.03590043,0.24477190000000001,0.11151589999999999,0.01584668,0.24097939999999998,0.12323510000000001,0.00701803,0.2472024,0.1110369,0.02825551,0.28553649999999997,0.09598566,0.02789296,0.2594004,0.10442190000000001,0.01428284,0.2547154,0.11475539999999998,0.004690215,0.25888479999999997,0.13627720000000001,0.03256308,0.2603464,0.1682909,-0.02823083,0.2632735,0.1690152,-0.007944405,0.2404485,0.2962965,-0.2295857,0.2076166,0.185283,-0.02763323,0.24626679999999998,0.16409939999999998,-0.04896393,0.2747145,0.3068884,-0.21892039999999996,0.1933927,0.2857047,-0.2402511,0.22184050000000002
60,17:16:31.318 PM,0.157386,0.02535628,0.21551550000000003,0.14098239999999998,0.04523997,0.2020506,0.1249441,0.05587654,0.19674589999999997,0.1400307,0.06083409,0.24843520000000002,0.11333679999999999,0.05224146,0.22485010000000002,0.1202953,0.03298979,0.2224047,0.1304994,0.02331825,0.2262393,0.1298668,0.05476917,0.26465320000000003,0.10528720000000001,0.04596417,0.2328996,0.1147394,0.02365564,0.2317428,0.1257141,0.01465981,0.23919479999999999,0.121306,0.04286887,0.2792303,0.09931756,0.03576769,0.2489285,0.1109132,0.01551233,0.24523620000000002,0.12284149999999999,0.00707823,0.2516012,0.1121712,0.02908783,0.2894292,0.09624046,0.02805759,0.263844,0.1044355,0.01426034,0.2592808,0.1149547,0.005211145,0.2641333,0.1364987,0.03249757,0.2632299,0.16839279999999998,-0.02828714,0.26638540000000005,0.1681356,-0.008821085,0.24322,0.2994639,-0.22652110000000003,0.20684179999999996,0.1846514,-0.02736096,0.24869059999999998,0.16524129999999998,-0.04903672,0.2781258,0.3091689,-0.21568320000000005,0.19212420000000002,0.2897588,-0.23735900000000001,0.22155940000000002
61,17:16:31.347 PM,0.1561415,0.0238937,0.2185104,0.1392187,0.04329114,0.2049741,0.1229547,0.05365656,0.199818,0.13880420000000002,0.06001483,0.25159940000000003,0.11162160000000002,0.04964112,0.2293165,0.11987439999999999,0.03097118,0.2264165,0.13124439999999998,0.02264236,0.23012559999999999,0.1291433,0.05419184,0.268212,0.10399360000000002,0.04404257,0.2373094,0.113804,0.02187033,0.23658160000000003,0.1251287,0.01338322,0.2441098,0.1210888,0.0425147,0.28325490000000003,0.09856046,0.03423853,0.2536488,0.1103927,0.01406689,0.25025990000000004,0.1226586,0.006470203000000001,0.25703089999999995,0.1123553,0.02886556,0.29397470000000003,0.09597748,0.02676748,0.2687339,0.10433800000000001,0.01298316,0.26443890000000003,0.11519089999999998,0.004989639000000001,0.27031279999999996,0.1359215,0.03194885,0.2670442,0.16841660000000003,-0.02847202,0.2703346,0.1673433,-0.009507209,0.24697950000000002,0.2997032,-0.2253633,0.2069334,0.1840401,-0.02741962,0.25208339999999996,0.1659217,-0.04921355,0.2822458,0.30876240000000005,-0.2144663,0.19185220000000003,0.290644,-0.2362603,0.2220146
62,17:16:31.378 PM,0.1545908,0.02353193,0.22390079999999998,0.1381319,0.04380195,0.2110935,0.12213099999999999,0.0548764,0.20664320000000003,0.1386002,0.05985229,0.2572012,0.1109393,0.04892661,0.23579029999999998,0.1190434,0.03015037,0.2331757,0.130749,0.02249365,0.2372696,0.1293579,0.0544311,0.2741829,0.1030535,0.04411547,0.2443181,0.1125817,0.02182959,0.2433913,0.1241039,0.01333347,0.2505988,0.1214638,0.04309826,0.2895696,0.09798533,0.03478138,0.2607253,0.1091006,0.01423995,0.25715079999999996,0.12137300000000001,0.0064555409999999995,0.26368959999999997,0.11266760000000002,0.029800099999999996,0.30067150000000004,0.09547894,0.02786462,0.275964,0.103021,0.01378351,0.2711579,0.113798,0.005375534,0.2765677,0.135329,0.03196605,0.2728915,0.166047,-0.02940527,0.2753562,0.1645718,-0.01061894,0.25192960000000003,0.2931925,-0.22799879999999997,0.20891079999999998,0.18106270000000002,-0.02862351,0.2565888,0.1637458,-0.05004638,0.2874791,0.30185100000000004,-0.2172874,0.19346570000000002,0.2845341,-0.23871020000000004,0.224356
63,17:16:31.407 PM,0.1496443,0.0242316,0.22908179999999997,0.13432349999999998,0.0459746,0.2173194,0.119156,0.05852555,0.21401320000000001,0.13882579999999997,0.06189902,0.2615439,0.1082903,0.05389629,0.2429357,0.11305430000000001,0.03417452,0.2392975,0.1237244,0.02461319,0.2419456,0.13058119999999998,0.05774091,0.27937449999999997,0.1005327,0.04999299,0.2524071,0.10716300000000001,0.02688749,0.2491958,0.11835470000000001,0.01666434,0.2544009,0.1230625,0.04753704,0.2957101,0.09622847,0.04161365,0.26930679999999996,0.103653,0.01982518,0.2639871,0.1152296,0.009925887,0.2686667,0.1141384,0.03533496,0.30791409999999997,0.09453510000000001,0.03511865,0.2849953,0.0992281,0.02036695,0.2787821,0.10913579999999999,0.01003049,0.2821112,0.1345689,0.03482504,0.2783785,0.16082449999999998,-0.02861089,0.2807604,0.1584281,-0.01063001,0.2566333,0.2801494,-0.2330863,0.2177294,0.1745888,-0.02917934,0.2610493,0.15899270000000001,-0.04848998,0.2941685,0.28794749999999997,-0.223431,0.20116979999999998,0.2723514,-0.2427417,0.234289
64,17:16:31.428 PM,0.14826789999999998,0.02698211,0.2323724,0.1332814,0.04900865,0.22068579999999996,0.11834220000000001,0.06187402,0.2174877,0.13833270000000003,0.06491013,0.26454279999999997,0.10715539999999998,0.05785446,0.24651260000000003,0.11096929999999999,0.03792764,0.2425141,0.12126669999999999,0.02777974,0.24473850000000003,0.1302629,0.06101592,0.28252109999999997,0.09948967,0.05415605,0.2560612,0.1051,0.03077184,0.2524417,0.11600430000000002,0.02001528,0.2572902,0.1228053,0.05105187,0.29903909999999995,0.09526137,0.045892699999999995,0.2731467,0.10174780000000001,0.02385758,0.26736020000000005,0.1130922,0.01344196,0.2716059,0.11385510000000001,0.03907855,0.31145900000000004,0.09376541,0.03937934,0.28892929999999994,0.09777933,0.02452131,0.2823834,0.1074194,0.01373601,0.2852318,0.133884,0.03802611,0.2816409,0.1566931,-0.02687371,0.2847719,0.15675329999999998,-0.007973537,0.2599028,0.2720008,-0.2357244,0.2280965,0.1695651,-0.02867413,0.2645294,0.15535179999999998,-0.04595835,0.2993469,0.2791075,-0.2270823,0.21068779999999998,0.2648942,-0.2443665,0.24550529999999998
65,17:16:31.456 PM,0.153557,0.03827859,0.2451472,0.1404445,0.06187214,0.23432870000000003,0.1256091,0.07459603,0.2302797,0.1352496,0.06869562,0.27970059999999997,0.11239760000000001,0.09364738,0.266029,0.09765381,0.10004919999999999,0.2537538,0.08926253,0.09549753,0.2437308,0.1240472,0.06110601,0.29450149999999997,0.09695278,0.08584543,0.2764606,0.08161956,0.08921205,0.25893910000000003,0.07628284,0.08157719999999999,0.24652620000000003,0.11426800000000001,0.04787348,0.30698220000000004,0.08645985,0.06835084,0.2913014,0.07326571,0.06777902,0.27254290000000003,0.07235595,0.05817084,0.2604553,0.10405,0.03337829,0.3148593,0.08156144,0.04948078,0.3031498,0.07385512,0.04996951,0.28876929999999995,0.07466413,0.04321904,0.27616599999999997,0.129752,0.03891395,0.29045659999999995,0.1588829,-0.02342309,0.2879203,0.16047170000000002,-0.0009878427,0.2666179,0.2883107,-0.22378009999999998,0.23206729999999998,0.1767384,-0.02238062,0.2718488,0.15397020000000003,-0.04450126,0.2984065,0.29969470000000004,-0.2127198,0.2187884,0.27692659999999997,-0.2348404,0.2453461
66,17:16:31.485 PM,0.15959489999999998,0.04693006,0.2664856,0.1511914,0.07305427,0.2568746,0.13845339999999998,0.087184,0.25082889999999997,0.1246885,0.06744163,0.3017376,0.10864080000000001,0.1001857,0.30489390000000005,0.09784288,0.1173742,0.3015056,0.08961108,0.12397609999999999,0.29147979999999996,0.11074,0.05606179,0.3106046,0.08709049,0.08940089999999999,0.31454240000000006,0.07214027,0.1079576,0.3102308,0.064316,0.11383980000000002,0.29755940000000003,0.09934933,0.03983386,0.3164284,0.07285172,0.06687598,0.3204475,0.05611878,0.08236937,0.31440100000000004,0.0498134,0.08603726,0.300264,0.08890394,0.02350293,0.3175504,0.06397136,0.04000111,0.32135290000000005,0.05078959,0.04921876,0.31703790000000004,0.04506783,0.05409043,0.30442529999999995,0.11953659999999999,0.03574635,0.30339970000000005,0.1540778,-0.02343008,0.29553229999999997,0.15941670000000002,0.00398998,0.2808402,0.3055629,-0.20920429999999995,0.24496439999999997,0.175805,-0.01929466,0.28609429999999997,0.1474991,-0.04614292,0.2999135,0.3197159,-0.19578020000000002,0.23805479999999998,0.29141,-0.22262849999999998,0.251874
67,17:16:31.515 PM,0.1677006,0.04109733,0.2935792,0.16403510000000002,0.06927343,0.28730520000000004,0.1530195,0.08487798,0.28149070000000004,0.1252696,0.05912025,0.32555850000000003,0.11508299999999999,0.08987077,0.3428503,0.10762160000000001,0.1087644,0.3465342,0.101508,0.1208256,0.341032,0.10921389999999999,0.04779004,0.3297285,0.0894933,0.07819249,0.3493102,0.07697004,0.09781386,0.35635700000000003,0.06908005,0.11073910000000001,0.3508392,0.09591144,0.03196637,0.33049959999999995,0.07303653,0.05682261,0.34829440000000006,0.05797242,0.07490586,0.3508254,0.05041712,0.08587177,0.3419731,0.08439143,0.01673986,0.3268523,0.06006627,0.02835883,0.3405021,0.04607339,0.03688125,0.3438555,0.03609652,0.04621769,0.3382625,0.11784860000000001,0.02821408,0.3205401,0.1500393,-0.03152527,0.3086253,0.1590647,-0.00298202,0.29964559999999996,0.31418320000000005,-0.20962529999999996,0.27158730000000003,0.17323339999999998,-0.02626463,0.305046,0.14325970000000002,-0.05459591,0.30850079999999996,0.32917009999999997,-0.1954596,0.26985990000000004,0.29919640000000003,-0.22379090000000001,0.27331479999999997
68,17:16:31.544 PM,0.173845,0.03018732,0.3164116,0.1769292,0.05906974,0.3153667,0.16902260000000002,0.07710694,0.3121645,0.1287491,0.04898055,0.3481808,0.1244021,0.07570814,0.3728488,0.1201038,0.09463198,0.379789,0.11603279999999999,0.10809110000000001,0.37599790000000005,0.1117214,0.03866069,0.3507658,0.09697378,0.06468593,0.378949,0.08690729,0.08482461,0.3879512,0.08060325,0.09932099,0.38542509999999996,0.09711906,0.02408771,0.34943459999999993,0.07875067,0.04462786,0.37574009999999997,0.06602569999999999,0.06247585,0.3845258,0.05855268,0.07615142,0.3813545,0.08442538,0.01050141,0.3438116,0.06254964,0.01842584,0.36299309999999996,0.04935014,0.02644445,0.3692953,0.03915907,0.0368395,0.3673034,0.11883640000000001,0.01972149,0.33925040000000006,0.14647449999999998,-0.04063109,0.32101979999999997,0.1576364,-0.01206116,0.3149057,0.3028249,-0.2250158,0.2813367,0.1700655,-0.03645469,0.3189377,0.1385185,-0.06324594,0.31913359999999996,0.31859840000000006,-0.2116201,0.2812388,0.2870514,-0.2384114,0.28143470000000004
69,17:16:31.574 PM,0.17838610000000002,0.01882537,0.3381292,0.186113,0.04669206,0.3413163,0.1810651,0.06601156,0.3410169,0.13191670000000003,0.03736983,0.3717571,0.1303913,0.06031372,0.40029929999999997,0.12781019999999998,0.07821889,0.41019690000000003,0.12481860000000002,0.09248166,0.4097585,0.1144661,0.02758957,0.3735033,0.1022725,0.04949005,0.4061009,0.09373979,0.06822814,0.41893279999999994,0.08801278,0.08307622,0.42090459999999996,0.09917977,0.01392516,0.37082729999999997,0.08334033,0.03128757,0.4008364,0.07225821,0.04785149,0.4135416,0.06498259,0.06181268,0.4160894,0.08578002,0.001644686,0.3639598,0.06465529,0.007473095999999999,0.38468759999999996,0.05181065,0.01521336,0.3919999,0.04154749,0.02573805,0.3923745,0.12051279999999999,0.00978227,0.3597723,0.14511870000000002,-0.04944177,0.3347571,0.1574129,-0.0207276,0.33119540000000003,0.2938973,-0.2382938,0.2875967,0.16890139999999998,-0.04621819,0.3332395,0.1362139,-0.07155055,0.3315587,0.310241,-0.22562759999999998,0.28843709999999995,0.27755359999999996,-0.2509599,0.2867563
70,17:16:31.605 PM,0.1793604,0.006640017,0.3619197,0.18996760000000001,0.03273855,0.3691177,0.1876175,0.05234332,0.3720173,0.1310782,0.02294306,0.39723109999999995,0.1297253,0.042138,0.4284139,0.12721480000000002,0.05884807,0.4402236,0.1243259,0.07306366,0.4416093,0.1135029,0.01325208,0.397821,0.1010472,0.03087099,0.4328141,0.09236543,0.04776506,0.44789700000000005,0.08652872,0.06212296,0.45198180000000004,0.09802924,0.0002288669,0.3935336,0.08209165,0.01375972,0.4253949000000001,0.07099856,0.02834408,0.44031220000000004,0.06361128,0.04152949,0.44536400000000004,0.08445078,-0.01092611,0.3852523,0.06294347,-0.007876724,0.40617420000000004,0.04987601,-0.0009731799000000001,0.4139151,0.03933281,0.009115279,0.41571009999999997,0.11927850000000001,-0.0027861,0.3819667,0.14318770000000003,-0.05895276,0.3502573,0.1556995,-0.02998304,0.34968499999999997,0.29147049999999997,-0.24461100000000002,0.29056529999999997,0.1670188,-0.05582781,0.3494595,0.1341848,-0.08064355,0.34508590000000006,0.3078875,-0.23220320000000003,0.29275209999999996,0.2750535,-0.2570189,0.28837840000000003
71,17:16:31.646 PM,0.17881070000000002,-0.01141149,0.3941615,0.1898839,0.01247318,0.40651370000000003,0.1883662,0.03123163,0.4131545999999999,0.1300017,-0.001471505,0.4309085999999999,0.12869080000000002,0.01170607,0.4650767,0.1266759,0.025901900000000002,0.4798848,0.1244663,0.03957944,0.48436809999999997,0.1121895,-0.01054417,0.42900659999999996,0.09980252,0.0004867315,0.46662359999999997,0.09163002,0.01440001,0.4847252,0.08642939,0.02796037,0.4914814,0.09657297,-0.02197152,0.4217252,0.08008578,-0.01450419,0.4552598,0.06900268,-0.0027826879999999997,0.4725187,0.06192064,0.009512275,0.47975829999999997,0.08303822,-0.03083003,0.41096499999999997,0.06037421,-0.03170584,0.4308438,0.04688479,-0.02610077,0.43889940000000005,0.03634384,-0.01629233,0.44184700000000005,0.1181469,-0.02326529,0.41044369999999997,0.1417497,-0.07303315,0.36925440000000004,0.1550456,-0.04457343,0.3744945,0.28470840000000003,-0.2547793,0.2883447,0.16570320000000002,-0.07105208,0.37003790000000003,0.13209210000000002,-0.09318884,0.36037990000000003,0.3015139,-0.243711,0.2931737,0.2679028,-0.2658477,0.2835158
72,17:16:31.684 PM,0.1778374,-0.0243319,0.4125255,0.18914479999999997,-0.001879185,0.4271496,0.1890089,0.016036500000000002,0.43595500000000004,0.1300823,-0.01882519,0.45070459999999996,0.1287193,-0.008251696999999999,0.48576679999999994,0.1269185,0.003864795,0.5023504,0.12493510000000001,0.01650725,0.5093241,0.11214980000000001,-0.02740732,0.44787970000000005,0.09999231,-0.01895674,0.4862366,0.09219992,-0.007414073,0.5060962999999999,0.08719784,0.004890159,0.5150703,0.09636689,-0.03775658,0.439436,0.08003581,-0.03388223,0.4736526,0.06914691,-0.02469072,0.4925022,0.06211827,-0.01366511,0.5016146,0.08268857,-0.04519069,0.4278124,0.05990258,-0.04772191,0.44741140000000007,0.04645,-0.04330458,0.45623559999999996,0.03570373,-0.03434946,0.4607638,0.1178897,-0.03805229,0.42798559999999997,0.1404858,-0.08348782,0.38150409999999996,0.154408,-0.05567648,0.3897197,0.2746165,-0.2634821,0.2833643,0.1645085,-0.08265441,0.38222870000000003,0.1298761,-0.1023207,0.3709657,0.29193270000000004,-0.25364899999999996,0.2889958,0.2573002,-0.2733153,0.2777328
73,17:16:31.718 PM,0.176587,-0.03059389,0.42114540000000006,0.18778979999999998,-0.008664861,0.4366208,0.1886059,0.008730769000000001,0.4463809,0.12962939999999998,-0.02776191,0.45968190000000003,0.1278677,-0.01775491,0.4948924,0.1259345,-0.006794021,0.5122473,0.1238605,0.004952639,0.5206193,0.1117654,-0.03637086,0.4565234,0.09946725,-0.028509800000000002,0.49496090000000004,0.09166028,-0.01843506,0.5155982,0.08649987,-0.007353826999999999,0.5259654,0.09605368,-0.04648511,0.4476713,0.07950976,-0.04309306,0.4818375,0.06856699,-0.03514548,0.5012141,0.06133195,-0.02526304,0.5114105999999999,0.08241425,-0.053532,0.4357636,0.05933118,-0.05575232,0.45505029999999996,0.04587543,-0.05191092,0.4641348,0.03488414,-0.04370295,0.46942449999999997,0.1175528,-0.04610106,0.43617910000000004,0.14009649999999998,-0.08952358,0.3877095,0.1541365,-0.06174643,0.39712329999999996,0.2672162,-0.26929709999999996,0.2802693,0.16414260000000003,-0.08936925,0.3879695,0.1287623,-0.10765530000000001,0.37670549999999997,0.2849063,-0.2601541,0.28590129999999997,0.24952600000000003,-0.27844009999999997,0.27463730000000003
74,17:16:31.752 PM,0.17513420000000002,-0.03020567,0.42256980000000005,0.18635020000000002,-0.00795798,0.4375731,0.1877593,0.009425566,0.44728729999999994,0.1288853,-0.02890527,0.461925,0.1266743,-0.01862155,0.4970303,0.1243815,-0.008269845999999999,0.5147126000000001,0.12186459999999999,0.002917737,0.5237071,0.1112961,-0.03817588,0.4591186,0.09892538,-0.03046629,0.49756350000000005,0.09093078,-0.02141033,0.518598,0.08535454,-0.01121184,0.5296359,0.09582671,-0.04892962,0.45060059999999996,0.07944261,-0.0458823,0.4848762,0.06844119,-0.03907816,0.5046509,0.06083175,-0.03025056,0.5155209,0.08227278,-0.05657414,0.43896779999999996,0.05939201,-0.05914834,0.4584503,0.04592266,-0.05624866,0.467858,0.03448295,-0.04904073,0.4736321,0.11712460000000001,-0.04789175,0.4387793,0.1402194,-0.09108299,0.39030440000000005,0.1536594,-0.06260367,0.39931679999999997,0.26580529999999997,-0.27056209999999997,0.280589,0.1642593,-0.09068724,0.3898208,0.12873800000000002,-0.1094267,0.3798163,0.283566,-0.2611924,0.2855913,0.2480446,-0.27993179999999995,0.2755868
75,17:16:31.783 PM,0.1747842,-0.02777286,0.4198245,0.1857115,-0.004794538,0.43391320000000005,0.1870111,0.01291478,0.44303690000000007,0.128907,-0.02657047,0.4596343,0.12626220000000002,-0.01570451,0.49453389999999997,0.12363869999999999,-0.005484238000000001,0.512247,0.1207183,0.005542979,0.5213182,0.1115701,-0.03643088,0.45730329999999997,0.09885418,-0.02833283,0.49555540000000003,0.09053658,-0.0195418,0.5165772,0.08453514,-0.009597704,0.5276253000000001,0.09634682,-0.0479041,0.44929359999999996,0.0798178,-0.04461728,0.48347740000000006,0.06861410000000001,-0.03828803,0.5032967,0.06063403,-0.03000885,0.5143329000000001,0.08292191,-0.05632067,0.4380492,0.06032736,-0.05911018,0.4578342000000001,0.04690786,-0.05685805,0.46748850000000003,0.03517695,-0.05032448,0.47348019999999996,0.1175059,-0.0466536,0.4372451,0.1412955,-0.09083734,0.3899776,0.1541181,-0.06162961,0.397954,0.26760159999999994,-0.2715431,0.2831367,0.1653117,-0.09008114,0.3890012,0.1299098,-0.10966410000000001,0.38027,0.28530259999999996,-0.26175160000000003,0.2875022,0.2499007,-0.28133459999999993,0.2787711
76,17:16:31.815 PM,0.17508579999999999,-0.02539611,0.41564639999999997,0.18590489999999998,-0.0018533920000000001,0.4288585999999999,0.18690320000000002,0.0161783,0.43736759999999997,0.1292449,-0.02338441,0.4555749,0.12657539999999998,-0.01211822,0.49034529999999993,0.12386849999999999,-0.001952335,0.508077,0.12074349999999999,0.008969918,0.5172065,0.11212069999999999,-0.03371766,0.45378509999999994,0.09914847,-0.02519694,0.49185870000000004,0.09055337,-0.0163637,0.5127508,0.08419348,-0.006465703000000001,0.5236382,0.09710304,-0.04584037,0.44636709999999996,0.08054932,-0.04210038,0.48049220000000004,0.06924577,-0.03588125,0.5002896,0.06102718,-0.02787223,0.5113494000000001,0.08378851,-0.05499792,0.4355806,0.06155864,-0.05794486,0.45575200000000005,0.04823766,-0.05608843,0.46562390000000003,0.03633026,-0.05001554,0.4717491,0.11813489999999999,-0.04459399,0.4340977,0.14245039999999998,-0.09007621,0.3883288,0.15477779999999997,-0.06029281,0.3951186,0.26967070000000004,-0.27262529999999996,0.2857966,0.1664359,-0.08902586,0.3869498,0.1311869,-0.1093815,0.3794546,0.28729520000000003,-0.2624475,0.2895442,0.2520462,-0.2828031,0.282049
77,17:16:31.846 PM,0.1756387,-0.023632900000000002,0.412627,0.186316,0.0002614558,0.42531270000000004,0.1868889,0.01850651,0.4333951,0.12946989999999997,-0.0205999,0.45223290000000005,0.1269767,-0.008892968000000001,0.48687040000000004,0.12426110000000001,0.001623079,0.5043953,0.12102650000000001,0.01280937,0.5131592,0.1124848,-0.03121489,0.45080329999999996,0.09931951,-0.022122700000000002,0.48867790000000005,0.09046045,-0.01272815,0.5092117,0.08384754,-0.0024112020000000003,0.5195447,0.09762041,-0.0437652,0.4437995,0.08095253,-0.0394731,0.47780390000000006,0.06948048,-0.03289582,0.4973873,0.06107422,-0.02466105,0.5081357,0.08441266,-0.05343401,0.43333279999999996,0.06232612,-0.05639994,0.4536582,0.04898499,-0.05455671,0.4635054,0.03697262,-0.04848219,0.46942029999999996,0.1186117,-0.04261716,0.4314512,0.1434605,-0.08905284,0.3869311,0.15539579999999997,-0.05902563,0.3928998,0.2733846,-0.27073359999999996,0.2862653,0.16740970000000002,-0.08756389999999999,0.3853415,0.1325037,-0.1087099,0.37845409999999996,0.2908376,-0.2601607,0.28970890000000005,0.25593160000000004,-0.28130659999999996,0.2828216
78,17:16:31.874 PM,0.1765011,-0.02283454,0.4110439,0.18716970000000002,0.001151413,0.4235630999999999,0.1874668,0.01946957,0.43149390000000004,0.1300203,-0.01907873,0.4503888,0.1277826,-0.007311523,0.48502340000000005,0.1251277,0.0034043040000000004,0.5024363000000001,0.1218754,0.01477498,0.5109532,0.11308689999999999,-0.02979958,0.4491477,0.09987389,-0.02050796,0.48695730000000004,0.09087233,-0.01073658,0.5072519,0.08413172,-8.365511999999999e-05,0.5171529,0.09827405,-0.04252726,0.4423577,0.08153541,-0.03800657,0.4762976,0.06993325,-0.03113632,0.49570299999999995,0.06141083,-0.02263309,0.5061467000000001,0.08509704,-0.05241661,0.4320594,0.06305633,-0.05541642,0.45242959999999993,0.04966242,-0.05347218,0.4621853,0.03760793,-0.04723921,0.467844,0.1192372,-0.04145573,0.4299549,0.1443371,-0.08826768,0.3859837,0.1560356,-0.05824625,0.3915821,0.2776088,-0.26736659999999995,0.285068,0.16824760000000002,-0.08630091,0.38433140000000005,0.1337537,-0.1081444,0.37754440000000006,0.2948557,-0.25644490000000003,0.2884615,0.26036190000000003,-0.2782884,0.2816745
79,17:16:31.904 PM,0.1771394,-0.02298285,0.410762,0.1878796,0.0009359567999999999,0.4233482,0.1880079,0.01925655,0.431278,0.1304424,-0.01869886,0.4498906,0.1284796,-0.0071480269999999995,0.4846147,0.1259423,0.003658667,0.5019889,0.12277370000000001,0.01515757,0.5103641,0.1134588,-0.02934141,0.4486608,0.1003015,-0.02004114,0.4864876,0.09127911,-0.009974003,0.506628,0.08455734,0.0009719729,0.5162175,0.09859101,-0.04201443,0.44188859999999996,0.08183192,-0.037395,0.4758052,0.07017277,-0.03022002,0.4950657,0.06164599,-0.02139066,0.5052317,0.08537564,-0.05186553,0.43160290000000007,0.06325994,-0.05480894,0.45189979999999996,0.049791,-0.05264047,0.4615039000000001,0.03776558,-0.0461064,0.4668781,0.1195698,-0.04107356,0.4295016,0.1446225,-0.08792503,0.3855706,0.1563205,-0.0581336,0.39120190000000005,0.2808638,-0.26362290000000005,0.28265690000000004,0.168504,-0.08557132,0.3840058,0.13436520000000002,-0.10784849999999999,0.3768439,0.2979332,-0.2524842,0.28623790000000005,0.26379450000000004,-0.2747615,0.27907600000000005
80,17:16:31.935 PM,0.1779155,-0.02407204,0.41103500000000004,0.1890529,-0.0003200322,0.4235917,0.18934489999999998,0.01799138,0.4315383,0.1312506,-0.01915322,0.4503174,0.1297118,-0.007546619,0.4850442,0.1274151,0.00338845,0.5023714,0.12443889999999999,0.014949200000000001,0.5107319,0.11417719999999999,-0.02966411,0.4492041,0.1014201,-0.02035174,0.4871648,0.09263597,-0.01019096,0.5073632,0.08608393,0.0008082688000000001,0.5170089,0.09917201,-0.04223223,0.44254049999999995,0.08272979,-0.03742094,0.4765851,0.07128191,-0.03006609,0.49590429999999996,0.06291673,-0.02107847,0.5060657000000001,0.08582132,-0.05199796,0.43234849999999997,0.06382063,-0.05485144,0.45278279999999993,0.05041107,-0.05257808,0.4624455,0.03845224,-0.04596657,0.46787280000000003,0.1200866,-0.04147916,0.43003270000000005,0.1446886,-0.08839676,0.38595290000000004,0.1564833,-0.05889812,0.3915571,0.2832906,-0.2604461,0.2800741,0.16852679999999998,-0.08565576,0.38436,0.13471070000000002,-0.10834269999999999,0.3769579,0.3001987,-0.24910259999999998,0.2837752,0.26638249999999997,-0.27178959999999996,0.2763731
81,17:16:31.964 PM,0.1783419,-0.02513342,0.4116714,0.18993020000000002,-0.0016404689999999999,0.4243075,0.19059949999999998,0.01659991,0.4323937,0.1318435,-0.01998256,0.45122650000000003,0.1306296,-0.008540839,0.4860209,0.1285394,0.002328202,0.5034158,0.1257471,0.01379716,0.5119640999999999,0.1146815,-0.03035261,0.45015600000000006,0.1023432,-0.02127008,0.48831040000000003,0.09384254,-0.01127325,0.5087109999999999,0.08748803,-0.0004404783,0.5186723,0.09953938,-0.04276632,0.4435124,0.08347175,-0.03794618,0.47773420000000005,0.07230268,-0.03061283,0.4972242,0.06414401,-0.02167304,0.5075937,0.08605365,-0.05237186,0.4333459,0.06417866,-0.05525728,0.4539103,0.05085259,-0.05300651,0.46369309999999997,0.03894763,-0.04648583,0.46934430000000005,0.12038720000000001,-0.04211085,0.43088809999999994,0.1444768,-0.08883533,0.3863498,0.1564239,-0.05960917,0.3921108,0.2841043,-0.2578946,0.2770538,0.1682868,-0.08587449,0.3847291,0.1346295,-0.1087021,0.3770409,0.300933,-0.2464808,0.28089790000000003,0.2672757,-0.2693084,0.2732097
82,17:16:31.997 PM,0.178204,-0.02642208,0.4131816,0.1898737,-0.00311923,0.4260917,0.190832,0.01503082,0.43435,0.13150910000000002,-0.02136733,0.4524165,0.1301088,-0.01022403,0.4873005999999999,0.12797999999999998,0.0004933178,0.5047847,0.125254,0.0118289,0.51353,0.114272,-0.03158206,0.4510897,0.10174730000000001,-0.02270652,0.48923199999999994,0.09320494,-0.01281226,0.5096652,0.0869025,-0.002116367,0.5198058,0.09909003,-0.04380593,0.4441901,0.08285127,-0.03911935,0.47834970000000004,0.07162651,-0.03179237,0.49781000000000003,0.06350234,-0.02288927,0.5082379,0.08562087,-0.05320342,0.4338095,0.06351125,-0.05605935,0.45412559999999996,0.05009592,-0.05370927,0.46376190000000006,0.03819187,-0.04713817,0.4693563,0.1200604,-0.04321001,0.4317676,0.1442675,-0.08958347,0.386944,0.1563131,-0.06065369,0.3931672,0.2855856,-0.2555951,0.275179,0.1680789,-0.08649347,0.3856099,0.134588,-0.10927460000000001,0.3771015,0.30233109999999996,-0.24420450000000002,0.27943320000000005,0.26884009999999997,-0.2669856,0.2709248
83,17:16:32.032 PM,0.1778719,-0.02669656,0.41444440000000005,0.18942079999999997,-0.003490001,0.4276335,0.1905808,0.014543799999999999,0.43611759999999994,0.13107570000000002,-0.02245657,0.4535584,0.1294594,-0.01173106,0.4885639,0.12722160000000002,-0.001280472,0.5061952000000001,0.124452,0.009826675,0.5152156,0.1138896,-0.03272568,0.4520082,0.10118339999999999,-0.02418083,0.490166,0.09255039999999999,-0.01450931,0.5106676,0.08620764,-0.004055753,0.5210332999999999,0.0987993,-0.04492818,0.4448736,0.08242442,-0.04068644,0.4790263,0.07111225,-0.03361537,0.4985307,0.06293629,-0.02495058,0.5091177,0.08543005,-0.05425546,0.43430230000000003,0.06316017,-0.05730283,0.45441450000000005,0.04966303,-0.05502066,0.46395240000000004,0.03770185,-0.04856226,0.4695562,0.1198386,-0.04409598,0.4325818,0.1445235,-0.08978032,0.3873183,0.156387,-0.06092335,0.39398679999999997,0.28778109999999996,-0.25282550000000004,0.2736717,0.1683164,-0.08648066,0.3861693,0.1350563,-0.10938450000000001,0.3771026,0.3044112,-0.2413736,0.27820500000000004,0.2711511,-0.26427740000000005,0.2691383
84,17:16:32.075 PM,0.17707179999999997,-0.02575049,0.4148407,0.1881588,-0.002511665,0.4283652,0.18952679999999997,0.01538931,0.437096,0.13030250000000002,-0.02256776,0.4534809,0.1282475,-0.01196297,0.48850020000000005,0.1257923,-0.001673728,0.5061973,0.1229243,0.009219006,0.5154456000000001,0.11321279999999999,-0.03294767,0.4516318,0.1001296,-0.02432588,0.4896446,0.09130555,-0.01463293,0.5100545,0.08488554,-0.004333317,0.5205261999999999,0.09829652,-0.04518867,0.44420329999999997,0.08151742,-0.04112267,0.4781808,0.06996436,-0.03416166,0.49758320000000006,0.06165493,-0.02574146,0.5082633,0.08511838,-0.05450709,0.43338720000000003,0.06242013,-0.05746955,0.4530276,0.0487289,-0.05510263,0.4622634,0.03666215,-0.04867744,0.4676758,0.11946680000000001,-0.04407604,0.43216109999999996,0.14498250000000001,-0.08913979,0.3867297,0.1565754,-0.06023999,0.3938179,0.2901262,-0.2505289,0.27311240000000003,0.16877070000000002,-0.08572435,0.385853,0.13570870000000002,-0.1086941,0.3762448,0.3066572,-0.239044,0.27791659999999996,0.2735953,-0.2620138,0.2683083
85,17:16:32.112 PM,0.1764314,-0.0246633,0.41429350000000004,0.18702120000000003,-0.001178384,0.4277915,0.1884904,0.01674457,0.4364606,0.129834,-0.02181531,0.45243820000000007,0.1273652,-0.01074888,0.48728760000000004,0.12474469999999999,-0.0003376305,0.5048894,0.12183339999999998,0.01052053,0.5141648,0.1127782,-0.03221865,0.45041629999999994,0.0994143,-0.02298564,0.48818729999999994,0.09049897,-0.01303272,0.5084317,0.08408237,-0.002728388,0.5189007999999999,0.09796606,-0.04450102,0.442849,0.08080591,-0.03990459,0.4765675999999999,0.06908081,-0.03269471,0.495775,0.06071008,-0.02428444,0.5064149,0.08493094,-0.05387138,0.43190500000000004,0.06179753,-0.05633464,0.4511018,0.04794594,-0.05372281,0.46002740000000003,0.03581822,-0.04719801,0.465178,0.119282,-0.04341091,0.4310644,0.14538910000000002,-0.08861935,0.3861115,0.1568754,-0.05967626,0.3932398,0.2917803,-0.2504279,0.2747123,0.16918670000000002,-0.08521236,0.38549540000000004,0.1362307,-0.10820719999999999,0.37558769999999997,0.3082583,-0.2389305,0.27966620000000003,0.27530229999999994,-0.26192529999999997,0.2697585
86,17:16:32.143 PM,0.1761014,-0.02281067,0.4118308,0.1863605,0.0010302360000000001,0.4249545,0.1879114,0.01907583,0.43335039999999997,0.1299387,-0.01989892,0.44996329999999995,0.1273761,-0.00811857,0.48457079999999997,0.1247433,0.00256528,0.5020066,0.12185630000000001,0.01350272,0.511196,0.11289249999999999,-0.03033309,0.448021,0.09958564,-0.02027203,0.4855999,0.09076366,-0.01000564,0.5057282999999999,0.08443213,0.00035233800000000005,0.5161962999999999,0.0981063,-0.04271331,0.44056309999999993,0.08099256,-0.03741813,0.4742026,0.06936010000000001,-0.02996582,0.4933737,0.06106574,-0.02154778,0.5040671,0.08510564,-0.0522224,0.42969830000000003,0.06181106,-0.05415232,0.44876049999999995,0.04793214,-0.05139594,0.4575996,0.03577472,-0.0448913,0.46270550000000005,0.11945510000000002,-0.04175936,0.4288264,0.14565250000000002,-0.08756107,0.3845215,0.15716129999999998,-0.05847256,0.3913107,0.2913636,-0.2519074,0.2759838,0.1694684,-0.08428799,0.38388779999999995,0.1364078,-0.10726880000000001,0.3743014,0.30789390000000005,-0.24041700000000002,0.280777,0.2748333,-0.2633978,0.2711907
87,17:16:32.182 PM,0.17560699999999999,-0.018918900000000002,0.40604470000000004,0.1856306,0.005478099,0.4183007,0.18748099999999998,0.02375703,0.42611170000000004,0.1302682,-0.01545055,0.4444193,0.1277998,-0.00225018,0.4785182,0.12526310000000002,0.009067327,0.4955645,0.12248440000000001,0.02024715,0.504492,0.11321019999999998,-0.02591884,0.44278850000000003,0.100262,-0.01425175,0.4800278,0.09172977,-0.003288165,0.4999124,0.08561999,0.0072505469999999995,0.5103317,0.09840369,-0.03848776,0.4356955,0.08172064,-0.03186084,0.4693161,0.07045946,-0.02393807,0.4885204000000001,0.06242614,-0.01547782,0.4993786,0.08538096,-0.04828301,0.4251149,0.0619148,-0.04923891,0.4440407,0.04803398,-0.04625101,0.4528014,0.03582461,-0.03986402,0.45793190000000006,0.11973869999999999,-0.03788017,0.42391059999999997,0.1457932,-0.08498767,0.38089570000000006,0.15738310000000003,-0.05566449,0.3868273,0.29009650000000003,-0.2534575,0.276888,0.169627,-0.08188785,0.3800873,0.1363897,-0.1049345,0.3713032,0.30671509999999996,-0.24193420000000002,0.28128000000000003,0.27347790000000005,-0.2649809,0.2724959
88,17:16:32.215 PM,0.1746417,-0.01331866,0.39556690000000005,0.18391400000000002,0.01236968,0.40557259999999995,0.1852508,0.03133027,0.4116808,0.13045050000000002,-0.008354142,0.43465550000000003,0.12799549999999998,0.006471589,0.4680805,0.1254757,0.01849268,0.4846406,0.1226961,0.02999549,0.49314769999999997,0.11339769999999999,-0.01891571,0.43371499999999996,0.1006729,-0.004891858,0.47021090000000004,0.09226413,0.007383972,0.4893683,0.08624789,0.018502099999999997,0.49922510000000003,0.09859236,-0.03192165,0.42745550000000004,0.08221042,-0.02292666,0.4606719,0.07114074,-0.01356693,0.47933409999999993,0.06325924,-0.0043423179999999995,0.4896695,0.08556551,-0.04238151,0.41753609999999997,0.06170132,-0.04177713,0.4359723,0.04765627,-0.03806216,0.4441759,0.03536788,-0.03129768,0.44858459999999994,0.1199153,-0.03205627,0.41563370000000005,0.1459611,-0.08169264,0.37555170000000004,0.1575345,-0.05215386,0.3797244,0.2907511,-0.25366869999999997,0.27817159999999996,0.1697609,-0.07844804,0.3743902,0.1366403,-0.10213480000000001,0.3669751,0.3073114,-0.24182529999999997,0.2818792,0.2741908,-0.2655121,0.274464
89,17:16:32.254 PM,0.17474320000000002,-0.002570078,0.37670390000000004,0.18280439999999998,0.02450873,0.3835962,0.1831995,0.04409029,0.3874578,0.13240829999999998,0.0038945670000000003,0.4176732,0.129849,0.02013715,0.45042429999999994,0.1271347,0.03290208,0.4663859,0.1241032,0.04479168,0.4742507,0.1153954,-0.006771341,0.41771490000000006,0.10222439999999999,0.009896919,0.4529156,0.09335075,0.02407233,0.47048379999999995,0.087017,0.03619559,0.47884160000000003,0.1005661,-0.02023672,0.4125884,0.08331384,-0.007050499,0.4438996,0.07152335,0.0059578569999999996,0.45969390000000004,0.06338721,0.01774187,0.46666,0.08745123,-0.03140993,0.4036091,0.06247503,-0.028946299999999998,0.42033420000000005,0.0479213,-0.02409095,0.4268855,0.0355407,-0.01652123,0.4292462,0.12172000000000001,-0.02111141,0.40049840000000003,0.1476283,-0.07314396,0.3635535,0.1589244,-0.04351191,0.3655334,0.2963504,-0.24741970000000002,0.2767775,0.17133199999999998,-0.06938191,0.3620384,0.1387968,-0.09433357,0.35639099999999996,0.312618,-0.2349438,0.2796012,0.2800828,-0.2598955,0.2739538
90,17:16:32.286 PM,0.1745813,0.01036599,0.3557435,0.1813501,0.03839161,0.35960729999999996,0.1815628,0.05825128,0.361652,0.1357345,0.01797961,0.3996961,0.1332431,0.03619085,0.43140340000000005,0.1303483,0.04980676,0.44661419999999996,0.1270861,0.06181563,0.45420119999999997,0.11889000000000001,0.007146329,0.40117470000000005,0.1053766,0.02642442,0.43488679999999996,0.09597155,0.04216866,0.4507685,0.08919529999999999,0.05483858,0.45788090000000004,0.1040267,-0.006769285,0.3975647,0.08480447,0.01418003,0.4229992,0.07218165,0.03243564,0.4312116,0.06441567,0.04639836,0.43111130000000003,0.09066597,-0.01861057,0.3898948,0.06489129,-0.01442668,0.4049949,0.05004095,-0.008786826999999999,0.4101,0.03763431,-0.0009302497,0.41086359999999994,0.12461019999999999,-0.00813733,0.3845677,0.14951779999999998,-0.06214397,0.34984509999999996,0.16046660000000001,-0.03219526,0.3492947,0.29720559999999996,-0.2411143,0.2712108,0.1730918,-0.05825835,0.3471131,0.14071270000000002,-0.0839266,0.3447136,0.31339520000000004,-0.22828020000000002,0.2724106,0.28101609999999994,-0.2539484,0.2700111
91,17:16:32.316 PM,0.16938440000000002,0.02357946,0.3317907,0.1713306,0.05257405,0.3312698,0.1675156,0.07213257,0.3305941,0.1382622,0.03413866,0.37866459999999996,0.13464229999999996,0.05711187,0.40697659999999997,0.1306202,0.07288714,0.41961850000000006,0.12645839999999997,0.08551882,0.4255691,0.12195410000000002,0.02316044,0.38272979999999995,0.1076037,0.04785107,0.4122938,0.09732208,0.06595807,0.42472089999999996,0.08975860000000001,0.07951869,0.4286531,0.10730910000000002,0.008594394,0.3819297,0.08720998,0.03623237,0.398767,0.07453071,0.05614816,0.39944609999999997,0.06759910000000001,0.06881405,0.39271059999999997,0.09376673,-0.004333109,0.3767562,0.06814375,0.005189046,0.3894805,0.05379602,0.01308016,0.39265500000000003,0.04184766,0.021638499999999998,0.3922452,0.1268079,0.006245479,0.3674878,0.150476,-0.05085175,0.33707570000000003,0.1604579,-0.02079318,0.33220479999999997,0.2941925,-0.2378736,0.2708574,0.17371879999999998,-0.04726062,0.332054,0.14160479999999998,-0.07314505,0.3354756,0.3102495,-0.22493139999999998,0.2691466,0.2781355,-0.2508158,0.2725683
92,17:16:32.344 PM,0.1479696,0.02851157,0.3089603,0.1363971,0.05504434,0.30620690000000006,0.1231906,0.06999831,0.305714,0.1388182,0.04469959,0.357586,0.13352039999999998,0.07385124,0.3791423,0.1268924,0.09193088,0.38649320000000004,0.12051680000000001,0.10483219999999999,0.3887724,0.1246836,0.03380515,0.3667866,0.1102278,0.06655861,0.3869828,0.09841518,0.08733876,0.3910304,0.08960055,0.10061469999999999,0.3894043,0.1113749,0.01868166,0.37143259999999995,0.08995907,0.04963084,0.3773704,0.0767052,0.06506304,0.3653845,0.06973105,0.07166778,0.35268459999999996,0.09805537,0.004539832,0.3713807,0.07468318,0.02182464,0.37937719999999997,0.0629821,0.03260954,0.37446840000000003,0.05511294,0.04120328,0.36556609999999995,0.1273589,0.0149402,0.35340820000000006,0.14801270000000002,-0.04543237,0.3273707,0.1544305,-0.01581717,0.3155992,0.28547690000000003,-0.2399261,0.2699469,0.1695305,-0.04259669,0.31701409999999997,0.1402414,-0.06771743,0.3319849,0.30012140000000004,-0.2273657,0.26246149999999996,0.27083240000000003,-0.2524865,0.27743229999999997
93,17:16:32.375 PM,0.14180979999999999,0.02692588,0.2816778,0.124748,0.05036886,0.27941009999999994,0.10884569999999999,0.062289699999999996,0.2812677,0.1444203,0.05295144,0.3230834,0.13354839999999998,0.08663447,0.332331,0.1218732,0.10357000000000001,0.33158200000000004,0.11150360000000001,0.1130246,0.3278397,0.13397179999999997,0.04376157,0.337525,0.1116434,0.07793467,0.338696,0.09455357,0.08956434,0.32742459999999995,0.08352091,0.09362642,0.3171605,0.12373039999999999,0.02946396,0.3483454,0.09680478,0.05426137,0.338262,0.08553069,0.05162852,0.31800120000000004,0.08335901,0.04351307,0.30465929999999997,0.11230819999999998,0.01504593,0.3545213,0.08981187,0.03433464,0.3494145,0.08285626,0.03608932,0.3345391,0.08231691,0.03221072,0.3205627,0.1354951,0.02251212,0.32817820000000003,0.15554289999999998,-0.04119538,0.3110941,0.1563213,-0.01464944,0.2922586,0.288302,-0.2412377,0.2623087,0.1736708,-0.04032004,0.29531620000000003,0.15069100000000002,-0.06207494,0.32199340000000004,0.29979190000000006,-0.23036020000000004,0.2489701,0.27681209999999995,-0.2521151,0.2756473
94,17:16:32.403 PM,0.145335,0.02859373,0.2621235,0.1281566,0.05192204,0.2595682,0.112918,0.06465657,0.2616063,0.1533931,0.06038545,0.2941565,0.13133789999999998,0.08885695,0.28798340000000006,0.1144346,0.09571175,0.278785,0.10263199999999999,0.09450196,0.270566,0.14433210000000002,0.05411769,0.3109416,0.1140873,0.07277276,0.2905316,0.1029937,0.05912407,0.2740931,0.09988335,0.04612334,0.2654716,0.1350571,0.04218526,0.32504890000000003,0.1065714,0.05131666,0.3015485,0.10523510000000001,0.03313245,0.2866338,0.11165789999999999,0.01907872,0.2830258,0.12414089999999998,0.02936237,0.3347349,0.10364010000000001,0.04140677,0.31626,0.10202280000000001,0.03148411,0.303012,0.1067384,0.01908149,0.2968071,0.1446729,0.03152339,0.30534690000000003,0.1624099,-0.03441662,0.2967504,0.1613918,-0.01187523,0.2746078,0.29253270000000003,-0.2352905,0.2444146,0.1780499,-0.03446562,0.27848320000000004,0.1597822,-0.054454999999999996,0.309784,0.30166659999999995,-0.22529580000000002,0.22876420000000003,0.2833989,-0.2452851,0.260065
95,17:16:32.432 PM,0.1495717,0.02246507,0.24881230000000001,0.1328717,0.04552381,0.2428333,0.11732970000000001,0.05804615,0.2433096,0.1524,0.05721481,0.2777632,0.12099560000000001,0.06363766,0.259826,0.11500070000000001,0.04590131,0.2508419,0.1181708,0.03164504,0.2486643,0.14318689999999998,0.05269997,0.29502540000000005,0.1138174,0.04962184,0.2663478,0.11559900000000001,0.02590494,0.2612556,0.1239942,0.01283072,0.2654703,0.1340117,0.04223256,0.31031590000000003,0.10893800000000001,0.03721522,0.28202309999999997,0.11565999999999999,0.01510094,0.2769336,0.1264163,0.004538834,0.2822058,0.1233249,0.03028624,0.321297,0.10515039999999999,0.03211002,0.29727270000000006,0.10838769999999999,0.01745646,0.2899348,0.1169297,0.005709857,0.2923987,0.1444186,0.02961694,0.2922313,0.1641933,-0.03620464,0.29101509999999997,0.1632787,-0.01655811,0.2673076,0.29227240000000004,-0.23826920000000001,0.23821610000000001,0.17927620000000002,-0.03660349,0.2722893,0.1619184,-0.05601224,0.3044611,0.3009513,-0.22856479999999996,0.2221301,0.2835934,-0.2479735,0.254302
96,17:16:32.462 PM,0.155546,0.02268915,0.2359031,0.14163399999999998,0.04619743,0.2259254,0.1265961,0.05919428,0.224071,0.1490234,0.05815376,0.2659657,0.12057280000000001,0.04956914,0.24457710000000002,0.12602049999999998,0.02988239,0.2420402,0.1365981,0.02080144,0.24617489999999997,0.1393141,0.05386312,0.28301079999999995,0.1126805,0.04385369,0.253332,0.1202874,0.02083589,0.2541161,0.1308612,0.01173759,0.26201260000000004,0.1300201,0.04355673,0.29833790000000004,0.1065117,0.03604056,0.2692981,0.11600810000000002,0.0145095,0.26715869999999997,0.1273165,0.005683601,0.2741035,0.1194748,0.03152694,0.3093635,0.10291259999999999,0.02995597,0.284206,0.1092339,0.01504348,0.2802219,0.1189612,0.005618185,0.285935,0.14179879999999997,0.03078274,0.2812356,0.1641511,-0.03416894,0.2828383,0.1639569,-0.01531711,0.2590516,0.28886690000000004,-0.23791239999999997,0.22847420000000002,0.179533,-0.03455175,0.26435690000000006,0.1612409,-0.05416049,0.2958833,0.29801300000000003,-0.2281081,0.21271089999999998,0.2797208,-0.24771679999999996,0.2442374
97,17:16:32.491 PM,0.159366,0.02410804,0.2252344,0.14596610000000002,0.04710878,0.21351889999999998,0.13104780000000002,0.05998252,0.2103193,0.1468235,0.06010993,0.255617,0.1199387,0.04778658,0.23397620000000002,0.12795330000000002,0.02879803,0.2334761,0.13966479999999998,0.02235503,0.2392801,0.13707249999999999,0.05580099,0.2726337,0.11142529999999999,0.04369994,0.2428645,0.1201955,0.02114071,0.24445219999999998,0.13101600000000002,0.01258263,0.2526145,0.1280577,0.04546039,0.2881038,0.10539960000000001,0.03602014,0.2589494,0.115972,0.014934999999999999,0.25753550000000003,0.12757069999999998,0.0067701490000000005,0.2648022,0.11794460000000001,0.03322257,0.2993039,0.1018762,0.03015606,0.2739641,0.1093203,0.01552285,0.2709986,0.1194441,0.006956846,0.27734770000000003,0.1407128,0.03283228,0.27152659999999995,0.1655922,-0.03108516,0.2746491,0.16544579999999998,-0.01269214,0.2509301,0.2857941,-0.23549920000000002,0.2131036,0.18079479999999998,-0.03121697,0.2560165,0.1624098,-0.05139476,0.28712709999999997,0.2949866,-0.2254103,0.19754829999999998,0.27660159999999995,-0.24558809999999998,0.2286589
98,17:16:32.516 PM,0.16077170000000002,0.02427779,0.21828870000000003,0.147142,0.04666372,0.2056764,0.132163,0.05923186,0.2016416,0.1446961,0.06049804,0.2482956,0.1185385,0.04673682,0.2266243,0.12741760000000002,0.02812715,0.22672989999999998,0.1393781,0.02258898,0.2329545,0.13491370000000003,0.05617751,0.2652914,0.10976789999999999,0.04233514,0.23584879999999997,0.1221373,0.02134494,0.23514250000000003,0.1346737,0.01400624,0.24204009999999998,0.1261151,0.04582615,0.2808785,0.10418,0.03491168,0.2516813,0.1155652,0.014219999999999998,0.2508382,0.1274036,0.0068151209999999995,0.2585258,0.1163422,0.03344719,0.29222529999999997,0.1007037,0.029233799999999997,0.2667784,0.1086545,0.01481582,0.2640804,0.11900989999999999,0.00666362,0.2706,0.13943970000000003,0.03334476,0.26471809999999996,0.1665347,-0.02953009,0.2692344,0.16613499999999998,-0.01162648,0.24537989999999998,0.28463740000000004,-0.23374629999999996,0.2031069,0.18163900000000002,-0.02943183,0.2505217,0.16324070000000002,-0.05004998,0.2813343,0.2938365,-0.2234373,0.1877006,0.27543829999999997,-0.2440554,0.21851320000000002
99,17:16:32.541 PM,0.1624576,0.02635472,0.21417429999999998,0.1482181,0.04814444,0.2012075,0.13288529999999998,0.06002487,0.1964928,0.1419388,0.061084400000000004,0.24386950000000002,0.11706810000000001,0.04717658,0.2208359,0.1264413,0.02881898,0.2204701,0.1383333,0.02326067,0.22680189999999997,0.1316517,0.05596761,0.2603376,0.10888450000000001,0.04110591,0.22949879999999998,0.12164849999999999,0.02048771,0.2299868,0.1337988,0.013583700000000002,0.23783560000000004,0.1227712,0.0449091,0.2753825,0.10291589999999999,0.03310664,0.2450703,0.1154942,0.01311326,0.24447870000000002,0.1273829,0.006422206999999999,0.25271550000000004,0.11323810000000001,0.03182574,0.2861249,0.09908538,0.027033699999999997,0.25992600000000005,0.1079953,0.01314861,0.25744920000000004,0.1185036,0.005492613,0.26431409999999994,0.137554,0.03345625,0.2597412,0.16733689999999998,-0.0281399,0.26440929999999996,0.167755,-0.009587541,0.24122,0.2869669,-0.2303277,0.1949082,0.183044,-0.02743459,0.2462132,0.16359279999999998,-0.04906399,0.2756554,0.2966925,-0.219513,0.18018710000000002,0.2772413,-0.2411424,0.20962929999999996
100,17:16:32.570 PM,0.1610591,0.02776553,0.20979570000000003,0.14550410000000003,0.04867436,0.196883,0.1297119,0.05985881,0.19197809999999998,0.13948670000000002,0.06180103,0.23905170000000003,0.1154028,0.04686506,0.2158156,0.1251646,0.02871244,0.2152903,0.1369766,0.02246819,0.2211123,0.1292412,0.05633257,0.2554328,0.1059638,0.04269542,0.2244056,0.11852529999999999,0.02195601,0.22371679999999997,0.1307693,0.01468176,0.23107399999999997,0.1206547,0.04497819,0.27042859999999996,0.1002471,0.0343274,0.2400536,0.11256569999999999,0.01426058,0.2380635,0.1246019,0.007075667,0.24564770000000002,0.1115423,0.03155901,0.2811232,0.09686019,0.0276172,0.25507260000000004,0.10560730000000002,0.01383598,0.2516202,0.1162881,0.005797192,0.2577426,0.1360495,0.03407259,0.254985,0.16796,-0.02640803,0.260098,0.1681497,-0.007791549,0.2369436,0.290169,-0.22692129999999996,0.1902308,0.18373599999999998,-0.02544461,0.2419734,0.1644049,-0.04742279,0.27123590000000003,0.2998345,-0.2159323,0.17559960000000002,0.28050349999999996,-0.2379104,0.20486210000000002
101,17:16:32.600 PM,0.1586453,0.02860238,0.20785229999999996,0.1420961,0.048869300000000004,0.19515539999999998,0.1259636,0.05955751,0.19025250000000002,0.13642820000000003,0.06172638,0.23709059999999998,0.11205430000000001,0.04702754,0.2140067,0.12176500000000001,0.02889867,0.21255320000000003,0.1336645,0.02221946,0.2176705,0.12650029999999998,0.05584623,0.2535245,0.10322449999999998,0.04255669,0.22234600000000002,0.11502069999999999,0.02136452,0.2220241,0.12692089999999998,0.01386741,0.22971370000000002,0.1184518,0.04415087,0.26855619999999997,0.09768268,0.03364785,0.2383759,0.11040510000000002,0.01390567,0.23577559999999997,0.1227497,0.007018119000000001,0.2431361,0.10993310000000002,0.03037582,0.2792875,0.09470633,0.02671535,0.25351039999999997,0.1035375,0.01317312,0.2493919,0.11451680000000002,0.005232110999999999,0.2550993,0.1341695,0.03386961,0.2530103,0.16814389999999999,-0.02552646,0.25795429999999997,0.16777279999999997,-0.006691664,0.23473200000000002,0.29011970000000004,-0.2266084,0.189326,0.18380760000000002,-0.02472791,0.23972470000000004,0.1646777,-0.04643323,0.2693211,0.29968459999999997,-0.2157558,0.17452779999999998,0.2805547,-0.23746109999999998,0.2041242
102,17:16:32.631 PM,0.1555471,0.02775924,0.20766820000000002,0.1381904,0.04759242,0.1953693,0.1218198,0.05802415,0.190708,0.1341374,0.06076206,0.23708510000000002,0.10918430000000001,0.04626055,0.2145002,0.1187605,0.02810796,0.21253339999999998,0.1308405,0.02155055,0.21737910000000002,0.124579,0.05478741,0.2537032,0.10097919999999999,0.04157262,0.222737,0.1122539,0.02009718,0.22299989999999997,0.1239691,0.01273057,0.2310895,0.1169529,0.04301997,0.2688982,0.09557866,0.03249775,0.2391498,0.10861589999999999,0.01296814,0.2365029,0.12118699999999999,0.006456345,0.2438223,0.10880919999999998,0.02915688,0.27980609999999995,0.09297905,0.02554052,0.25438829999999996,0.101833,0.01208201,0.2500492,0.11301660000000002,0.004596904000000001,0.2559725,0.1325321,0.03291409,0.25309970000000004,0.1672284,-0.02612343,0.2576683,0.1663508,-0.007236301999999999,0.2343176,0.28690590000000005,-0.2288451,0.1898205,0.18260710000000002,-0.02566291,0.239186,0.1638174,-0.04685612,0.2693658,0.29630070000000003,-0.2182485,0.1747306,0.2775111,-0.23944169999999998,0.2049104
103,17:16:32.661 PM,0.1531212,0.02625163,0.2078495,0.13559749999999998,0.04566096,0.1951203,0.11914489999999998,0.05585738,0.19023389999999998,0.1327941,0.0599999,0.2382374,0.1072488,0.04630716,0.21581039999999999,0.11652860000000001,0.02805738,0.2133792,0.1286435,0.02143015,0.21803870000000003,0.12333310000000001,0.05395947,0.2548873,0.099334,0.04128154,0.2240038,0.1105452,0.01977159,0.2240299,0.12232939999999999,0.01251231,0.2321157,0.11579769999999999,0.042132300000000004,0.270081,0.09392249,0.03221698,0.24048870000000003,0.1068076,0.01263598,0.23750029999999997,0.11941889999999998,0.006024405,0.2446587,0.1077204,0.02822576,0.28098259999999997,0.0915625,0.02498175,0.2557213,0.1005318,0.01155533,0.2515226,0.11173210000000001,0.004673406,0.2581077,0.1312877,0.03209086,0.2541546,0.1659287,-0.02703701,0.2584522,0.1650067,-0.007978544,0.23502470000000003,0.2832634,-0.2318488,0.19282760000000002,0.1812976,-0.02695888,0.23995619999999998,0.1622932,-0.04759632,0.2703857,0.2927656,-0.22153009999999998,0.1776128,0.2737612,-0.2421675,0.20804229999999999
104,17:16:32.695 PM,0.1523025,0.02535929,0.2098317,0.1349163,0.04468091,0.1967762,0.11849649999999999,0.05481665,0.1916558,0.1327,0.05966838,0.24136359999999998,0.1070409,0.04710381,0.2183969,0.11569739999999999,0.02863304,0.21536729999999998,0.1276382,0.0216433,0.2199631,0.12293630000000001,0.05345486,0.2577753,0.09916271,0.04169838,0.22635059999999999,0.10993310000000002,0.01996373,0.22593870000000002,0.12149589999999999,0.01229687,0.2339769,0.1150375,0.04145534,0.27264940000000004,0.09343284,0.03236924,0.2425908,0.1060964,0.0126705,0.23942249999999998,0.1185265,0.005860105,0.24671729999999997,0.106625,0.02746324,0.2831868,0.09079454,0.02485143,0.2576426,0.09973288,0.01139659,0.2534654,0.11074089999999999,0.004432768,0.2602893,0.13059880000000001,0.0314921,0.2567427,0.16424589999999997,-0.02829151,0.26056060000000003,0.1640166,-0.008689806,0.23731660000000002,0.2812135,-0.2339865,0.19707550000000001,0.1800511,-0.02830021,0.24243579999999998,0.1601374,-0.04885231,0.2723369,0.2911703,-0.2237105,0.182125,0.27125659999999996,-0.24426260000000002,0.2120261
105,17:16:32.733 PM,0.1543465,0.02565093,0.21327910000000003,0.1385668,0.04617895,0.20003289999999999,0.1226119,0.05702628,0.1949029,0.1354921,0.0601352,0.245373,0.10981189999999999,0.05014618,0.22121190000000002,0.11679,0.03092541,0.21858289999999997,0.12754369999999998,0.02231593,0.22333850000000002,0.1250509,0.05398186,0.2613834,0.1014659,0.04431589,0.22912220000000003,0.1109134,0.02200444,0.2279732,0.1217578,0.01295796,0.23555639999999997,0.11624269999999999,0.04200198,0.2757506,0.09509522,0.03451122,0.24494139999999998,0.1067847,0.01428613,0.2413812,0.1186463,0.006128088,0.2482177,0.10693659999999999,0.02816404,0.28572020000000004,0.09161023,0.02698095,0.2597697,0.09987073,0.01321976,0.2552154,0.110384,0.005120203,0.2615418,0.1317136,0.03171889,0.2599601,0.1628715,-0.02945851,0.2632443,0.163706,-0.009486600999999999,0.240285,0.27809959999999995,-0.2369041,0.2023285,0.1792644,-0.02965337,0.2456504,0.1580014,-0.0500082,0.2747466,0.28873109999999996,-0.22672670000000003,0.1877804,0.26746809999999993,-0.2470816,0.2168766
106,17:16:32.770 PM,0.1542073,0.02494271,0.2175246,0.1386299,0.04591544,0.204743,0.1228155,0.05711935,0.199955,0.1362585,0.05932422,0.2497652,0.11030910000000001,0.04989512,0.2256661,0.11671199999999998,0.03040333,0.2236254,0.12709,0.02146776,0.2286118,0.1259433,0.05324705,0.2658861,0.1018684,0.04389565,0.23389490000000002,0.11104589999999999,0.02147846,0.23261759999999998,0.1218345,0.01216167,0.2399496,0.1171508,0.04132788,0.2803133,0.09559745,0.0341018,0.2497228,0.1067806,0.01367824,0.24569720000000003,0.1185438,0.004919260999999999,0.2519363,0.1077729,0.02758063,0.29034109999999996,0.09211485,0.02669795,0.26457709999999995,0.09995051,0.01283795,0.2595912,0.110374,0.003864288,0.2647892,0.1322499,0.030894,0.2642639,0.1627269,-0.03067023,0.2669307,0.1633487,-0.01068683,0.243955,0.2796357,-0.23721220000000004,0.20614570000000004,0.1790069,-0.03077668,0.2492315,0.1581378,-0.05121797,0.2785514,0.2900702,-0.22699149999999998,0.1914857,0.26920120000000003,-0.2474328,0.22080570000000002
107,17:16:32.802 PM,0.15292779999999997,0.02355118,0.2202851,0.1366488,0.04425149,0.20794169999999998,0.12068279999999999,0.05541088,0.2035721,0.135768,0.05829374,0.2522844,0.10911030000000001,0.04739426,0.2296234,0.11662,0.02828194,0.22780029999999998,0.1277654,0.02021717,0.23260540000000002,0.1261478,0.05251546,0.268936,0.10103150000000001,0.04179241,0.2382011,0.11087770000000001,0.01964305,0.2372953,0.1222401,0.01097375,0.2445533,0.1180162,0.04086767,0.28395990000000004,0.09558113,0.03236671,0.2543471,0.10691510000000001,0.01198006,0.2505647,0.119038,0.003739372,0.25682,0.10913350000000001,0.02729346,0.2946521,0.09268081,0.02536802,0.2694466,0.10040639999999999,0.0114605,0.2644219,0.11108110000000002,0.002563924,0.2692265,0.1325193,0.03016548,0.26754190000000005,0.1634939,-0.03113268,0.27023559999999996,0.163026,-0.01168533,0.24689339999999999,0.27941750000000004,-0.2376601,0.2075458,0.1790021,-0.03138066,0.2518578,0.159578,-0.05153745,0.28234440000000005,0.2891296,-0.2275817,0.19230250000000002,0.2697055,-0.24773850000000003,0.22278910000000002
108,17:16:32.835 PM,0.15373670000000003,0.02321501,0.2239245,0.13767079999999998,0.04433005,0.2120118,0.12192850000000001,0.05586977,0.20782179999999997,0.1370516,0.05782138,0.2562895,0.1102728,0.04698531,0.23374029999999998,0.11811689999999998,0.02806444,0.2313942,0.12954949999999998,0.02028696,0.23599610000000001,0.1273781,0.05203997,0.2729092,0.1020864,0.04171149,0.24218270000000003,0.11186760000000001,0.0195467,0.24098850000000002,0.12325630000000001,0.01082087,0.2481373,0.11908410000000001,0.040381,0.28783559999999997,0.09661902,0.03223266,0.2581463,0.10766210000000001,0.01171345,0.2542227,0.11968980000000001,0.003367379,0.2605221,0.10999269999999998,0.0268548,0.2984126,0.09359103,0.02520423,0.2731542,0.1010341,0.01122725,0.267901,0.11156689999999998,0.002067968,0.2725216,0.133348,0.02959652,0.27126259999999996,0.16334289999999999,-0.03220844,0.2732136,0.1630483,-0.01256905,0.25008539999999996,0.27802940000000004,-0.23857910000000002,0.2077915,0.1788144,-0.03231645,0.25480349999999996,0.15934,-0.05273751,0.28508140000000004,0.2877667,-0.2283686,0.1926526,0.2682922,-0.2487897,0.2229304
109,17:16:32.866 PM,0.15412910000000002,0.02265362,0.2267408,0.1381539,0.04397975,0.21508449999999998,0.1226009,0.05581702,0.2110192,0.1378616,0.05740206,0.2594126,0.11098399999999999,0.04591019,0.2373089,0.11917470000000001,0.02715896,0.23478070000000004,0.1309111,0.01977561,0.23926979999999998,0.1283809,0.05173562,0.2761825,0.1026517,0.04116563,0.2459042,0.1126146,0.01909317,0.24451489999999998,0.124225,0.01052096,0.2514912,0.12018989999999999,0.04017602,0.2912425,0.09743758,0.03180651,0.26183449999999997,0.10838060000000001,0.01121958,0.2579857,0.12047139999999999,0.0030399859999999997,0.2643822,0.11111489999999999,0.02675538,0.3019672,0.09449611,0.02493022,0.276863,0.1017512,0.01088379,0.27153259999999996,0.1122921,0.001722559,0.2761309,0.1340814,0.02922772,0.2744616,0.163477,-0.03287055,0.2759827,0.1629961,-0.01327004,0.25286479999999995,0.276441,-0.23955579999999999,0.2085847,0.1786661,-0.03300964,0.2573391,0.1595842,-0.05339998,0.2878864,0.285982,-0.2293607,0.1933111,0.2669,-0.24975100000000003,0.2238583
110,17:16:32.904 PM,0.155195,0.02189,0.2303053,0.13980109999999998,0.04368548,0.2187361,0.1245987,0.05597393,0.21468379999999998,0.13923370000000002,0.05679075,0.263402,0.1124394,0.04524218,0.24122710000000003,0.120492,0.0264077,0.23888179999999998,0.132184,0.019071,0.2435591,0.12968210000000002,0.05123045,0.280167,0.10389589999999999,0.04089637,0.24985589999999996,0.11346789999999998,0.01864202,0.2486362,0.1249113,0.009952217,0.2557417,0.1212876,0.0397609,0.2951837,0.09852777,0.03159182,0.2657253,0.1092347,0.01085922,0.261997,0.1212172,0.002643973,0.26854959999999994,0.1119565,0.02647562,0.30585690000000004,0.0954026,0.02482979,0.2806975,0.10243030000000002,0.01067296,0.27535490000000007,0.11282850000000001,0.0013869260000000001,0.2800272,0.1348903,0.028615699999999997,0.2782965,0.1630645,-0.03404903,0.27935959999999993,0.1628175,-0.01436609,0.25636210000000004,0.2739532,-0.24130370000000004,0.21028579999999997,0.17822249999999998,-0.0341973,0.2606908,0.1589954,-0.05462623,0.291121,0.2835667,-0.23108920000000002,0.1950707,0.2643397,-0.2515182,0.22550100000000003
111,17:16:32.932 PM,0.1563521,0.02111973,0.23330399999999998,0.1415774,0.04328658,0.2216331,0.1266527,0.05589299,0.21752559999999999,0.1405422,0.05627172,0.266497,0.1137969,0.04498039,0.24413130000000002,0.1216261,0.02603345,0.24193989999999999,0.1331868,0.01858611,0.2467663,0.1307964,0.05086769,0.2832013,0.1051277,0.04080711,0.2526992,0.11430719999999998,0.01837267,0.2518,0.12551669999999998,0.009569228,0.2591347,0.1221,0.03953613,0.2981508,0.09947869999999999,0.03160505,0.2685212,0.10997739999999999,0.01072413,0.265036,0.1217922,0.002416581,0.27177429999999997,0.1124538,0.02641641,0.3087483,0.09610078,0.02495261,0.2834468,0.10298230000000001,0.01067396,0.2782395,0.113203,0.001274467,0.2830739,0.13556729999999997,0.028158199999999998,0.28131009999999995,0.1626045,-0.03499347,0.2823558,0.16275420000000002,-0.01532289,0.2594291,0.27246190000000003,-0.2425949,0.21267779999999997,0.1778642,-0.03513649,0.26377009999999995,0.1583305,-0.055610599999999996,0.2939738,0.2822287,-0.23235789999999998,0.197576,0.26269499999999996,-0.252832,0.2277797
112,17:16:32.964 PM,0.1574545,0.02010448,0.23719410000000002,0.1432703,0.04257868,0.2253784,0.1285423,0.05539154,0.22119940000000002,0.14150629999999997,0.0554014,0.27059759999999994,0.1149391,0.04450642,0.2478264,0.1225685,0.02546953,0.24571020000000005,0.13396370000000002,0.01786454,0.25068270000000004,0.1314702,0.05006044,0.2871498,0.10612930000000001,0.04040374,0.25624539999999996,0.11491559999999999,0.01780389,0.2555882,0.125842,0.008849859,0.2631642,0.12240639999999998,0.03878589,0.30192340000000006,0.1001102,0.03122987,0.2719511,0.1104316,0.01023391,0.2686308,0.1220413,0.0017779470000000002,0.27553920000000004,0.1124161,0.02576526,0.3123229,0.096427,0.02457075,0.28677559999999996,0.10322730000000001,0.01021223,0.2816823,0.11325239999999999,0.0006794035,0.2866632,0.13588670000000003,0.02728625,0.28517600000000004,0.1619475,-0.03625336,0.2860937,0.16261289999999998,-0.01651002,0.26335549999999996,0.2722555,-0.24305090000000001,0.21475500000000003,0.1774239,-0.03616089,0.26768759999999997,0.157502,-0.05702559,0.29736599999999996,0.28221640000000003,-0.2326186,0.19991579999999998,0.2622946,-0.2534833,0.2295942
113,17:16:32.996 PM,0.15853570000000003,0.02005626,0.24038330000000002,0.14572960000000001,0.04321902,0.2283259,0.1316376,0.05669479,0.2240401,0.14377679999999998,0.05591048,0.27393470000000003,0.11667839999999999,0.04735319,0.2507938,0.1222507,0.02753805,0.249596,0.1325818,0.0188707,0.2551248,0.1334713,0.0509295,0.2904334,0.1078766,0.04262285,0.25934650000000004,0.11531110000000001,0.01953958,0.258822,0.1256115,0.009938642,0.2664821,0.12390160000000001,0.03998606,0.3051366,0.1013332,0.03364117,0.27508740000000004,0.11063410000000001,0.01221423,0.2715146,0.12176630000000001,0.0028743590000000004,0.2780607,0.1133508,0.02735011,0.3154566,0.09736983,0.02700062,0.2898788,0.1036252,0.01238632,0.2848146,0.11320439999999998,0.00234282,0.2896675,0.1369619,0.0280007,0.28839699999999996,0.1607728,-0.03638254,0.28913390000000005,0.1619575,-0.0167782,0.26651990000000003,0.2710032,-0.2427002,0.21630300000000002,0.1763465,-0.03614007,0.2708114,0.1562223,-0.05725678,0.3001733,0.28106529999999996,-0.23214189999999998,0.201622,0.2609411,-0.2532586,0.23098400000000002
114,17:16:33.029 PM,0.159832,0.02117471,0.2455437,0.1484219,0.04487921,0.2331433,0.1350575,0.05892988,0.228399,0.14485499999999998,0.05699809,0.2792466,0.118093,0.05044712,0.2550831,0.12192439999999999,0.03020956,0.2541712,0.1312097,0.02068006,0.2601185,0.1340242,0.0520571,0.29541740000000005,0.1090094,0.04482894,0.263598,0.11594349999999999,0.02159272,0.2629876,0.12584189999999998,0.01170984,0.2708171,0.1238385,0.04116048,0.3097364,0.10182089999999999,0.03588389,0.2790785,0.1107599,0.0143006,0.2755236,0.1214904,0.004566774,0.2821656,0.112745,0.02864747,0.3196279,0.09734798,0.02912743,0.29369670000000003,0.1034757,0.01441869,0.2887515,0.11270419999999999,0.004140168,0.2937884,0.13704270000000002,0.02908029,0.2931789,0.1596168,-0.0357472,0.2937887,0.1615593,-0.01599532,0.2713696,0.27307929999999997,-0.24125789999999997,0.2236917,0.17575220000000003,-0.03536132,0.27596149999999997,0.1548277,-0.05668416,0.3046062,0.28354159999999995,-0.2305964,0.20936929999999998,0.262617,-0.25191929999999996,0.2380141
115,17:16:33.062 PM,0.1591111,0.026587200000000002,0.2545147,0.14978429999999998,0.051380499999999996,0.24251079999999997,0.137353,0.06618963,0.2375442,0.1403334,0.05982174,0.28937470000000004,0.1137296,0.05860348,0.26421550000000005,0.11468350000000001,0.03860126,0.2593978,0.1221642,0.02662744,0.26295100000000005,0.1290451,0.05369337,0.30480219999999997,0.10404569999999999,0.05231781,0.2722114,0.1090858,0.0291452,0.2672294,0.11808319999999999,0.01711895,0.27278270000000004,0.1186204,0.04174609,0.31806409999999996,0.09612525,0.04180856,0.2873167,0.1036605,0.02066632,0.2799952,0.11379739999999999,0.009151771999999999,0.2842588,0.107493,0.02842508,0.3267819,0.09175257,0.03306313,0.3014883,0.09706934,0.01907699,0.2941402,0.1058349,0.007603839,0.29683930000000003,0.1327256,0.03096853,0.3013613,0.15688529999999998,-0.03336808,0.2996209,0.159161,-0.01216245,0.27795380000000003,0.2775283,-0.2366416,0.235236,0.173989,-0.03263043,0.2827328,0.15184579999999998,-0.05443308,0.31007049999999997,0.2885998,-0.22574029999999998,0.2215672,0.2664567,-0.2475429,0.24890479999999998
116,17:16:33.094 PM,0.1596507,0.03181927,0.2704424,0.15068579999999998,0.05701269,0.25901599999999997,0.1377517,0.07097383,0.25300700000000004,0.1311443,0.05844806,0.3042969,0.1072463,0.07694553,0.2837765,0.09742887,0.0721647,0.2667532,0.09623214,0.06126784,0.25745830000000003,0.11799269999999999,0.04929216,0.3163725,0.09356514,0.06746162,0.28893820000000003,0.08852378,0.05808778,0.2675725,0.09131116,0.045628800000000004,0.2581915,0.1068281,0.03475721,0.3259183,0.08290371,0.05035169,0.30083190000000004,0.08143328,0.04082756,0.2795937,0.0868073,0.029345999999999997,0.2701617,0.09601945,0.01936872,0.33075820000000006,0.07752937,0.03333972,0.3115343,0.07833083,0.029017200000000003,0.2956486,0.08557200000000001,0.01995979,0.286781,0.12509510000000001,0.02768277,0.3114356,0.1562625,-0.03358318,0.3079375,0.1607161,-0.009200349,0.28961370000000003,0.2933241,-0.22680140000000001,0.2455516,0.1761444,-0.03073547,0.2947167,0.1500869,-0.05575271,0.31491979999999997,0.3063528,-0.21429279999999998,0.23545010000000002,0.2802953,-0.23931,0.2556532
117,17:16:33.123 PM,0.16541760000000003,0.03187154,0.2815058,0.15997089999999997,0.05761875,0.26912659999999994,0.1490413,0.07206137,0.2607342,0.1261829,0.05465446,0.3116929,0.1070011,0.08469774,0.3033882,0.09540399,0.09767260000000001,0.292419,0.08904678,0.09868433,0.2793965,0.111863,0.04384412,0.320702,0.08683421,0.0747842,0.3106605,0.07308272,0.08827741,0.296078,0.06873203,0.08841668,0.28070900000000004,0.100388,0.02797781,0.32733470000000003,0.07339604,0.05302773,0.3177521,0.0591765,0.0639777,0.3025508,0.0566013,0.06314312,0.2869031,0.09017803,0.01157673,0.3293689,0.06616094,0.02813007,0.3218835,0.05580544,0.03539924,0.3111718,0.05482180000000001,0.0363719,0.2966167,0.1214895,0.02314754,0.316128,0.157331,-0.03564957,0.31535009999999997,0.1633776,-0.009652436,0.2994813,0.308988,-0.2216482,0.2661413,0.1790557,-0.03156374,0.3058836,0.150772,-0.05833527,0.31989570000000006,0.3231299,-0.2082625,0.2591352,0.2948461,-0.23503400000000002,0.2731473
118,17:16:33.154 PM,0.1694164,0.03418894,0.300581,0.1658569,0.06147523,0.291133,0.1550846,0.07637186,0.2833461,0.1225961,0.05139051,0.32819240000000005,0.10584380000000002,0.08334617,0.3350537,0.09487360000000002,0.10047919999999999,0.3315145,0.08794657,0.10718910000000001,0.32056640000000003,0.10810399999999999,0.03893776,0.3343828,0.0824775,0.07000856,0.3431209,0.06672122,0.08813809,0.339446,0.05991653,0.09475012,0.3264982,0.09695089999999999,0.02188466,0.337925,0.06864442,0.046508,0.3451077,0.0509828,0.06190376,0.3416677,0.04476862,0.06737204,0.3280085,0.08752558,0.00491482,0.3369885,0.06081023,0.01805703,0.34227540000000006,0.0461898,0.0260991,0.3409989,0.03940079,0.03207235,0.3293605,0.1192712,0.01939182,0.3284311,0.158084,-0.03751191,0.3248629,0.1643431,-0.009259045,0.3124175,0.3197871,-0.21693049999999997,0.2838309,0.1807567,-0.03239431,0.3186915,0.1515817,-0.06057138,0.3269311,0.33437459999999997,-0.202842,0.2797111,0.30519959999999996,-0.231019,0.2879508
119,17:16:33.183 PM,0.17554720000000001,0.02993096,0.32213109999999995,0.17567760000000002,0.05859978,0.31734229999999997,0.164742,0.07403018,0.31095490000000003,0.124367,0.04647784,0.34663330000000003,0.11144589999999999,0.07680045,0.3626218,0.10233980000000001,0.09529226,0.3625085,0.09648065,0.1048542,0.3532865,0.10893419999999998,0.03414343,0.35019720000000004,0.08556198,0.06239919,0.3687683,0.07071386,0.08156957,0.3691412,0.06363812,0.09176786,0.3591313,0.09680363,0.01741622,0.35074299999999997,0.07056184,0.03956594,0.3672439,0.0535953,0.05600168,0.36753009999999997,0.04591257,0.06551303,0.35740959999999994,0.08670886,0.0012552289999999999,0.3469802,0.06107679,0.01069352,0.35974670000000003,0.04632249,0.01825307,0.3616022,0.03757229,0.0264204,0.3531249,0.1195888,0.01495954,0.3424247,0.15581370000000003,-0.04318126,0.334202,0.1643114,-0.01378196,0.3256226,0.3100084,-0.2276249,0.28704759999999996,0.17917320000000003,-0.03894396,0.33036709999999997,0.14787360000000002,-0.06586292,0.33332140000000005,0.3256582,-0.2141654,0.2855705,0.29435859999999997,-0.2410844,0.2885248
120,17:16:33.211 PM,0.18296120000000002,0.01967295,0.3478228,0.19187020000000002,0.04719709,0.3508372,0.1801367,0.06269582,0.34629,0.1275384,0.04006876,0.36755879999999996,0.11767380000000001,0.06852381,0.38844090000000003,0.11057660000000001,0.08781658,0.39002709999999996,0.1061586,0.09901921,0.38181770000000004,0.1110119,0.02876751,0.3691026,0.08936173,0.05493014,0.39228209999999997,0.07589249,0.07499988,0.39432490000000003,0.06887288,0.08780949,0.3877216,0.0975514,0.01318236,0.3672457,0.07224839999999999,0.03314538,0.3875875,0.05603954,0.05021732,0.3896392,0.04776521,0.062005,0.3828121,0.08635493,-0.0015206629999999998,0.3612493,0.06102464,0.005185828,0.37618709999999994,0.0462868,0.01264642,0.3785297,0.03701223,0.02190535,0.3718628,0.1204107,0.009759440999999999,0.3594889,0.15226789999999998,-0.04992621,0.3459491,0.16336040000000002,-0.02058381,0.3409645,0.2972715,-0.2392701,0.2898608,0.17604189999999997,-0.04695649,0.3438796,0.1429942,-0.07183031,0.34240970000000004,0.3137954,-0.22683320000000004,0.2905957,0.28074770000000004,-0.251707,0.2891258
121,17:16:33.242 PM,0.1876785,0.004330039,0.3707023,0.2007372,0.02867337,0.37976620000000005,0.1940967,0.04744525,0.3808239,0.1315006,0.02801497,0.39000690000000005,0.12371589999999999,0.05510576,0.41342460000000003,0.1178793,0.07454605,0.4170223,0.1139733,0.0870076,0.4105737,0.11443099999999999,0.01746203,0.3906921,0.09474841,0.04257964,0.41661509999999996,0.08259528,0.06309904,0.4210102,0.07612774,0.07701628,0.41641090000000003,0.10012280000000001,0.002898455,0.3874281,0.07628745,0.02154572,0.41059009999999996,0.06095008,0.03882758,0.4154998,0.05253674,0.05178095,0.4116277,0.08803575,-0.01042587,0.38009380000000004,0.06354444,-0.004858345,0.3967922,0.04925837,0.0031278879999999997,0.400021,0.03921379,0.01315522,0.39622470000000004,0.12259980000000001,-0.0007543713000000001,0.3787193,0.1510832,-0.06013422,0.3581288,0.1634732,-0.03087808,0.3556992,0.2868175,-0.2520322,0.28907459999999996,0.1749861,-0.05821408,0.35631840000000004,0.14075379999999998,-0.08124415,0.35303379999999995,0.3039337,-0.24051720000000001,0.29071690000000006,0.26970140000000004,-0.26354720000000004,0.2874323
122,17:16:33.271 PM,0.1873456,-0.008124128000000001,0.39169770000000004,0.1994134,0.01500876,0.4045433,0.1966806,0.03394715,0.4102255,0.1315771,0.01372336,0.4123861,0.12480190000000001,0.03958862,0.43744740000000004,0.11996869999999998,0.05862431,0.4437166,0.1166078,0.07227568,0.4398817,0.1144221,0.0033196659999999998,0.41156800000000004,0.09588626,0.027362900000000002,0.43929470000000004,0.08474943,0.04734667,0.44734940000000006,0.07902491,0.06206231,0.44459099999999996,0.10003279999999999,-0.01057559,0.4063374,0.07695062,0.006242484,0.43157280000000003,0.06221095,0.02259339,0.440155,0.05414954,0.0362445,0.43853240000000004,0.08791003,-0.02273595,0.39724790000000004,0.06357208,-0.01910269,0.41468820000000006,0.04939347,-0.01162516,0.41931260000000004,0.03905958,-0.001300365,0.4176496,0.12255810000000002,-0.01327072,0.3974061,0.1508803,-0.0698406,0.369847,0.16340439999999998,-0.040529699999999995,0.3710079,0.28812150000000003,-0.2548124,0.2863578,0.1748314,-0.06788418,0.3689383,0.1406532,-0.09029419,0.3624068,0.3052106,-0.2436074,0.28962350000000003,0.2710324,-0.26601740000000007,0.28309209999999996
123,17:16:33.303 PM,0.1858773,-0.01768026,0.4076065,0.1941641,0.006478772,0.42150740000000003,0.1897841,0.02478437,0.4281427,0.1316769,-0.00045131150000000004,0.43236179999999996,0.12603789999999998,0.02317695,0.459796,0.1218212,0.0410509,0.4691595,0.1185354,0.05514474,0.4674374,0.11463279999999999,-0.01095614,0.43082700000000007,0.09713509,0.01048987,0.46122470000000004,0.08637644,0.02873732,0.4730344,0.08082823,0.04370491,0.47157259999999995,0.1002971,-0.02443799,0.4244847,0.07804938,-0.01035157,0.4520325,0.06358946,0.0041453390000000005,0.4638228,0.05558531,0.01792677,0.4637627,0.08812086,-0.03576335,0.41443789999999997,0.06427972,-0.03427738,0.43285029999999997,0.05015124,-0.02800144,0.4391192,0.03972579,-0.01763842,0.43881620000000005,0.1226489,-0.02587616,0.41485489999999997,0.151377,-0.07890263,0.3814198,0.16322,-0.04967833,0.3849278,0.2971861,-0.25144479999999997,0.28663459999999996,0.1752315,-0.07589161,0.3809749,0.1421034,-0.09916788,0.3723863,0.3137502,-0.2398067,0.29092890000000005,0.28062209999999993,-0.263083,0.2823403
124,17:16:33.335 PM,0.18443579999999998,-0.028931099999999998,0.41787349999999995,0.19171960000000002,-0.003993809,0.4309491,0.185756,0.01414265,0.4367871,0.13239579999999998,-0.01447526,0.4478539000000001,0.12833060000000002,0.005917355,0.4780385999999999,0.1248693,0.022247,0.4901482,0.1216671,0.03644674,0.4894103,0.11511410000000001,-0.02459525,0.44638540000000004,0.09914419,-0.006054983000000001,0.4794318,0.08903128,0.01041444,0.4940969,0.083362,0.02540104,0.4946974,0.100297,-0.03744581,0.43983859999999997,0.07966931,-0.02526768,0.4694853,0.06603249,-0.01166922,0.4831811,0.05835839,0.00226289,0.4842066,0.08753338,-0.04795897,0.42963670000000004,0.06454336,-0.0473299,0.4491517,0.05079816,-0.04153892,0.4566291,0.04064158,-0.03092448,0.45725140000000003,0.1222285,-0.03867166,0.4292577,0.1491709,-0.08982514,0.39184640000000004,0.1611636,-0.06131315,0.3963915,0.30155679999999996,-0.2519473,0.2892752,0.1728904,-0.08587191,0.391577,0.14069,-0.1099906,0.3818586,0.317657,-0.2398879,0.2941344,0.2854566,-0.2640066,0.284416
125,17:16:33.369 PM,0.1832476,-0.03555436,0.4247947,0.19101089999999998,-0.01077358,0.4378913,0.1847716,0.007257326999999999,0.443766,0.13176770000000002,-0.02391568,0.4575867,0.1277672,-0.007074043,0.48989049999999995,0.1241953,0.007582814,0.5039455,0.1206855,0.02166416,0.5052991,0.1144999,-0.03401799,0.45585950000000003,0.0984098,-0.01891041,0.49055109999999996,0.08795881,-0.003975391,0.506555,0.08171114,0.01059483,0.5089288,0.09963818,-0.04659513,0.44889759999999995,0.07936133,-0.03701736,0.479716,0.06571791,-0.0247373,0.4945981,0.05766957,-0.01120426,0.4970678,0.08677465,-0.05665492,0.4383706,0.06405269,-0.05770044,0.45818050000000005,0.05028079,-0.05271907,0.46617359999999997,0.04003549,-0.04223028,0.46727070000000004,0.1214325,-0.04723065,0.43798679999999995,0.148318,-0.09647641,0.39812459999999994,0.1600024,-0.06812526,0.4035723,0.3042094,-0.25316710000000003,0.2924407,0.1719681,-0.09211913,0.3981525,0.140257,-0.1165027,0.3875284,0.32006490000000004,-0.24097529999999998,0.2977527,0.2883538,-0.26535890000000006,0.28712859999999996
126,17:16:33.400 PM,0.18213429999999997,-0.03678817,0.4272537,0.1894318,-0.01164863,0.4399264,0.18205220000000003,0.006084844,0.445363,0.130714,-0.02780688,0.461984,0.12671269999999998,-0.01275055,0.4951538,0.1227902,0.001459733,0.5095677,0.11883610000000001,0.01539536,0.5111667999999999,0.1136915,-0.03831583,0.4602541,0.09741421,-0.02505526,0.4956038,0.08647316,-0.01034518,0.5114871,0.07988224,0.004137769,0.5134183,0.09907433,-0.05113265,0.45321359999999994,0.0789459,-0.04360478,0.4846871,0.06502615,-0.03219131,0.4999951,0.05664558,-0.01886907,0.5025023000000001,0.08634676,-0.06131147,0.44263640000000004,0.06359776,-0.06359451,0.4623068,0.0495911,-0.0591132,0.47018509999999997,0.03930321,-0.04862694,0.47079940000000003,0.12074349999999999,-0.05098872,0.44204170000000004,0.1483742,-0.09883144,0.4009922,0.1594159,-0.07019429,0.4067731,0.3063146,-0.2513869,0.2923491,0.17193329999999998,-0.09400903,0.4008465,0.14060910000000001,-0.1189094,0.3902735,0.3219767,-0.2389368,0.2976355,0.29065250000000004,-0.2638371,0.2870626
127,17:16:33.430 PM,0.1818348,-0.03512491,0.42741899999999994,0.18852439999999998,-0.009559244,0.4395651,0.18021320000000002,0.007927641,0.4444322,0.12975119999999998,-0.02837963,0.4632242999999999,0.12561019999999998,-0.01418526,0.49675649999999993,0.1213642,-8.036196e-05,0.5111825,0.1171088,0.01376639,0.5127845999999999,0.11302739999999999,-0.03933218,0.46133379999999996,0.09639478,-0.02673908,0.4967635,0.08505067,-0.01209849,0.5124271,0.07819983,0.002298787,0.5140823,0.09878495,-0.05246867,0.4541152,0.07855752,-0.04599613,0.48576179999999997,0.06436649,-0.03508826,0.5011895000000001,0.05567371,-0.02198991,0.5038123999999999,0.08636832,-0.06287846,0.4433937,0.06361849,-0.06601472,0.4629474,0.04945546,-0.06195834,0.4707773,0.03895195,-0.05168445,0.47133230000000004,0.12047139999999999,-0.0516111,0.44300690000000004,0.1494276,-0.09837542,0.4015901,0.159748,-0.06937055,0.4076447,0.3095118,-0.24877620000000003,0.2930782,0.1729192,-0.09323347,0.40146259999999995,0.1419444,-0.11855750000000001,0.3908664,0.3249991,-0.23611420000000002,0.2983763,0.2940244,-0.2614382,0.28778000000000004
128,17:16:33.460 PM,0.18224300000000002,-0.03545955,0.4266189,0.1894494,-0.009785265,0.4382282,0.1810332,0.007797018,0.44253760000000003,0.1302475,-0.02760202,0.46244409999999997,0.1259538,-0.01289032,0.495733,0.1216549,0.001601622,0.5097539000000001,0.11748389999999999,0.01550977,0.5110083,0.1133688,-0.03833501,0.4606749,0.09655082,-0.02510591,0.4957835,0.08518306,-0.01007672,0.5110568,0.07846429,0.004425913,0.5122758,0.09895199,-0.05136839,0.4536175,0.07844144,-0.04419041,0.48492749999999996,0.06416256,-0.03281493,0.4999303,0.05561797,-0.01952139,0.5019987,0.08640929,-0.06175536,0.4430214,0.06339683,-0.06442687,0.46233500000000005,0.04915697,-0.06005195,0.4698473,0.03877615,-0.04964063,0.47000559999999997,0.1206753,-0.05099726,0.4425547,0.1489289,-0.09882963,0.401851,0.1597709,-0.06986362,0.40756770000000003,0.30500720000000003,-0.2538745,0.2940491,0.1725276,-0.09421339999999999,0.4015402,0.14093789999999998,-0.1189503,0.3913815,0.320802,-0.241506,0.29912849999999996,0.28921240000000004,-0.266243,0.2889698
129,17:16:33.489 PM,0.1820413,-0.0350332,0.4263477,0.1890132,-0.009279773,0.43792479999999995,0.1806244,0.008361578,0.44204220000000005,0.1300574,-0.02684289,0.4613742,0.125146,-0.01178442,0.4944219,0.1206011,0.0028421279999999998,0.5082239000000001,0.11642670000000001,0.01674543,0.5095202,0.11312509999999999,-0.03746183,0.459437,0.09583277,-0.02392049,0.4941946,0.08431407,-0.008805081,0.5092686,0.07756904,0.005671814,0.5106391,0.09870794,-0.05042814,0.45225779999999993,0.07765488,-0.04272127,0.4830784000000001,0.06317721,-0.03103375,0.49764490000000006,0.05462146,-0.0177329,0.49961859999999997,0.08623154,-0.06078129,0.44155079999999997,0.06292474,-0.06319731,0.46054269999999997,0.04860359,-0.05863652,0.4677853,0.038196100000000004,-0.0482509,0.46787029999999996,0.12057930000000001,-0.05027664,0.441485,0.1487754,-0.09864606,0.4013001,0.15999860000000002,-0.06962042,0.40712709999999996,0.2994377,-0.2585677,0.2929112,0.17250420000000002,-0.09476419999999999,0.4008677,0.14011279999999998,-0.1185201,0.39089359999999995,0.3156334,-0.24668979999999996,0.2978982,0.2832421,-0.27044559999999995,0.2879242
130,17:16:33.521 PM,0.1818411,-0.03337575,0.42579750000000005,0.18844470000000002,-0.0075880140000000006,0.43751309999999993,0.1799967,0.01001705,0.4416642,0.12951379999999998,-0.02575937,0.46020649999999996,0.1243271,-0.01060772,0.4931695,0.11963010000000002,0.004059821,0.5068765000000001,0.1153907,0.01796676,0.5078511,0.1127192,-0.03656302,0.4581005999999999,0.09519294,-0.02299017,0.49272849999999996,0.08354725,-0.007876694,0.5077065,0.07680310000000001,0.006620631,0.5088108,0.09851804,-0.04968682,0.4507788,0.07717387,-0.04192896,0.48138559999999997,0.06253174,-0.03026466,0.4958055,0.05392152,-0.01697713,0.49762,0.08626445,-0.06017673,0.43994859999999997,0.06289621,-0.0627428,0.45884490000000006,0.04852086,-0.05828114,0.46604170000000006,0.03802484,-0.04798535,0.4661374,0.120494,-0.04929709,0.44022740000000005,0.14938339999999997,-0.09748147,0.4002407,0.1604672,-0.06821164,0.40627340000000006,0.29724229999999996,-0.2592714,0.2907701,0.173158,-0.09391165,0.3996617,0.1403947,-0.11723030000000001,0.38987259999999996,0.3136239,-0.2476121,0.2956647,0.28086059999999996,-0.27093079999999997,0.2858756
131,17:16:33.550 PM,0.1820473,-0.03297421,0.4247719,0.189142,-0.007289901,0.43642770000000003,0.1813615,0.01059787,0.4406744000000001,0.1296722,-0.02450931,0.45868820000000005,0.1245163,-0.008793756,0.4913909000000001,0.1199425,0.006055474,0.5049433,0.11584680000000001,0.02000628,0.5059477,0.1128027,-0.03520387,0.4566231,0.0953321,-0.02087335,0.4909728,0.08383821,-0.005469456,0.5057712000000001,0.07721254,0.009083509,0.5068963,0.09853146,-0.04829495,0.44937910000000003,0.07712469,-0.03979865,0.47974529999999993,0.06256096,-0.02782664,0.4939914000000001,0.05403691,-0.01447666,0.49576000000000003,0.08624382,-0.05880538,0.43860730000000003,0.06280328,-0.06095457,0.45746620000000005,0.0484544,-0.05636519,0.4646356,0.03795598,-0.04607172,0.46474259999999995,0.1205563,-0.0481904,0.43892309999999995,0.14923150000000002,-0.09692368,0.3994469,0.1605296,-0.06778136,0.40535440000000006,0.2959659,-0.25886770000000003,0.28869859999999997,0.1730193,-0.09345576,0.3987948,0.1401171,-0.116586,0.38902420000000004,0.312417,-0.24730259999999998,0.29358379999999995,0.2795149,-0.2704328,0.2838133
132,17:16:33.581 PM,0.1825704,-0.03274223,0.4240521,0.1903424,-0.0073068890000000004,0.43582079999999995,0.1833719,0.01082966,0.4404048,0.1300679,-0.02372837,0.4575902,0.1249914,-0.007436231,0.4900219,0.1205123,0.007557451999999999,0.5034460999999999,0.1164747,0.02152516,0.5044478,0.1131992,-0.0344422,0.45562299999999994,0.09581360000000001,-0.01959868,0.4897973,0.08440356,-0.004071295,0.5045312,0.07779136,0.01048614,0.5056763,0.09892751,-0.04759718,0.4484973,0.07752907,-0.03862569999999999,0.4787321,0.06301278,-0.02659285,0.4929751,0.05444328,-0.01328595,0.49484490000000003,0.08663810000000001,-0.05820213,0.43782089999999996,0.06320369999999999,-0.06018934,0.45670479999999997,0.04886185,-0.05566072,0.46392609999999995,0.03823864,-0.04549794,0.4641367,0.1209491,-0.04758124,0.4380347,0.1495918,-0.09657080000000001,0.39885490000000007,0.16091470000000002,-0.06745897,0.4046268,0.296064,-0.2575094,0.28630859999999997,0.173362,-0.09301681,0.3980427,0.14046889999999998,-0.11621860000000002,0.3884125,0.31251059999999997,-0.24590839999999997,0.2911237,0.2796174,-0.2691103,0.2814935
133,17:16:33.610 PM,0.1830111,-0.032173099999999996,0.4240266,0.19102660000000002,-0.006981328,0.43615109999999996,0.1844459,0.01119782,0.4411266,0.1301146,-0.02336407,0.4571732,0.125118,-0.006807715,0.4894835,0.12069260000000001,0.008287922,0.5028111,0.1166837,0.02228798,0.5033923,0.1133406,-0.03421411,0.45514129999999997,0.09597889999999999,-0.01926334,0.48928109999999997,0.08458119,-0.0036475059999999996,0.503931,0.07807374,0.01098463,0.5046457999999999,0.099196,-0.04747121,0.44795100000000004,0.07775151,-0.03841925,0.4781295,0.06321607,-0.0264128,0.4923755,0.05466764,-0.01307452,0.49411450000000007,0.08702051,-0.05815332,0.43722079999999997,0.06358492,-0.06026377,0.4560902,0.04922409,-0.05584504,0.4633424,0.03855165,-0.04573432,0.4635798,0.1212411,-0.04724599,0.43753980000000003,0.1503555,-0.09587422,0.3982466,0.1614495,-0.06670903,0.4041781,0.2975375,-0.2550103,0.2840747,0.17410050000000002,-0.09216365,0.3973992,0.14132879999999998,-0.11549839999999999,0.38767690000000005,0.3139234,-0.24334299999999998,0.28893579999999996,0.28115159999999995,-0.2666777,0.2792135
134,17:16:33.633 PM,0.1830727,-0.03204478,0.4236317,0.1913924,-0.00687474,0.4355946,0.1853001,0.01144853,0.440659,0.1305429,-0.02275281,0.45684129999999995,0.12557939999999998,-0.005728483,0.488912,0.1211838,0.009476453000000001,0.5021246,0.11716789999999999,0.02346407,0.5029125,0.1137223,-0.03356574,0.45500799999999997,0.09647143,-0.018107400000000003,0.48897700000000005,0.08514784,-0.002341941,0.5035235,0.07857633,0.01224867,0.50446,0.0994945,-0.04684474,0.4480258,0.07814129,-0.03731769,0.47812209999999994,0.06368118,-0.02516159,0.49231759999999997,0.055082500000000006,-0.01187384,0.49418959999999995,0.08722464,-0.05759004,0.4374679,0.06374099999999999,-0.05932684,0.4563151,0.04938868,-0.05479106,0.4635114000000001,0.03867814,-0.04472008,0.4637187,0.12148210000000001,-0.0467951,0.43749170000000004,0.1502194,-0.09584823,0.39846390000000004,0.1614405,-0.06671737,0.4041013,0.29691300000000004,-0.2547647,0.283362,0.1739474,-0.09207801,0.3974257,0.1411608,-0.1155101,0.38799179999999994,0.31330630000000004,-0.24304859999999998,0.288079,0.28051970000000004,-0.2664807,0.2786451
135,17:16:33.662 PM,0.1829316,-0.0312846,0.42457290000000003,0.19073289999999998,-0.00617969,0.437013,0.18449089999999999,0.01200111,0.44240159999999995,0.13003,-0.02310312,0.4571999,0.1245271,-0.006072401999999999,0.48917959999999994,0.11979389999999998,0.009119302,0.5022905,0.11558110000000002,0.02306227,0.5027918,0.1134118,-0.03418197,0.4551233,0.09566367,-0.01894674,0.4889371,0.08402182,-0.0032401979999999997,0.5032951,0.07734488,0.01131891,0.5039298,0.09947017,-0.04763266,0.4478964,0.07771137,-0.03833351,0.47777309999999995,0.06298823,-0.02628702,0.4917907,0.05428262,-0.01304542,0.49348800000000004,0.08747225,-0.05848239,0.4371344,0.06378713,-0.06040712,0.4557098,0.04933192,-0.0559587,0.46275320000000003,0.03857603,-0.04593466,0.462868,0.1215394,-0.04710801,0.43754719999999997,0.1513431,-0.09534457,0.3982663,0.162104,-0.06602579,0.4043036,0.2990237,-0.2527574,0.28236259999999996,0.1750547,-0.09145372,0.3973015,0.14239949999999998,-0.1149767,0.3876407,0.3153513,-0.24099589999999999,0.28719290000000003,0.2826961,-0.26451890000000006,0.2775322
136,17:16:33.694 PM,0.1825144,-0.029817400000000004,0.42454220000000004,0.1895466,-0.004492179000000001,0.4369928,0.1830869,0.01355191,0.44257959999999996,0.1303041,-0.02283354,0.4574687,0.1243491,-0.005465746,0.48918500000000004,0.1192286,0.009728134,0.5021469,0.1146396,0.02354337,0.5028385000000001,0.11389189999999999,-0.03424548,0.45556709999999995,0.09592098,-0.01890488,0.48921509999999996,0.08401161,-0.0032736959999999996,0.5034352,0.0769559,0.01109266,0.5043129,0.10015239999999999,-0.0479814,0.44849140000000004,0.07834336,-0.03867915,0.4783304,0.06348749,-0.02678838,0.4923409000000001,0.05446751,-0.01379277,0.4942805,0.08826927,-0.05908222,0.43785920000000006,0.06464518,-0.06101099,0.4565116,0.05018124,-0.056705,0.4636252,0.03920765,-0.04692326,0.46390909999999996,0.12210370000000001,-0.04702726,0.437925,0.1524283,-0.09475851,0.398415,0.1627102,-0.06516868,0.40430309999999997,0.3011244,-0.2504375,0.2814727,0.17606660000000002,-0.09051865,0.3971646,0.1436595,-0.1145663,0.3879712,0.31732790000000005,-0.2384137,0.28606940000000003,0.28492090000000003,-0.2624613,0.276876
137,17:16:33.724 PM,0.1818276,-0.02762704,0.4245997,0.1880191,-0.002096251,0.4370786,0.18131029999999998,0.01582222,0.4427763,0.1303406,-0.02211507,0.457696,0.123795,-0.004260674,0.4890236,0.1182857,0.01102884,0.5017108,0.11341760000000002,0.02473663,0.5026102,0.1141298,-0.03381076,0.4557880999999999,0.09586716,-0.01800177,0.4890604,0.08378304,-0.0023401529999999998,0.5030985,0.07645295,0.01185513,0.5044122999999999,0.1006207,-0.04776287,0.44869129999999996,0.07860031,-0.0382569,0.4783103,0.06361265,-0.02645542,0.4922558,0.05434247,-0.01368828,0.4945089,0.08891244,-0.05903375,0.4380438,0.06521167,-0.06090811,0.45660439999999997,0.05072965,-0.05685636,0.46382979999999996,0.039446499999999995,-0.04745363,0.4645129,0.122527,-0.04637751,0.43807870000000004,0.15353670000000003,-0.09350982,0.398357,0.1633723,-0.063665,0.4042952,0.3029942,-0.24842489999999998,0.28137059999999997,0.17713589999999999,-0.08908891,0.3969988,0.14488320000000002,-0.11342229999999999,0.3880166,0.3191205,-0.2362583,0.2858617,0.2868679,-0.26059160000000003,0.2768795
138,17:16:33.755 PM,0.1819004,-0.02405183,0.4221152,0.1872264,0.001698866,0.4345411,0.18022620000000003,0.01944892,0.44041270000000005,0.1311886,-0.02009581,0.45585109999999995,0.12449339999999999,-0.002085775,0.4870575,0.11876400000000001,0.01309836,0.49977380000000005,0.11357560000000001,0.02667762,0.5008180999999999,0.11525679999999999,-0.03219713,0.4541348,0.0970812,-0.01638581,0.4874535,0.08489018,-0.0008914322,0.5015844,0.07728972,0.01314721,0.5030345,0.1020153,-0.04647878,0.44719140000000007,0.08018783,-0.03691758,0.4769349,0.06522034,-0.02528329,0.4910416,0.05572563,-0.01274009,0.4935957,0.0904595,-0.05802976,0.4366784000000001,0.06697199,-0.05981579,0.4555165,0.0525732,-0.05587085,0.4629638,0.04110046,-0.04673655,0.46402259999999995,0.12373920000000001,-0.04452354,0.43629759999999995,0.15535339999999997,-0.09098069,0.39623159999999996,0.1645669,-0.06072387,0.40195879999999995,0.30550770000000005,-0.2461904,0.2805357,0.1788892,-0.08632384,0.3945902,0.14683310000000002,-0.11115850000000001,0.3863034,0.3215358,-0.2337731,0.28467909999999996,0.2894797,-0.2586077,0.2763923
139,17:16:33.790 PM,0.1808799,-0.01652801,0.4123893,0.1848575,0.01037385,0.42269529999999994,0.17720529999999998,0.02816905,0.4275209,0.13185229999999998,-0.01392362,0.44855730000000005,0.1254385,0.004426673,0.47962440000000006,0.11954300000000001,0.01932763,0.492597,0.11377290000000001,0.03256126,0.4945912,0.1164645,-0.02681012,0.4479775,0.098484,-0.01061384,0.481217,0.08595261,0.004544154,0.4954147,0.07749661,0.01799767,0.49752170000000007,0.1036955,-0.04200667,0.4421899,0.08243366,-0.03201549,0.47220070000000003,0.06745005,-0.02059658,0.48646530000000004,0.05733454,-0.008639425,0.48941549999999995,0.09236372,-0.05457775,0.43265010000000004,0.06946754,-0.0560841,0.45222609999999996,0.05517747,-0.05239607,0.4600071,0.04322777,-0.04393752,0.46136109999999997,0.1249354,-0.03959987,0.43046409999999996,0.1573839,-0.0865773,0.3916832,0.1653431,-0.05558944,0.3955347,0.31045609999999996,-0.2424522,0.2808079,0.1806532,-0.08110709,0.3890502,0.1494218,-0.107635,0.38322849999999997,0.32607179999999997,-0.22918829999999998,0.2837187,0.29484040000000006,-0.2557162,0.277897
140,17:16:33.823 PM,0.1790342,-0.0055476580000000005,0.39800690000000005,0.1809558,0.02246217,0.4055817,0.17182479999999997,0.03988947,0.408952,0.1312988,-0.004095271,0.43669189999999997,0.1248082,0.01486291,0.4673754,0.118279,0.02974243,0.48006530000000003,0.1115124,0.04253148,0.48180290000000003,0.11690170000000001,-0.01805733,0.43764390000000003,0.09846063,-0.001764446,0.4705822,0.08488710000000001,0.01306899,0.48414890000000005,0.07524835,0.02579941,0.48553199999999996,0.10510499999999999,-0.03451268,0.4334639,0.08373837,-0.02443567,0.4633713,0.06799212,-0.01315947,0.47690779999999994,0.05696157,-0.001812354,0.47878000000000004,0.09441488,-0.04852976,0.42530070000000003,0.07200982,-0.05044788,0.4454018,0.05754632,-0.04729842,0.45309790000000005,0.04502926,-0.03961858,0.4537975,0.1256852,-0.03146042,0.42075450000000003,0.15984820000000002,-0.07911083,0.38423559999999995,0.16592820000000003,-0.04704049,0.385452,0.3121589,-0.2411573,0.2814638,0.1828055,-0.07335281,0.3799774,0.1521219,-0.1010735,0.37821659999999996,0.32750070000000003,-0.22729699999999997,0.2823442,0.2968171,-0.2550177,0.28058340000000004
141,17:16:33.856 PM,0.1763033,0.006784767,0.3795166,0.17569210000000002,0.03549476,0.38416209999999995,0.165521,0.05253772,0.3863209,0.13073410000000002,0.007950976,0.42077120000000007,0.1235242,0.02825703,0.45041629999999994,0.1158896,0.04327585,0.4623028,0.10783119999999999,0.05536087,0.4635193,0.11761400000000001,-0.0069608840000000005,0.4237502,0.0983428,0.01014546,0.45579030000000004,0.08337493,0.02482541,0.46799540000000006,0.07241617,0.03652598,0.4682303,0.1070529,-0.02462405,0.42170920000000006,0.08511207,-0.01361041,0.4508629,0.06817322,-0.002098203,0.4626572,0.05613786,0.00835152,0.4629335,0.09720372,-0.04015349,0.4154271,0.07507862,-0.04169975,0.43586840000000004,0.06031336,-0.03862238,0.44300200000000006,0.04731985,-0.03174599,0.44267290000000004,0.1266951,-0.02115735,0.40768530000000003,0.1627804,-0.06950839,0.3739585,0.1664221,-0.036751900000000004,0.3718087,0.3166215,-0.23560679999999998,0.28031469999999997,0.185151,-0.06331372,0.3676768,0.15579389999999999,-0.09231289999999999,0.3708759,0.3313,-0.22110729999999998,0.2787151,0.3019429,-0.2501065,0.2819142
142,17:16:33.889 PM,0.1655313,0.01420422,0.3557817,0.1586524,0.04248108,0.3560047,0.1472518,0.05886911,0.3562782,0.13077160000000002,0.01804967,0.40192449999999996,0.1216161,0.04203118,0.42808959999999996,0.1120122,0.05803816,0.4368601,0.1025692,0.06910978,0.4359646,0.11857229999999999,0.003203303,0.4077626,0.09869536,0.02494298,0.4364552,0.08277582,0.04109679,0.44507299999999994,0.07124306,0.05209608,0.443329,0.1086224,-0.01489863,0.4087366,0.08601618,0.0012836310000000001,0.43481590000000003,0.06816493,0.01516621,0.4417004,0.05620947,0.02511387,0.4381934,0.09894429,-0.03137355,0.4052022,0.07652724,-0.02794123,0.42509540000000007,0.06165703,-0.02228078,0.43012829999999996,0.04972367,-0.01452392,0.4264134,0.1268832,-0.01253626,0.39275290000000007,0.1620748,-0.06337787,0.3618978,0.1641376,-0.03109327,0.3556525,0.31672140000000004,-0.232196,0.2746715,0.18351689999999998,-0.05696606,0.3530987,0.1560973,-0.0866715,0.36197429999999997,0.3304312,-0.2173433,0.27023359999999996,0.3030116,-0.24704879999999999,0.2791093
143,17:16:33.930 PM,0.15073670000000003,0.01703541,0.32662090000000005,0.13537760000000001,0.04140009,0.322621,0.1208114,0.05497195,0.32118070000000004,0.1309995,0.029930900000000003,0.3751359,0.11480719999999998,0.05851184,0.39135549999999997,0.100387,0.07320987,0.3920865,0.08887101,0.08069654,0.38724509999999995,0.1208906,0.01592721,0.3853745,0.09779657,0.04448251,0.40383579999999997,0.07967024,0.06058301,0.40365429999999997,0.06745908,0.06871291,0.3972122,0.1127168,-0.002133116,0.3912413,0.08733977,0.02092113,0.4078578,0.06823833,0.03452022,0.40508829999999996,0.05651535,0.04121171,0.3966401,0.10414369999999999,-0.01952887,0.3923718,0.08025435,-0.008358583000000001,0.40699109999999994,0.06559097,-0.000602901,0.405331,0.05526688,0.005482852,0.39682779999999995,0.1287058,-0.002065688,0.3728366,0.16420389999999999,-0.05575106,0.3477692,0.1628076,-0.02568017,0.335582,0.3199993,-0.2242828,0.2620571,0.1833036,-0.04924743,0.3346843,0.1606837,-0.07910787,0.352283,0.3313093,-0.20935259999999997,0.25325770000000003,0.3086894,-0.23921309999999998,0.27085640000000005
144,17:16:33.967 PM,0.1427099,0.01313779,0.30507490000000004,0.12524949999999999,0.03566121,0.29926620000000004,0.10993299999999999,0.04835524,0.297589,0.13161579999999998,0.03783865,0.3472211,0.11004580000000001,0.06711192,0.35192080000000003,0.09352404,0.07872941,0.3477548,0.08111079,0.08295159,0.3413877,0.1229404,0.02704139,0.361769,0.09348609,0.05578391,0.3624135,0.07380653,0.06458031,0.3512176,0.0626433,0.06491376,0.339656,0.1157165,0.01118226,0.37290959999999995,0.08468644,0.03280272,0.3676864,0.07119468,0.03097673,0.34823259999999995,0.06785405,0.02437384,0.33401640000000005,0.1075305,-0.0052158529999999995,0.37937719999999997,0.08196878,0.01060648,0.37631529999999996,0.07399543,0.01132174,0.3615893,0.07253549,0.007888854,0.34730120000000003,0.1294246,0.006325901,0.35333259999999994,0.162777,-0.05183308,0.3375715,0.15916270000000002,-0.026531400000000004,0.3194798,0.3216049,-0.21682649999999998,0.2505418,0.1787435,-0.04573049,0.3206555,0.1626934,-0.074435,0.3457845,0.32962990000000003,-0.20247420000000002,0.23797729999999997,0.31357979999999996,-0.23117870000000001,0.2631063
145,17:16:34.004 PM,0.14821710000000002,0.01144007,0.28469429999999996,0.131128,0.03391345,0.2777057,0.1157423,0.04650532,0.27589359999999996,0.1408926,0.04198052,0.3201423,0.11045350000000001,0.05671693,0.3053637,0.09943914,0.04523744,0.2915756,0.09666511,0.03302856,0.2834199,0.13146870000000002,0.03403635,0.3359978,0.1011503,0.04311608,0.3094564,0.09782481,0.02449591,0.29393990000000003,0.1022467,0.009696543,0.28915890000000005,0.1231039,0.0205055,0.3492098,0.09579483,0.02637561,0.32311540000000005,0.09783485,0.008101687,0.3080813,0.1062672,-0.005229503,0.3051703,0.11372719999999999,0.005852759,0.3578657,0.09413714,0.01494615,0.33669840000000006,0.09508504,0.004115149,0.32394709999999993,0.1021377,-0.00815995,0.3196398,0.1363589,0.01191255,0.3306349,0.1650411,-0.05010194,0.32280949999999997,0.16346129999999998,-0.02753617,0.3020275,0.3064197,-0.2341854,0.244323,0.1808172,-0.04669014,0.3049827,0.1634028,-0.07192208,0.33278759999999996,0.3151268,-0.2215694,0.2304206,0.2977125,-0.2468014,0.2582254
146,17:16:34.035 PM,0.15282620000000002,0.01040706,0.2698684,0.139398,0.03329568,0.2579686,0.12519149999999998,0.04648979,0.2532118,0.137773,0.04357676,0.3022787,0.1099682,0.037317800000000005,0.2792685,0.1148701,0.01790766,0.2744268,0.124898,0.007769898000000001,0.2773493,0.1277027,0.03733359,0.3184905,0.10350739999999999,0.02728547,0.2868157,0.1124167,0.00479497,0.28527359999999996,0.12342249999999999,-0.003924564,0.29297940000000006,0.11890039999999999,0.02525823,0.3327808,0.09803074,0.01664425,0.3020834,0.10979939999999999,-0.0036056340000000004,0.2990386,0.12173869999999999,-0.01050527,0.3070102,0.10932650000000001,0.01152071,0.3426349,0.09399728,0.01008308,0.3167034,0.1012273,-0.003773913,0.3108843,0.1115986,-0.012914700000000001,0.3158688,0.1331697,0.01484258,0.3159784,0.1626358,-0.04712063,0.3155686,0.1622059,-0.02709435,0.2934699,0.2964208,-0.23725210000000002,0.23828089999999996,0.1783211,-0.04453319,0.29752470000000003,0.1603289,-0.06872122,0.3258838,0.30541690000000005,-0.2251581,0.2241014,0.2874246,-0.2493462,0.2524605
147,17:16:34.064 PM,0.1561119,0.01554655,0.25966079999999997,0.1431284,0.03855745,0.2475029,0.1284896,0.05131133,0.2428538,0.1367846,0.0479161,0.29229679999999997,0.11285710000000002,0.03475784,0.2678489,0.12258530000000001,0.0166261,0.26645759999999996,0.1344987,0.01107453,0.2727869,0.1263735,0.0413783,0.3081747,0.10412049999999999,0.02934955,0.27576069999999997,0.11494249999999999,0.0076487659999999996,0.27635879999999996,0.1260439,-4.379451e-05,0.28499240000000003,0.1173924,0.02904557,0.3221312,0.09780329,0.01988696,0.29074679999999997,0.1104731,5.570054e-05,0.2886022,0.1223126,-0.007187858,0.2964367,0.1077973,0.01506729,0.3316206,0.0938643,0.01254439,0.3049885,0.10294560000000001,-0.0010435730000000001,0.3016209,0.1133958,-0.008795977,0.3084711,0.13232539999999998,0.0190082,0.30567740000000004,0.16242720000000002,-0.04266962,0.3054867,0.16276310000000002,-0.02223586,0.283742,0.2883509,-0.2374235,0.22650820000000002,0.178498,-0.04048765,0.2877307,0.1589489,-0.06432699,0.3153448,0.29812540000000004,-0.22550389999999998,0.2127011,0.2785764,-0.24934320000000001,0.24031529999999998
148,17:16:34.095 PM,0.1555528,0.01897369,0.2504228,0.1413894,0.04159878,0.23887440000000001,0.1259575,0.05361979,0.2348889,0.1346999,0.05061902,0.2834472,0.1100668,0.03842159,0.2592095,0.1202482,0.02057318,0.25751820000000003,0.1323628,0.01530947,0.2636771,0.12454649999999999,0.04377334,0.2993615,0.1021209,0.03125413,0.2672549,0.11537560000000001,0.01098624,0.2658751,0.1276688,0.0034605409999999997,0.2728888,0.11594080000000001,0.03117578,0.3133172,0.09615394,0.02154474,0.28220029999999996,0.111,0.00357978,0.2782972,0.1239945,-0.00314185,0.2846195,0.10672839999999999,0.0169401,0.3228021,0.09267760000000001,0.01422751,0.2962513,0.1019926,0.000856787,0.2926727,0.11268339999999999,-0.007088318000000001,0.29889879999999996,0.1309855,0.02155609,0.2967175,0.1621066,-0.03959548,0.2959139,0.1621989,-0.01888473,0.27438429999999997,0.2838179,-0.23479829999999996,0.2116285,0.1778744,-0.03735803,0.277895,0.15850999999999998,-0.06135322,0.3055042,0.2935002,-0.22280070000000002,0.1978239,0.2741357,-0.24679589999999998,0.22543310000000003
149,17:16:34.132 PM,0.15240599999999999,0.01775266,0.24109320000000004,0.1372612,0.03937380000000001,0.2288845,0.1215233,0.05087267,0.22456710000000002,0.1311985,0.05069639,0.2722744,0.1069165,0.03615414,0.2489935,0.11674580000000001,0.01807509,0.24771550000000003,0.1287173,0.01183031,0.2532022,0.1213111,0.04460104,0.28865490000000005,0.09869073,0.03007726,0.2575437,0.1122069,0.009940222,0.2570909,0.12469169999999999,0.0030447390000000003,0.264408,0.1130482,0.0326774,0.30338899999999996,0.09313131,0.02098145,0.273072,0.1082366,0.0030647070000000003,0.27003649999999996,0.12139870000000001,-0.002987906,0.27668000000000004,0.10416379999999999,0.0188555,0.3137583,0.08990999,0.01441702,0.28754959999999996,0.09936339,0.0010016110000000001,0.284547,0.11024819999999999,-0.00659962,0.2908657,0.1280935,0.02237548,0.2872038,0.15987590000000002,-0.03832743,0.28920359999999995,0.15976300000000002,-0.01875988,0.2668684,0.2751317,-0.2377029,0.2055987,0.1751184,-0.03679575,0.27066609999999997,0.156159,-0.05979664,0.29938059999999994,0.2846114,-0.2262025,0.1912414,0.265652,-0.24920340000000002,0.21995589999999998
150,17:16:34.170 PM,0.148785,0.01914565,0.2341006,0.1321969,0.03970243,0.2219382,0.1159211,0.05040367,0.21757329999999997,0.12629769999999998,0.05122586,0.2647697,0.1020563,0.03570332,0.2420893,0.1119922,0.01775147,0.2400905,0.1241379,0.01122785,0.2448107,0.116977,0.0448647,0.2813765,0.09423123,0.02936874,0.2508327,0.1085316,0.009794176,0.25008579999999997,0.1214721,0.003700614,0.2573174,0.10958699999999999,0.03274967,0.2964104,0.08954158,0.02023743,0.26650840000000003,0.1043157,0.001937345,0.2642365,0.1173357,-0.0037681459999999996,0.2714406,0.1016297,0.01863007,0.3071202,0.08682129,0.01360732,0.28132929999999995,0.09657801,0.0005414337,0.2778113,0.1079367,-0.006668091,0.2837386,0.1249862,0.02303825,0.280197,0.1595965,-0.03614573,0.2830033,0.1586721,-0.01658273,0.26011460000000003,0.27096970000000004,-0.2412377,0.20847559999999998,0.17463120000000001,-0.03579501,0.26423779999999997,0.1556992,-0.05700566,0.29431609999999997,0.28043579999999996,-0.23063240000000002,0.1934364,0.2615037,-0.2518431,0.22351479999999996
151,17:16:34.200 PM,0.143643,0.02161454,0.231258,0.1248525,0.04097633,0.22039879999999998,0.1077372,0.05060647,0.2168112,0.12065160000000001,0.05125727,0.2630938,0.09630855,0.03493799,0.24109070000000002,0.1073991,0.01781248,0.23812339999999999,0.120155,0.01194008,0.2420234,0.11251880000000002,0.04386629,0.2799,0.09009066,0.02693762,0.24988520000000003,0.10595109999999999,0.00865142,0.24832100000000001,0.11960539999999999,0.0037450490000000003,0.25513600000000003,0.106695,0.030921499999999998,0.29493459999999994,0.08661903,0.01732711,0.265529,0.10273689999999999,0.0003412664,0.2623533,0.1164141,-0.004122227,0.26921059999999997,0.10029060000000001,0.01601653,0.3056264,0.08481009,0.01044913,0.2803461,0.09532544,-0.001772255,0.27605440000000003,0.1074303,-0.00809893,0.2814979,0.12215060000000001,0.02276106,0.27793559999999995,0.16092779999999998,-0.03392966,0.27843920000000005,0.1580001,-0.01370284,0.25571550000000004,0.27404429999999996,-0.23785860000000003,0.2033404,0.175278,-0.03358103,0.2591451,0.15788929999999998,-0.05467119,0.2902234,0.2827387,-0.22731350000000003,0.1878013,0.2653499,-0.2484036,0.21887960000000004
152,17:16:34.240 PM,0.1378691,0.02012812,0.2304674,0.1175853,0.03853796,0.22069499999999997,0.09999247,0.04756226,0.2179399,0.11691680000000002,0.04991607,0.2623823,0.09203766,0.03268154,0.2417177,0.1034892,0.01583008,0.2385589,0.11658519999999999,0.01048061,0.24206370000000002,0.10972989999999999,0.04257746,0.27963649999999995,0.08684247,0.02420323,0.2508437,0.10327439999999999,0.006447031999999999,0.24908550000000002,0.1173269,0.002365276,0.2556291,0.1048988,0.02971493,0.2950875,0.0842193,0.01500745,0.266652,0.1002263,-0.002149522,0.26385970000000003,0.1140063,-0.006214723,0.27075859999999996,0.09933673,0.01481888,0.3062525,0.08296569,0.008428574,0.2817396,0.09355862,-0.0036034879999999997,0.27711679999999994,0.10604289999999998,-0.009432256,0.2822502,0.11975410000000002,0.02167194,0.27750749999999996,0.1597809,-0.03417729,0.2771332,0.1554024,-0.01427248,0.2541471,0.2738277,-0.23798989999999998,0.2031356,0.173354,-0.03409965,0.2572819,0.1576125,-0.05463618,0.2895848,0.2816984,-0.2277216,0.18698410000000001,0.26595690000000005,-0.2482581,0.21928699999999998
153,17:16:34.276 PM,0.135409,0.01877896,0.2321749,0.11477280000000001,0.03696747,0.2227304,0.09700473,0.04572456,0.22024989999999997,0.1153955,0.04868467,0.2641156,0.09062944,0.03147353,0.24329610000000002,0.10211139999999999,0.01465407,0.240078,0.115228,0.009396821,0.2436451,0.1081983,0.04122783,0.2813148,0.08536512,0.02302898,0.25236790000000003,0.1017512,0.005231172,0.2506045,0.11576580000000002,0.0011164839999999998,0.2572084,0.10334769999999999,0.02825697,0.2966689,0.08267424,0.01376301,0.2681195,0.09866928,-0.003387094,0.26521859999999997,0.1124422,-0.007515535,0.2720941,0.09776237,0.01328622,0.3077218,0.08131817,0.007175326,0.2831866,0.09188896,-0.00484252,0.2784768,0.1043596,-0.01067887,0.28363459999999996,0.11818820000000001,0.02032267,0.279027,0.1581203,-0.03563201,0.2784013,0.1537756,-0.01550254,0.255392,0.27199009999999996,-0.24049410000000002,0.207077,0.1718431,-0.03577839,0.2586536,0.15578440000000002,-0.05597185,0.2910165,0.28001950000000003,-0.2303974,0.1908955,0.2639608,-0.2505909,0.2232585
154,17:16:34.305 PM,0.1348309,0.01822726,0.23476020000000003,0.114201,0.03650124,0.2254681,0.09635162,0.04513301,0.22313629999999998,0.115191,0.04797377,0.267094,0.09052188,0.03128107,0.24574400000000002,0.1019052,0.01443309,0.24233049999999998,0.1149537,0.009034157,0.2459355,0.10778399999999999,0.04026629,0.2840926,0.08510226,0.0229104,0.2545155,0.1006574,0.004327551,0.2534645,0.11422149999999999,-0.0004186332,0.260567,0.1027007,0.02706124,0.29916929999999997,0.08209455,0.01332538,0.2701993,0.09794692,-0.00391762,0.2670745,0.11163540000000001,-0.008357330999999999,0.27392459999999996,0.09690746,0.01193827,0.3099035,0.08057846,0.006458253000000001,0.2851433,0.0910909,-0.005559146,0.2803035,0.1034703,-0.01160376,0.2854413,0.117644,0.0193321,0.281523,0.1572154,-0.03690065,0.2803758,0.15318710000000002,-0.01632889,0.257575,0.27149179999999995,-0.24168530000000002,0.2094802,0.1712483,-0.03696386,0.2608468,0.15461,-0.05731592,0.2928152,0.27981100000000003,-0.23150929999999997,0.193496,0.26317270000000004,-0.2518613,0.22546439999999998
155,17:16:34.335 PM,0.1385742,0.01523702,0.23771279999999997,0.12028689999999999,0.03496091,0.22665300000000002,0.10335610000000002,0.04493801,0.2231446,0.1194481,0.04740094,0.268438,0.09446364,0.0322255,0.2463366,0.1044496,0.01436649,0.243811,0.11682100000000001,0.00801684,0.2481722,0.1106337,0.04082952,0.2852403,0.08751827,0.02537967,0.2549518,0.1007113,0.005027995,0.25507240000000003,0.11324110000000001,-0.001169458,0.262915,0.10377860000000001,0.02853714,0.300386,0.08308024,0.01620899,0.27085479999999995,0.09735246,-0.0024885239999999998,0.2686136,0.110304,-0.00817591,0.2759547,0.09626951,0.01425847,0.31121129999999997,0.08055246,0.009621263,0.2858895,0.09009896,-0.0033915190000000004,0.28166399999999997,0.1016768,-0.01054993,0.2872203,0.11887400000000001,0.01910837,0.2837241,0.1542559,-0.03975722,0.28571640000000004,0.1525125,-0.01998317,0.262545,0.2671461,-0.2461626,0.217348,0.1691246,-0.03990446,0.2668163,0.15067629999999999,-0.06025052,0.29777950000000003,0.2763703,-0.23598960000000002,0.2018664,0.257922,-0.2563356,0.23282960000000003
156,17:16:34.362 PM,0.1401605,0.01409988,0.2401326,0.12305260000000001,0.03465776,0.2287069,0.10665450000000001,0.0454209,0.2249937,0.1218748,0.04720257,0.2710188,0.09634754,0.03297155,0.24890860000000004,0.10549580000000001,0.01466234,0.24642640000000002,0.1175728,0.007804811,0.2508455,0.11275109999999999,0.04107504,0.2878245,0.08885604,0.02704395,0.2574502,0.1004585,0.005745649,0.2577696,0.1124203,-0.0013790579999999998,0.26571269999999997,0.1053393,0.02914114,0.30299570000000003,0.08396957,0.01792945,0.27349759999999995,0.09722710000000001,-0.00148055,0.27107790000000004,0.109898,-0.007957770999999999,0.2782539,0.09719592,0.015237200000000001,0.31385159999999995,0.08124246,0.01134805,0.2885517,0.09013022,-0.002104342,0.2842639,0.1013613,-0.009886295,0.2896937,0.1200423,0.0190105,0.286394,0.1531484,-0.04116414,0.28867020000000004,0.1519902,-0.02157687,0.2654066,0.26507359999999996,-0.2486266,0.22193110000000002,0.1681735,-0.04148453,0.26989650000000004,0.1493158,-0.06159,0.30077009999999993,0.2745025,-0.23857379999999997,0.20649429999999996,0.2556448,-0.25867929999999995,0.23736790000000002
157,17:16:34.391 PM,0.1416096,0.01392363,0.242432,0.12518900000000002,0.03502609,0.23098960000000002,0.1091829,0.04636653,0.2272823,0.1238277,0.04746653,0.27417759999999997,0.09775454,0.03376512,0.25237170000000003,0.10648510000000001,0.01526557,0.2497967,0.1184885,0.008223161,0.2541245,0.1147922,0.04151298,0.29109309999999994,0.08999954,0.02845974,0.2610028,0.10083049999999999,0.006755486,0.2609882,0.1126478,-0.0008662342999999999,0.2686834,0.1072943,0.02971701,0.3063298,0.08514058,0.01929055,0.2771229,0.09773003,-0.0005036145,0.27427979999999996,0.11031960000000002,-0.007474005,0.2811301,0.09895185,0.01598679,0.31725559999999997,0.08253458,0.01261328,0.29217909999999997,0.09095179,-0.001056045,0.2876344,0.1020462,-0.009216905,0.2927821,0.12148959999999999,0.01927315,0.2894819,0.15329,-0.04162194,0.29107059999999996,0.1520723,-0.02204549,0.2678947,0.2648193,-0.24856550000000002,0.22209450000000003,0.16811210000000001,-0.04182427,0.27213459999999995,0.1496208,-0.06211397,0.30310909999999996,0.27406490000000006,-0.23842070000000004,0.20660720000000002,0.2555736,-0.2587104,0.2375817
158,17:16:34.421 PM,0.14362070000000002,0.01710571,0.2449834,0.1269339,0.03844272,0.23439369999999998,0.1108527,0.04979776,0.23107779999999997,0.1249704,0.04893355,0.279202,0.09892894,0.03596278,0.256917,0.10820910000000002,0.01786031,0.2535632,0.12045,0.01108129,0.2576387,0.11616580000000001,0.04198293,0.2958565,0.09089514,0.03051217,0.2655208,0.1025654,0.00936541,0.2633179,0.11491480000000001,0.0015751720000000001,0.2699296,0.108971,0.02930795,0.31052209999999997,0.08645294,0.02047528,0.28107020000000005,0.09902403,0.0009400398,0.2767475,0.1117452,-0.006441399,0.282886,0.1009244,0.01490991,0.32078959999999995,0.08411463,0.01293933,0.2958248,0.09245127,-0.0003790557,0.2902166,0.1036684,-0.008801207,0.2946228,0.12317789999999999,0.01996009,0.2930525,0.15583450000000001,-0.04055062,0.291576,0.154187,-0.01972494,0.2691374,0.2684979,-0.24551309999999998,0.21864829999999996,0.1707155,-0.040291900000000005,0.2726869,0.1522198,-0.06130558,0.3031723,0.2777458,-0.2350062,0.2034057,0.25925010000000004,-0.2560199,0.233891
159,17:16:34.452 PM,0.1453087,0.01844476,0.2478734,0.1286016,0.04005365,0.23788310000000001,0.1125706,0.05157606,0.23491929999999997,0.1268805,0.04957928,0.28377820000000004,0.1004013,0.03753708,0.2614875,0.1097252,0.01955874,0.2576235,0.1220204,0.01271507,0.2614183,0.11824839999999999,0.04219408,0.3003362,0.09212488,0.03208758,0.27023769999999997,0.1040586,0.01133129,0.2663452,0.11675350000000001,0.003345624,0.2720043,0.11116600000000001,0.02913605,0.3147184,0.08802725,0.02159233,0.2853886,0.10019460000000001,0.00205186,0.2800488,0.112923,-0.005752936,0.2856241,0.1031652,0.01448922,0.3246653,0.08589472,0.01355097,0.29995520000000003,0.09387913,0.0003480017,0.2936081,0.10506969999999999,-0.008379072,0.2974542,0.1250914,0.02022298,0.2967998,0.15752829999999998,-0.04033518,0.2932125,0.1555523,-0.01892085,0.2713355,0.2726066,-0.2420348,0.2151319,0.1722973,-0.03944911,0.2742545,0.15426710000000002,-0.06139121,0.30436230000000003,0.28162170000000003,-0.2310637,0.200078,0.2635915,-0.2530058,0.23018579999999997
160,17:16:34.484 PM,0.1479436,0.01824351,0.2509057,0.13172260000000002,0.04019018,0.24085120000000002,0.1159239,0.05200811,0.2378053,0.1298195,0.04967357,0.28732559999999996,0.10318510000000002,0.03863733,0.2647021,0.1121292,0.02048616,0.2607496,0.1241974,0.01324263,0.2645304,0.12085439999999999,0.04234295,0.30372990000000005,0.09466826,0.03340577,0.2733183,0.10593789999999999,0.0123149,0.26925140000000003,0.1183126,0.0038160679999999997,0.274871,0.1133194,0.02932446,0.31791640000000004,0.09020355,0.02275975,0.2883345,0.10182669999999999,0.002951398,0.28277490000000005,0.1142932,-0.0052942630000000004,0.2883068,0.10486860000000002,0.0147834,0.32764390000000004,0.08776721,0.01458643,0.3027999,0.09538416,0.00125666,0.2962692,0.10630539999999998,-0.007832423,0.3000503,0.1271883,0.02024533,0.3000375,0.1584546,-0.04089062,0.29614429999999997,0.1569148,-0.01938803,0.2744632,0.2763193,-0.2404445,0.21672110000000003,0.1734875,-0.03959767,0.27741869999999996,0.15520820000000002,-0.06213895,0.30692759999999997,0.285459,-0.22917379999999998,0.20196660000000002,0.26717959999999996,-0.25171509999999997,0.23147559999999998
161,17:16:34.514 PM,0.15067809999999998,0.01799498,0.2539167,0.134769,0.03997771,0.2434506,0.1190232,0.05178176,0.24009210000000003,0.1319611,0.04963599,0.2902597,0.10568010000000001,0.03902878,0.2670252,0.11453669999999999,0.02081065,0.2631852,0.1264234,0.01335996,0.26713509999999996,0.12256030000000001,0.04233579,0.3064324,0.09703702,0.03385605,0.27533309999999994,0.10786689999999999,0.01245123,0.2717366,0.1198458,0.0036643,0.27775809999999995,0.1145935,0.02934201,0.32040440000000003,0.09205598,0.0231408,0.2903019,0.1035968,0.00324145,0.2848974,0.1158556,-0.005173102,0.2906358,0.10580139999999999,0.0148454,0.329893,0.08923587,0.01492359,0.30468740000000005,0.09685851,0.00154829,0.2982571,0.1076026,-0.007684335,0.30219509999999994,0.1287954,0.0201963,0.30282309999999996,0.1597792,-0.04109211,0.2994259,0.1587759,-0.01961352,0.2778255,0.281132,-0.23884139999999998,0.2207404,0.1752389,-0.03948009,0.2810761,0.15645479999999998,-0.06247906,0.3099071,0.2905241,-0.22734189999999999,0.20632489999999998,0.27174,-0.2503408,0.23515589999999997
162,17:16:34.547 PM,0.15358029999999998,0.01789223,0.255988,0.13852260000000002,0.03990804,0.2443924,0.123046,0.05179141,0.24017220000000003,0.13367089999999998,0.05016644,0.2915014,0.1078262,0.04031031,0.2674608,0.11628279999999999,0.02186225,0.2638212,0.12778620000000002,0.01394251,0.2679881,0.12359080000000001,0.04308866,0.3073607,0.09909950000000001,0.03503795,0.27533179999999996,0.10928319999999998,0.01322235,0.2723712,0.1206865,0.004066855,0.27893629999999997,0.11498879999999999,0.03028645,0.3211313,0.09328074,0.024491,0.29034640000000006,0.10458060000000001,0.004392862,0.28517309999999996,0.11648310000000002,-0.0044294,0.2910477,0.10572709999999999,0.01594339,0.3304042,0.08992597,0.01629244,0.3047149,0.09755748,0.002797514,0.2985505,0.10801960000000001,-0.006667048,0.302692,0.1298028,0.02087291,0.304209,0.1605914,-0.04054061,0.30247399999999997,0.1604524,-0.01938276,0.2807863,0.2868071,-0.2364578,0.22691950000000002,0.1766696,-0.03864335,0.28469179999999994,0.1571349,-0.06202958,0.3127007,0.29657449999999996,-0.22476469999999998,0.21291500000000002,0.27703979999999995,-0.2481509,0.2409239
163,17:16:34.578 PM,0.1540496,0.02054061,0.25745029999999997,0.1397391,0.04263063,0.2450766,0.12469560000000002,0.05471943,0.2399686,0.1323956,0.05220173,0.2928678,0.1065945,0.04442982,0.2680323,0.11323299999999999,0.02537115,0.26383829999999997,0.12368339999999999,0.01592736,0.26756690000000005,0.1220097,0.04478063,0.3083672,0.09770253,0.03842552,0.2758235,0.10709589999999998,0.01652293,0.2713362,0.1181682,0.0064618290000000005,0.277082,0.1132734,0.03168522,0.3217708,0.09157959,0.0273975,0.2907324,0.1023684,0.007405101999999999,0.2842447,0.11407049999999999,-0.0022413579999999997,0.28913459999999996,0.1040365,0.01707895,0.33064629999999995,0.08824781,0.018566,0.304992,0.09568519,0.005316123000000001,0.29810790000000004,0.10603610000000001,-0.00457269,0.3014509,0.1287461,0.02272205,0.3051994,0.1607915,-0.03811495,0.30405329999999997,0.1608385,-0.01670459,0.2823137,0.29327040000000004,-0.23300029999999997,0.23705789999999996,0.17754170000000002,-0.03623072,0.2869016,0.15728920000000002,-0.05948772,0.3145054,0.3033967,-0.22137179999999998,0.22325599999999998,0.2831442,-0.2446288,0.2508598
164,17:16:34.607 PM,0.1537935,0.0258195,0.26033629999999996,0.1404445,0.04853471,0.24801979999999998,0.1258973,0.06097873,0.24235679999999998,0.1280456,0.05390976,0.2965366,0.1016562,0.05070595,0.2713124,0.105005,0.03215019,0.2629805,0.11364819999999999,0.0204296,0.2634749,0.11765719999999999,0.04504745,0.31125879999999995,0.09228326,0.04410033,0.27892340000000004,0.09863782,0.02325393,0.26828559999999996,0.10864260000000002,0.01080926,0.2696432,0.10933239999999998,0.03074215,0.32365079999999996,0.08606956,0.03104101,0.29346550000000005,0.09450818,0.01261714,0.281321,0.1057256,0.001311794,0.2818015,0.1007444,0.01514582,0.33142740000000004,0.08355153,0.01998775,0.30712490000000003,0.08971953,0.008567333,0.29664809999999997,0.09989381,-0.00200361,0.29575159999999995,0.1258455,0.023638,0.307181,0.1614154,-0.03526013,0.3043602,0.1610271,-0.01248725,0.28339780000000003,0.30240690000000003,-0.22554259999999998,0.24162260000000002,0.1789316,-0.03268718,0.2880853,0.1579983,-0.05686132,0.3143613,0.3128735,-0.2134556,0.2284846,0.2919402,-0.2376297,0.2547606
165,17:16:34.638 PM,0.1590903,0.02542202,0.2672384,0.14932879999999998,0.04904591,0.2533777,0.1369431,0.06250523,0.24539450000000002,0.12790289999999999,0.05255745,0.2991968,0.10329280000000002,0.06424026,0.2747921,0.09681515,0.05337842,0.2587234,0.0974666,0.04114236,0.2511083,0.1152864,0.04336973,0.3118241,0.09084993,0.05657513,0.281599,0.08605537,0.04606895,0.2605203,0.08845481,0.03383972,0.2508072,0.1050907,0.02879141,0.32235559999999996,0.080935,0.04018106,0.2952285,0.07849216,0.03070994,0.2739394,0.08274586,0.01992671,0.263346,0.09538352,0.01303373,0.3282614,0.07655789,0.02410693,0.30748949999999997,0.07670805,0.01956694,0.2915437,0.08305248,0.01114491,0.2814895,0.1240557,0.02204414,0.30861059999999996,0.159554,-0.03687508,0.3097439,0.1626636,-0.01358597,0.2899718,0.30634920000000004,-0.2252774,0.2552096,0.17916210000000002,-0.03360682,0.2962121,0.1546255,-0.05898358,0.3178223,0.3186175,-0.212589,0.2444045,0.294081,-0.23796579999999998,0.2660147
166,17:16:34.668 PM,0.1626687,0.02735265,0.27254959999999995,0.1567578,0.05182869999999999,0.257998,0.1475585,0.06672187,0.24840660000000003,0.1271097,0.05400629,0.2998961,0.1059394,0.0775068,0.2814147,0.09421728,0.08350234,0.26560290000000003,0.08811504,0.08075659,0.25269810000000004,0.1130479,0.04478197,0.310867,0.08887099,0.07062943,0.289978,0.07630223,0.07877456,0.270963,0.07129916,0.07714175,0.2558644,0.1016459,0.03017308,0.32003590000000004,0.07575536,0.05174406,0.3022674,0.06276093,0.05852668,0.2837953,0.0587073,0.05663036,0.268536,0.0912929,0.01439898,0.3246684,0.069,0.030219,0.3119464,0.06053387,0.03492077,0.29839590000000005,0.05767595,0.03504254,0.28401540000000003,0.12215050000000001,0.02346484,0.3086804,0.1572966,-0.03543071,0.3138628,0.1627593,-0.01211432,0.2947723,0.3103074,-0.22268360000000004,0.27455290000000004,0.17834339999999999,-0.031930099999999996,0.3027687,0.15155079999999999,-0.05765662,0.3210259,0.3237036,-0.20982039999999996,0.2654243,0.2969111,-0.2355469,0.28368150000000003
167,17:16:34.699 PM,0.1659305,0.02842961,0.2786369,0.16007760000000001,0.05366702,0.265425,0.1498628,0.06823184,0.2563837,0.1229065,0.04839163,0.3059617,0.10264369999999999,0.07854645,0.301587,0.09020909,0.09365581,0.2951964,0.08139179,0.09920837,0.2850209,0.10999600000000001,0.03694166,0.3162218,0.08209128,0.06698887,0.3146482,0.06504033,0.08315967,0.3088195,0.05521225,0.08894278,0.2975709,0.10041789999999999,0.02058063,0.3244631,0.07040653,0.04394759,0.32483229999999996,0.05147975,0.05723922,0.3202443,0.04075947,0.06238453,0.3096545,0.09207496,0.003427148,0.3281349,0.06513912,0.01657744,0.3307502,0.050252099999999994,0.023564500000000002,0.3282988,0.03944462,0.02814235,0.3194867,0.12171960000000001,0.01706879,0.3131454,0.1631057,-0.03794961,0.316398,0.1666084,-0.01240988,0.2982032,0.3193594,-0.22316479999999997,0.2803344,0.18441210000000002,-0.03413751,0.3059186,0.1574247,-0.06028323,0.32327100000000003,0.332853,-0.2100919,0.2716582,0.3058657,-0.2362377,0.28901059999999995
168,17:16:34.722 PM,0.168689,0.02882047,0.2855771,0.16252,0.0547611,0.273934,0.15064929999999999,0.06859167,0.2657442,0.1219586,0.04443182,0.3129651,0.10234839999999999,0.07542636,0.3156131,0.08988705,0.09164508,0.3126339,0.08068204,0.09860577,0.3036957,0.10963350000000001,0.03169824,0.3224353,0.08131334,0.06085332,0.3296902,0.06338684,0.07723741,0.3283,0.05263591,0.08394147,0.3184499,0.10093250000000001,0.01436791,0.329648,0.07081516,0.03642179,0.3380695,0.05113915,0.04964326,0.3381356,0.03935272,0.05559118,0.3291671,0.09354679,-0.0034246740000000004,0.33226479999999997,0.06665438,0.0071619,0.34137080000000003,0.05112175,0.01326878,0.3430393,0.03881212,0.01806648,0.3364922,0.12249890000000001,0.01270935,0.318368,0.1675829,-0.03965263,0.3179813,0.1691311,-0.01331572,0.3022542,0.3251131,-0.2221755,0.27415259999999997,0.18906660000000003,-0.03519061,0.3081439,0.16185220000000003,-0.06236693,0.32343590000000005,0.3387203,-0.2085873,0.2665066,0.3115059,-0.23576370000000002,0.2817986
169,17:16:34.751 PM,0.1744231,0.03014843,0.3058108,0.1710461,0.05785482,0.2976552,0.15941629999999998,0.07234456,0.29035320000000003,0.1232204,0.04391815,0.3306887,0.107377,0.07477586,0.34246809999999994,0.09642977,0.09224094,0.34208990000000006,0.08853645,0.1011133,0.3336478,0.10964890000000001,0.03054528,0.3370092,0.08374205,0.05795904,0.35334629999999995,0.06656761,0.07506610000000001,0.35419290000000003,0.05649889,0.08410253,0.3456131,0.09973197,0.0127947,0.3407241,0.07177468,0.03282069,0.3571258,0.05260941,0.04650541,0.3590697,0.0411657,0.05461811,0.35151420000000005,0.09153107,-0.004794791,0.3399605,0.06597535,0.002288073,0.3543079,0.05048791,0.00759308,0.3575205,0.03875774,0.01330471,0.3507433,0.1221668,0.01178457,0.33123759999999997,0.1641332,-0.04285321,0.32775659999999995,0.169141,-0.01377074,0.3154635,0.3194051,-0.22467820000000002,0.2743884,0.18654679999999998,-0.0380791,0.3204641,0.15724670000000002,-0.06580982,0.3297123,0.3340552,-0.2108129,0.2697643,0.304755,-0.23854360000000002,0.2790125
170,17:16:34.780 PM,0.17964770000000002,0.02786155,0.330385,0.1777556,0.05665778,0.32678520000000005,0.1663466,0.07211269,0.3213547,0.1249601,0.03962509,0.35381940000000006,0.1112577,0.06913827,0.3706763,0.1014759,0.08727558,0.3713324,0.09486827,0.09727593,0.36304190000000003,0.11083239999999998,0.02584137,0.35751,0.08642882,0.05124123,0.3787163,0.07021899,0.06909801,0.38131170000000003,0.06082346,0.08016004,0.37450759999999994,0.10036489999999999,0.008020654,0.3580992,0.07353111,0.02520995,0.3790019,0.05482972,0.03909485,0.38297990000000004,0.04350113,0.04891218,0.3775696,0.09180318,-0.009012595,0.354354,0.06702094,-0.005685896,0.37121940000000003,0.05145774,-0.001198813,0.375219,0.03955314,0.005377366999999999,0.36963340000000006,0.1231511,0.007814482,0.34942870000000004,0.1636216,-0.04730314,0.3396708,0.17015429999999998,-0.01640192,0.3317447,0.3084341,-0.2345134,0.27639959999999997,0.1867714,-0.04361351,0.3343058,0.154953,-0.0697138,0.3387087,0.3243433,-0.2214632,0.2741982,0.29252490000000003,-0.24756350000000002,0.2786011
171,17:16:34.812 PM,0.18292650000000002,0.02095281,0.3569782,0.1838942,0.04981802,0.3601704,0.17087220000000003,0.06479873,0.3581159,0.12496199999999999,0.03258298,0.380076,0.11348980000000002,0.060739,0.4005284,0.1045715,0.0792831,0.401805,0.09859824,0.08958532,0.3934043,0.11061869999999999,0.01873605,0.3824586,0.08810404,0.04227312,0.4075414,0.07278118,0.06065314,0.41149589999999997,0.06450161,0.07228111,0.4042071,0.09969329,0.001241773,0.3810578,0.0747094,0.01590125,0.40581649999999997,0.05673689,0.02981026,0.4122714,0.0464325,0.04056428,0.40660409999999997,0.0905173,-0.01491533,0.37539320000000004,0.06663065,-0.01375775,0.39376940000000005,0.05125397,-0.00936693,0.3985242,0.03954821,-0.001775563,0.3938937,0.1220942,0.001739651,0.3714481,0.1605287,-0.05272561,0.35314609999999996,0.16765039999999998,-0.0208123,0.3485607,0.29554359999999996,-0.24156839999999996,0.2748772,0.1838437,-0.04982257,0.3480167,0.15071529999999997,-0.07451294,0.3504486,0.3121078,-0.22922329999999996,0.2736612,0.2789793,-0.2539136,0.2760931
172,17:16:34.842 PM,0.184927,0.008751392,0.3819262,0.188376,0.035781099999999996,0.3920864,0.17500020000000002,0.05051632,0.39365490000000003,0.12652,0.01997633,0.40414540000000004,0.11587930000000002,0.04636915,0.4272363,0.10760919999999999,0.0649908,0.43038469999999995,0.1019682,0.07654069,0.4235162,0.1118547,0.006270394,0.40467909999999996,0.09021883,0.027496,0.43246049999999997,0.07566469,0.045614999999999996,0.43940500000000005,0.06778532,0.05844967,0.4339159000000001,0.10046519999999999,-0.01056163,0.4008758,0.07626652,0.001553893,0.4277113,0.05901441,0.01470631,0.43707809999999997,0.04907987,0.02655686,0.43322259999999996,0.09080639,-0.02547963,0.39302529999999997,0.06730913,-0.02626573,0.4119192,0.052181399999999996,-0.02205786,0.4175578,0.0404725,-0.01362027,0.41475029999999996,0.1227516,-0.009174392,0.39108709999999997,0.1598407,-0.06135224,0.3649117,0.167426,-0.02915896,0.3643803,0.2965429,-0.24311479999999996,0.2738252,0.1833638,-0.05822032,0.3610176,0.1499878,-0.08266041,0.3596972,0.31323090000000003,-0.2308947,0.27448540000000005,0.27985479999999996,-0.2553348,0.273165
173,17:16:34.876 PM,0.18492129999999998,-0.0052897330000000005,0.4035071,0.1899568,0.01923983,0.4182982,0.1776703,0.03397049,0.4238234,0.1281453,0.004516615999999999,0.4273298,0.1186239,0.02915607,0.45273149999999995,0.1108356,0.04741032,0.45831530000000004,0.1052177,0.05928414,0.4520032,0.11342160000000001,-0.009131879,0.426942,0.09293342,0.009897083000000001,0.4570848,0.07894428,0.02716975,0.466796,0.0712529,0.04051523,0.46236000000000005,0.10175219999999999,-0.02538846,0.4217393,0.07839765,-0.01528798,0.450113,0.06169393,-0.003041968,0.46148770000000006,0.05188252,0.009280086,0.4590602,0.09164275,-0.03927772,0.4126634,0.06886315,-0.04161681,0.43229359999999994,0.05408478,-0.03779972,0.43902959999999996,0.04240283,-0.02895689,0.4378031,0.12358330000000001,-0.02291659,0.4111697,0.1596144,-0.07180507,0.37812890000000005,0.1668628,-0.03975214,0.380317,0.3037473,-0.24201839999999997,0.2767631,0.18307379999999998,-0.06763484,0.3748768,0.1505683,-0.09299664,0.37124440000000003,0.32000009999999995,-0.2293375,0.27857919999999997,0.2874946,-0.2546993,0.2749469
174,17:16:34.909 PM,0.1858443,-0.01042065,0.41561570000000003,0.1908912,0.01292288,0.4322132000000001,0.1795918,0.02735226,0.44012650000000003,0.12974589999999997,-0.004834712,0.4420779,0.1210374,0.01667525,0.47044040000000004,0.11331369999999999,0.03363033,0.4792663,0.10703980000000002,0.04583205,0.4743541,0.1155715,-0.01902795,0.4411528,0.09584252,-0.0033149720000000002,0.4736228,0.0818586,0.01201583,0.4861826,0.07341228,0.02537908,0.4835383,0.10435730000000001,-0.03531502,0.43511229999999995,0.08196094,-0.02831189,0.46514340000000004,0.06560041,-0.01836401,0.4789897,0.05482727,-0.006629691,0.4794267,0.09445141,-0.04887694,0.4253433,0.07262224,-0.05378763,0.44556940000000006,0.05813871,-0.05172993,0.45358999999999994,0.04573654,-0.04386257,0.45425709999999997,0.12563239999999998,-0.03110075,0.42397520000000005,0.1625376,-0.07586829,0.3864101,0.1682757,-0.04362841,0.39031420000000006,0.31596199999999997,-0.23477529999999996,0.2804433,0.1857792,-0.07040039,0.38354099999999997,0.15463829999999998,-0.09722688,0.37868240000000003,0.3315325,-0.22136199999999998,0.2828726,0.3003916,-0.24818850000000003,0.278014
175,17:16:34.942 PM,0.1862093,-0.01470536,0.4217076,0.1928914,0.008838862,0.4374192,0.1847085,0.02472498,0.4463063,0.1306421,-0.01085486,0.4511297,0.12221069999999999,0.008314788,0.4812014,0.11466359999999999,0.02360995,0.49277879999999996,0.10769080000000002,0.03638826,0.4923599,0.1165838,-0.02517626,0.4504385,0.0968659,-0.01170261,0.48390559999999994,0.08267589,0.001771942,0.4982361,0.07277917,0.01416789,0.5004889,0.1053617,-0.04150578,0.44452820000000004,0.08343572,-0.03574431,0.4751642,0.06732933,-0.02715521,0.4901687,0.05571463,-0.01703541,0.49423019999999995,0.09531747,-0.05505651,0.4348857,0.0738095,-0.0605672,0.45530059999999994,0.05949309,-0.0591847,0.4637544,0.04656979,-0.05250089,0.46585879999999996,0.1262768,-0.03695956,0.432853,0.1626973,-0.08091202,0.3939078,0.1680829,-0.04869491,0.3978816,0.3181443,-0.23588070000000003,0.2850833,0.185773,-0.07491966,0.3907589,0.1551664,-0.10240129999999999,0.38617429999999997,0.33344759999999996,-0.2221399,0.2873756,0.3028409,-0.24962150000000002,0.28279099999999996
176,17:16:34.976 PM,0.1855879,-0.01780814,0.42437590000000003,0.192625,0.006379351,0.4389108,0.1871766,0.02334963,0.4479019,0.1305982,-0.0159798,0.4567724,0.12264660000000001,0.001144975,0.48818100000000003,0.1153305,0.01511993,0.5014559000000001,0.10819369999999999,0.02756594,0.5040061,0.11666769999999999,-0.03043181,0.4562254,0.09749944,-0.01848036,0.4905794,0.08345699,-0.00607866,0.5059863,0.07325234,0.005471647,0.5103883,0.10548189999999999,-0.04680943,0.4503798,0.08412882,-0.04171361,0.48153450000000003,0.06841301,-0.03394377,0.49737790000000004,0.05673512,-0.02480184,0.5032117,0.09536787,-0.06035808,0.44080749999999996,0.07410401,-0.06610723,0.46141170000000004,0.06003002,-0.06526949,0.47033159999999996,0.04689254,-0.05957299,0.4736646,0.1261007,-0.04193524,0.438316,0.162275,-0.08502166,0.39822640000000004,0.16727060000000002,-0.05289207,0.4023506,0.32073240000000003,-0.2347705,0.2864762,0.18515720000000002,-0.07839563,0.39493809999999996,0.1552387,-0.10662260000000001,0.39033979999999996,0.3356917,-0.2206571,0.28877529999999996,0.3057732,-0.24888400000000002,0.28417709999999996
177,17:16:35.012 PM,0.1839414,-0.0180725,0.4251299,0.18925699999999998,0.0068884490000000005,0.4390774,0.1839662,0.02410553,0.44768679999999994,0.130404,-0.01800162,0.4585946,0.12259400000000001,-0.00206168,0.4906561,0.11524680000000001,0.01131783,0.5045158,0.10800000000000001,0.02349661,0.5079162,0.1165802,-0.03255488,0.45802370000000003,0.09753956,-0.02146521,0.4927361,0.08343676,-0.009507939,0.5084367999999999,0.07309852,0.001797363,0.5131551999999999,0.10549510000000001,-0.04898489,0.4521337,0.08421767,-0.04429178,0.48340320000000003,0.06853861,-0.03687294,0.49945029999999996,0.05680344,-0.02794275,0.5054955,0.09544595,-0.06255816,0.442528,0.07422322,-0.0685294,0.46311140000000006,0.06027207,-0.0681189,0.4722517,0.04704404,-0.06301689,0.476146,0.1260299,-0.04389173,0.44001709999999994,0.16246359999999999,-0.08643195,0.3996024,0.16714110000000001,-0.054347400000000004,0.4038361,0.32380879999999995,-0.23285740000000002,0.2875787,0.1852397,-0.07939932,0.3964242,0.1558221,-0.10810710000000001,0.3915783,0.33851770000000003,-0.2185035,0.29000159999999997,0.3091,-0.2472113,0.2851558
178,17:16:35.051 PM,0.1828871,-0.01679684,0.42402790000000007,0.1871094,0.00865595,0.43745209999999995,0.18151879999999998,0.02599923,0.445607,0.13019719999999999,-0.01735312,0.457618,0.12230830000000001,-0.0015481260000000001,0.48972730000000003,0.1148642,0.01178917,0.503576,0.10754849999999999,0.02392025,0.5070002,0.11643830000000001,-0.03196937,0.4570943,0.09715796,-0.02083342,0.4916595,0.08289653,-0.008891389,0.5072281,0.07245471,0.002417088,0.5117050999999999,0.10545170000000001,-0.04849222,0.45127959999999995,0.08383223,-0.04364698,0.48229040000000006,0.06795299,-0.0362006,0.4981267,0.05609381,-0.02721028,0.5038315999999999,0.09550723,-0.06218313,0.4417321,0.07397924,-0.06801715,0.4620361,0.05995568,-0.06773239,0.47107,0.04662832,-0.0629172,0.4749917,0.12602380000000002,-0.04340634,0.43922330000000004,0.16283720000000002,-0.08611536,0.3993343,0.1673554,-0.05396909,0.40332540000000006,0.3253803,-0.2326639,0.289219,0.18559720000000002,-0.07900508,0.3962136,0.1563315,-0.1078805,0.3914433,0.3400131,-0.2182262,0.2916041,0.3107475,-0.2471016,0.28683379999999997
179,17:16:35.089 PM,0.1818471,-0.01600027,0.4222123,0.18525450000000002,0.009981349,0.4348303,0.1781299,0.02722399,0.4419331,0.12896459999999998,-0.01578338,0.4553684,0.12070039999999999,0.0004630089,0.4871613,0.11297049999999999,0.01419637,0.5004552,0.1055114,0.02650921,0.5027252999999999,0.11511869999999999,-0.03032111,0.4549646,0.09526698,-0.01859131,0.4890057,0.0806302,-0.006129444,0.5037990999999999,0.07013386,0.005572975,0.5069335,0.10410989999999999,-0.04689996,0.4493549,0.08187518,-0.04142568,0.47982109999999994,0.06553002,-0.03332599,0.49484129999999993,0.05357793,-0.02366066,0.49905109999999997,0.09421664,-0.06073716,0.43996660000000004,0.07228336,-0.06612729,0.45995690000000006,0.05798288,-0.06540988,0.46852029999999995,0.04466276,-0.05986102,0.47134090000000006,0.12488989999999998,-0.04221252,0.4374954000000001,0.1619116,-0.08599997,0.39897509999999997,0.1666736,-0.05382982,0.4024572,0.32312290000000005,-0.23575349999999998,0.2912415,0.1847541,-0.07917714,0.3958157,0.15519029999999998,-0.1077981,0.39136109999999996,0.3379048,-0.22144299999999997,0.29346880000000003,0.308341,-0.250064,0.2890143
180,17:16:35.119 PM,0.1819584,-0.01536192,0.4207281,0.1853645,0.01074518,0.43308509999999995,0.1774058,0.02782284,0.43968500000000005,0.12833250000000002,-0.01485892,0.4534053,0.1197202,0.0014000829999999999,0.4850992,0.1117036,0.01527445,0.4980732,0.1040934,0.02761774,0.4995353,0.1145208,-0.02942862,0.4529817,0.09417061,-0.01782031,0.4867693,0.07916569999999999,-0.005301371,0.5011398,0.06856217,0.0065009,0.5034263,0.1036078,-0.04608113,0.447403,0.08090768,-0.04073662,0.4775473,0.0641563,-0.03250286,0.49203800000000003,0.05210528,-0.02256669,0.4952094,0.09384678,-0.060024400000000006,0.4380332,0.07173324,-0.06558836,0.45777570000000006,0.05723137,-0.06480241,0.46598729999999994,0.04392415,-0.058866499999999995,0.4679543,0.1245088,-0.04145917,0.4357316,0.1619329,-0.08559303,0.3979747,0.1667014,-0.05330986,0.40126609999999996,0.32183959999999995,-0.2378524,0.29181890000000005,0.18484879999999998,-0.07902625,0.39480429999999994,0.15500770000000003,-0.1073857,0.3905296,0.33676009999999995,-0.2236726,0.2939563,0.3069191,-0.2520321,0.2896816
181,17:16:35.154 PM,0.18297470000000002,-0.01611562,0.41986080000000003,0.1874949,0.009837985,0.43218370000000006,0.1795672,0.02704497,0.4384777,0.12716480000000002,-0.01435263,0.4512469,0.1183855,0.0024526120000000003,0.4826084,0.1102595,0.01693033,0.49483359999999993,0.10281030000000001,0.02943136,0.4940157,0.11327100000000001,-0.02883734,0.4506344,0.09239309,-0.01691619,0.4839884,0.07708837,-0.003881216,0.49756190000000006,0.06679551,0.008406669,0.497775,0.102382,-0.04547176,0.4449559,0.07906713,-0.04005411,0.47461400000000004,0.06185587,-0.03138366,0.48828809999999995,0.0499901,-0.02083278,0.48966750000000003,0.09275119,-0.05944018,0.43548919999999997,0.07028344,-0.0650994,0.45480010000000004,0.05548655,-0.06406677,0.462438,0.04241512,-0.05735748,0.46299840000000003,0.12358039999999998,-0.04109332,0.4337357,0.1614494,-0.08584742,0.3971426,0.1664889,-0.05353689,0.40038090000000004,0.319629,-0.24095239999999998,0.2925301,0.18449770000000001,-0.07967253,0.39414970000000005,0.154219,-0.1075328,0.3896742,0.3347683,-0.22702229999999998,0.2947679,0.3044897,-0.2548826,0.29029240000000006
182,17:16:35.185 PM,0.1835374,-0.01613055,0.41942429999999997,0.1883249,0.009767711,0.43176270000000005,0.17943670000000003,0.02662964,0.43769589999999997,0.1263158,-0.01410481,0.4501895,0.1176085,0.0031199009999999996,0.48134269999999996,0.1095001,0.01788352,0.49323279999999997,0.1021485,0.0303243,0.4913392,0.1125662,-0.02872586,0.4495653,0.0916689,-0.01665378,0.4828527,0.07629981,-0.0034428540000000004,0.49618100000000004,0.06623617,0.008992448,0.4951644,0.10188430000000001,-0.0455039,0.443916,0.07842114,-0.04020999,0.4734794,0.0610855,-0.03167374,0.4870805,0.04924768,-0.02102557,0.48778019999999994,0.09246709,-0.05963112,0.43447020000000003,0.07000827,-0.06552528,0.453721,0.05515127,-0.06462508,0.46125829999999995,0.04213025,-0.05779634,0.4613232,0.123134,-0.04100293,0.4328425,0.1615615,-0.08569987,0.3967319,0.1664391,-0.05327299,0.39993909999999994,0.3180995,-0.24153829999999998,0.2907499,0.1846104,-0.0796307,0.3935344,0.15416649999999998,-0.1073529,0.3893312,0.3333215,-0.2276772,0.2928515,0.3028775,-0.2553993,0.28864829999999997
183,17:16:35.214 PM,0.18335179999999998,-0.01573543,0.4184744000000001,0.1878096,0.01034927,0.43054040000000005,0.17813710000000002,0.02691005,0.43608320000000006,0.1261107,-0.01369245,0.449313,0.1176052,0.003792986,0.4803766,0.1095729,0.0186566,0.49219359999999995,0.102212,0.03106393,0.49012429999999996,0.11244680000000001,-0.02840006,0.4488655,0.09171789,-0.01616208,0.48219759999999995,0.0763677,-0.00287129,0.49546819999999997,0.06633381,0.009550570999999999,0.4940639,0.10185330000000001,-0.04529749,0.4434088,0.07845993,-0.03996186,0.47302,0.06110809,-0.03146261,0.4866236,0.04925096,-0.02082025,0.4870201,0.09250125,-0.05957544,0.43412629999999996,0.070155,-0.06554507,0.45348459999999996,0.05529408,-0.06470448,0.461021,0.04226407,-0.05789383,0.46089030000000003,0.1230539,-0.04078394,0.43224670000000004,0.1616001,-0.08557317,0.3963704,0.1663656,-0.05313203,0.399381,0.31723379999999995,-0.24059270000000002,0.287885,0.1845706,-0.07939608,0.3928337,0.1541929,-0.10725219999999999,0.38905850000000003,0.33242259999999996,-0.2266647,0.2897726,0.3020449,-0.2545208,0.2859974
184,17:16:35.245 PM,0.183223,-0.01535018,0.4182274,0.1874711,0.01070857,0.4304246,0.1772155,0.02697597,0.43578490000000003,0.12584160000000003,-0.01313335,0.4485214,0.11733139999999999,0.004558191,0.4794667,0.1093296,0.01957013,0.4911157,0.1020648,0.03201114,0.48891309999999993,0.11216969999999998,-0.02783161,0.44801409999999997,0.09130836,-0.01538332,0.4811852,0.07590915,-0.001889735,0.4941916,0.06598968,0.01058541,0.49248059999999994,0.10159580000000001,-0.04472864,0.44251840000000003,0.07798771,-0.03932643,0.4719465,0.06051175,-0.0307264,0.4853260999999999,0.04870719999999999,-0.02001885,0.4854155,0.09228734,-0.05901225,0.43320070000000005,0.06981871,-0.06500025,0.4524111,0.05487388,-0.06409469,0.459772,0.04189939,-0.05718876,0.45938140000000005,0.1228642,-0.04024549,0.4314738,0.16149129999999998,-0.08509272,0.3957461,0.1663572,-0.05266912,0.3988772,0.31546929999999995,-0.2400996,0.2849058,0.1844687,-0.07901287,0.3920877,0.1539117,-0.1066733,0.3883205,0.3307478,-0.2262694,0.2867894,0.3001908,-0.2539298,0.2830222
185,17:16:35.274 PM,0.18313220000000002,-0.01547068,0.4181265,0.1872696,0.01059388,0.43034929999999993,0.1766944,0.02668296,0.43562629999999997,0.1257925,-0.01317188,0.448322,0.11737730000000002,0.004706249,0.4791861,0.109404,0.01985113,0.4906816,0.1021756,0.03229384,0.4883714,0.11213219999999999,-0.02788241,0.4478583,0.09124685,-0.01523988,0.48094079999999995,0.07581353,-0.00157325,0.49372429999999995,0.06594554,0.01091097,0.49179520000000004,0.1015683,-0.04480082,0.44240920000000006,0.07789449,-0.03932768,0.4717714,0.06033863,-0.030602499999999998,0.48496409999999995,0.04857243,-0.01985371,0.4847931,0.09226522,-0.05911368,0.4331313,0.06977388,-0.0651278,0.45230690000000007,0.054770900000000004,-0.06414741,0.45953890000000003,0.04184528,-0.05716546,0.45893500000000004,0.12282560000000001,-0.04032612,0.4313397,0.1614355,-0.08517369999999999,0.3955958,0.1663066,-0.05279031,0.3987426,0.3148367,-0.23918609999999998,0.2825901,0.18436770000000002,-0.07901956,0.3917811,0.1538435,-0.10672910000000002,0.38811009999999996,0.33009879999999997,-0.2253313,0.2844256,0.29957449999999997,-0.2530408,0.28075459999999997
186,17:16:35.306 PM,0.1831481,-0.01534392,0.417667,0.18723370000000003,0.010774200000000001,0.4297925,0.17655839999999998,0.02681901,0.43500259999999996,0.1258889,-0.01299921,0.44805509999999993,0.1175738,0.005004823,0.47887299999999994,0.10963830000000001,0.0202155,0.4903076,0.102415,0.03267278,0.48806059999999996,0.1122277,-0.027710900000000004,0.4476604,0.09137397,-0.01491125,0.48070240000000003,0.07594661,-0.001150265,0.4933915,0.06606877,0.01132768,0.49147240000000003,0.1016487,-0.04464059,0.44227609999999995,0.07798745,-0.03908053,0.471632,0.0604125,-0.03026293,0.4847375,0.04865646,-0.01950464,0.48448459999999993,0.09231951,-0.05897255,0.43305390000000005,0.06982303,-0.06497069,0.4522285,0.05479133,-0.06393309,0.45939250000000004,0.04186893,-0.05695024,0.45873290000000005,0.1228742,-0.04018816,0.43113679999999993,0.1613615,-0.0850177,0.39524790000000004,0.1662624,-0.05271822,0.3984414,0.3140812,-0.23712170000000002,0.27878759999999997,0.1842152,-0.07871332,0.3912139,0.15377979999999997,-0.1065325,0.38763590000000003,0.3292989,-0.2232121,0.28057659999999995,0.2988635,-0.2510312,0.2769986
187,17:16:35.336 PM,0.18328270000000002,-0.0150041,0.4174251,0.1874551,0.01107624,0.4296023,0.17692320000000003,0.02722384,0.4347868,0.12579289999999999,-0.01241584,0.44730519999999996,0.1172643,0.005767465,0.47795920000000003,0.10930190000000001,0.02104746,0.4892821,0.10215089999999999,0.03356071,0.48711640000000006,0.1120825,-0.02707863,0.4468089,0.09097026,-0.01403341,0.47958959999999995,0.07551181,-0.00018706919999999998,0.4921474,0.06564756,0.01232259,0.4903697,0.101487,-0.04397398,0.44134979999999996,0.07759219,-0.03823183,0.47048059999999997,0.05996815,-0.02935502,0.48347979999999996,0.04818976,-0.01861861,0.4833838,0.09218197,-0.05827886,0.43206140000000004,0.0694543,-0.06413269,0.4510067,0.05435745,-0.06302069,0.458021,0.04141822,-0.05606994,0.45735200000000004,0.12281869999999999,-0.03960569,0.43038119999999996,0.16141760000000002,-0.08453545,0.3947452,0.166427,-0.05231453,0.3980497,0.3141038,-0.23578160000000004,0.2771289,0.18427910000000003,-0.0782155,0.39078029999999997,0.1538247,-0.10597999999999999,0.3869484,0.329331,-0.2218993,0.2790448,0.29887659999999994,-0.2496638,0.27521290000000004
188,17:16:35.367 PM,0.1838764,-0.01454002,0.41682700000000006,0.18836170000000002,0.01144293,0.42910059999999994,0.17834049999999999,0.02784531,0.43449259999999995,0.1262873,-0.01168323,0.44619620000000004,0.11751480000000002,0.007008596999999999,0.47647290000000003,0.1095247,0.02242853,0.4875846,0.102413,0.03499858,0.485629,0.112571,-0.02634054,0.4457027,0.09125511,-0.01276989,0.4781364000000001,0.07582005,0.001186356,0.4906009,0.06589057,0.01369253,0.4892037,0.101992,-0.04325527,0.4402718,0.07793491,-0.03715596,0.46919570000000005,0.06033991,-0.02826853,0.4822269,0.04843075,-0.01768638,0.4826665,0.09272313,-0.05759804,0.4310058,0.06979816,-0.06316227,0.4497999,0.05468994,-0.06201187,0.4567835,0.04162872,-0.055272400000000006,0.45637849999999996,0.12337830000000001,-0.03894988,0.429385,0.1620955,-0.08404657,0.39409079999999996,0.167133,-0.05183323,0.3973216,0.3147242,-0.23547379999999998,0.27663309999999997,0.18496210000000002,-0.07774352,0.3901279,0.1544919,-0.1054924,0.38630790000000004,0.3299593,-0.2215994,0.27854309999999993,0.29948909999999995,-0.2493482,0.2747231
189,17:16:35.396 PM,0.18443420000000002,-0.01386261,0.4158536,0.1892191,0.01203552,0.4281932,0.17991500000000002,0.02871732,0.4339976,0.1270921,-0.01116969,0.4456004,0.11833869999999999,0.007922977,0.4756317,0.11039860000000001,0.02339892,0.4867013,0.1032566,0.03600653,0.48513690000000004,0.1134203,-0.02587166,0.4452102,0.09233698,-0.01179798,0.4775816,0.07712372,0.002215654,0.4902527,0.06711731,0.01471564,0.48949449999999994,0.102853,-0.04281817,0.4398562,0.07906675,-0.03642942,0.4689412,0.06170829,-0.02755807,0.48229659999999996,0.04971062,-0.01713702,0.48350699999999996,0.09355617,-0.05718645,0.43065790000000004,0.07070883,-0.06255722,0.4496022,0.05572265,-0.06149565,0.45685749999999997,0.04249343,-0.05508335,0.4570867,0.1241359,-0.03843705,0.42879849999999997,0.162712,-0.08341208,0.3931886,0.16767079999999998,-0.05116029,0.3963739,0.3147362,-0.2352252,0.2754454,0.18555429999999998,-0.07711707,0.3890765,0.15507200000000002,-0.1048884,0.3855264,0.32997740000000003,-0.2213395,0.2772205,0.29949499999999996,-0.24911079999999997,0.2736703
190,17:16:35.427 PM,0.1850237,-0.01172139,0.4127853,0.1900807,0.01424469,0.42487250000000004,0.18209170000000002,0.03141089,0.43121149999999997,0.1282642,-0.009806156,0.44387340000000003,0.1195753,0.009842306,0.47356390000000004,0.111623,0.025354400000000003,0.484574,0.1043063,0.03791459,0.48351009999999994,0.1147917,-0.02469656,0.44380590000000003,0.09426907,-0.009994969,0.4762594,0.07942044,0.0039585079999999995,0.48942060000000004,0.06925448,0.01635303,0.48958789999999996,0.10434949999999998,-0.04180168,0.4387156,0.08124066,-0.03507631,0.46826809999999996,0.06434694,-0.02636312,0.4823072,0.05224123,-0.01627344,0.4847018,0.09506102,-0.056321500000000004,0.429749,0.07260557,-0.06152986,0.44920129999999997,0.05794106,-0.06080504,0.4571267,0.04445628,-0.05512497,0.45860790000000007,0.1253333,-0.03715669,0.4272022,0.1637204,-0.08178782,0.3909478,0.16835029999999998,-0.04936442,0.3938992,0.31448400000000004,-0.23364829999999998,0.2716544,0.1864195,-0.07535601,0.3862897,0.1560977,-0.1034057,0.38367670000000004,0.3296449,-0.2196235,0.27296090000000006,0.29932309999999995,-0.2476732,0.27034790000000003
191,17:16:35.456 PM,0.1839245,-0.009170592,0.404829,0.1887164,0.01768149,0.41492049999999997,0.181772,0.03557114,0.42042109999999994,0.12873980000000002,-0.007153198,0.4375338,0.1200579,0.01386434,0.4662723,0.1121059,0.02955972,0.4770196,0.10457860000000001,0.04203679,0.47676540000000006,0.11552219999999999,-0.02223662,0.43853050000000005,0.09522752,-0.006194486999999999,0.4704874,0.08049113,0.007817432,0.4837119000000001,0.06992856,0.01980884,0.4849662,0.1052762,-0.03975381,0.4345713,0.08254454,-0.031821499999999996,0.46411579999999997,0.06589795,-0.02295519,0.4783517,0.05357632,-0.01339503,0.48163540000000005,0.09606653,-0.05488038,0.42658100000000004,0.07384347,-0.05929776,0.44648950000000004,0.05941124,-0.05868742,0.4548375,0.04571364,-0.05391167,0.4572352,0.1259565,-0.03540429,0.4224126,0.16437939999999998,-0.08123606,0.387741,0.1685347,-0.04870547,0.3889663,0.3146965,-0.23492,0.2702335,0.18680460000000002,-0.07457195,0.38217209999999996,0.156986,-0.10326860000000002,0.3815592,0.3296058,-0.2205717,0.27053990000000006,0.29978720000000003,-0.2492683,0.269927
192,17:16:35.486 PM,0.1830241,-0.005096868,0.3957509,0.18680070000000001,0.02267464,0.4035375,0.17983239999999998,0.04099102,0.40736059999999996,0.128412,-0.0025276689999999997,0.42863359999999995,0.1191454,0.01913349,0.4567049,0.11112319999999999,0.03467093,0.4676292,0.1035105,0.04708217,0.4682872,0.1152942,-0.01764446,0.43025379999999996,0.09432476,-0.0007692724,0.4613358,0.07933085,0.01313345,0.47438509999999995,0.0684403,0.02468671,0.47659440000000003,0.10524589999999999,-0.03543936,0.4271068,0.08198557,-0.02642918,0.455924,0.06511847,-0.01733297,0.46975059999999996,0.05259316,-0.008192986,0.4734372,0.09628066,-0.05106051,0.41981940000000006,0.07373443,-0.05473122,0.43951590000000007,0.05924413,-0.05408201,0.4477599,0.04540654,-0.04971503,0.45013509999999995,0.1260865,-0.03159241,0.4150515,0.1654004,-0.07892258,0.383525,0.1692989,-0.0463582,0.3830593,0.3168782,-0.2367489,0.2732007,0.1878019,-0.07238088,0.3777204,0.15814660000000003,-0.10124689999999999,0.3782972,0.3317059,-0.22231579999999998,0.2729123,0.3020505,-0.2511819,0.2734891
193,17:16:35.515 PM,0.18169720000000003,0.001574114,0.3850982,0.1826639,0.03020416,0.39010100000000003,0.1737628,0.04799946,0.3916837,0.1272114,0.003249601,0.41857219999999995,0.11727439999999999,0.02455471,0.4466858,0.10898859999999999,0.03951134,0.4582064,0.1009815,0.05162801,0.45941990000000005,0.11456110000000001,-0.01220113,0.4206823,0.09285735,0.004587352,0.45130200000000004,0.07737023,0.01804931,0.4642365,0.06600706,0.02913548,0.46645509999999996,0.1051652,-0.03045425,0.41822380000000003,0.08134384,-0.02114888,0.4464813,0.06403327,-0.01211199,0.4597876,0.05115688,-0.003278285,0.46297609999999995,0.09686799,-0.0467028,0.4115447,0.07432224,-0.05037993,0.4312399,0.05979545,-0.05000252,0.4394363,0.04578288,-0.04600473,0.4413974,0.12611789999999998,-0.02650195,0.4064003,0.1674031,-0.07404415,0.37784059999999997,0.17044890000000001,-0.04134883,0.37602199999999997,0.3226887,-0.23455679999999998,0.2771327,0.18975379999999997,-0.06741568,0.3719396,0.160581,-0.09672389,0.3736708,0.3372751,-0.2199027,0.2762671,0.3081023,-0.24921089999999999,0.27799840000000003
194,17:16:35.545 PM,0.1800341,0.01146893,0.3715113,0.178092,0.0403616,0.3742428,0.166911,0.05690263,0.37431220000000004,0.1270737,0.01169489,0.40709759999999995,0.1168325,0.03275259,0.4352885,0.10814089999999998,0.04734571,0.4469755,0.09953652,0.05903845,0.4482639,0.1151279,-0.004185632,0.4099859,0.09323898,0.01228598,0.44064609999999993,0.07727768,0.02536018,0.453401,0.06538667,0.03594296,0.45529079999999994,0.1064933,-0.02290376,0.40836859999999997,0.08259797,-0.013619799999999998,0.4365708,0.06489642,-0.004695505,0.4494315,0.05164545,0.003805861,0.4519135,0.09881448,-0.03973827,0.402441,0.07665164,-0.04349478,0.42255159999999997,0.06213286,-0.04324897,0.43076729999999996,0.04800214,-0.03949817,0.4323299,0.1270993,-0.01852888,0.39609279999999997,0.1700365,-0.0654494,0.3689437,0.17162339999999998,-0.03265288,0.3656518,0.3307948,-0.2255478,0.2764856,0.19212579999999999,-0.05835803,0.3626124,0.1640231,-0.08855061,0.3660291,0.3448461,-0.21045149999999999,0.2747772,0.3167435,-0.24064410000000003,0.27819390000000005
195,17:16:35.576 PM,0.1731768,0.02072366,0.3505056,0.1668012,0.04907383,0.34965759999999996,0.1525487,0.06297679,0.348384,0.126711,0.02185442,0.391752,0.11713879999999999,0.04472275,0.4187402,0.1080617,0.05995198,0.4292616,0.09865953,0.07108398,0.42931909999999995,0.11568419999999999,0.005893141,0.39692459999999996,0.09483326,0.0243095,0.42719799999999997,0.07860252,0.038150300000000005,0.4387447,0.06628212,0.04834534,0.43984470000000003,0.1077275,-0.01317661,0.3975999,0.08468619,-0.001394764,0.4255763,0.06665215,0.00897254,0.4367805,0.05321819,0.01750393,0.4376156,0.1003156,-0.03071833,0.3937583,0.07883073,-0.03241947,0.41485690000000003,0.06414969,-0.03088775,0.42263100000000003,0.050251800000000006,-0.02615932,0.4219028,0.1271345,-0.009199753,0.3833915,0.1699155,-0.05673145,0.3571011,0.169736,-0.024421099999999998,0.3508068,0.3341328,-0.2158275,0.2691068,0.19113729999999998,-0.04908163,0.3487685,0.1651155,-0.08029086,0.35663429999999996,0.3471437,-0.20022279999999998,0.2651739,0.3211219,-0.2314321,0.2730397
196,17:16:35.605 PM,0.1596839,0.02357395,0.32714740000000003,0.1456364,0.04869573,0.322835,0.1299797,0.06091024,0.3207757,0.1292217,0.030771899999999998,0.3738282,0.11746559999999999,0.0573933,0.3961201,0.106049,0.07346950000000001,0.40219109999999997,0.09546398,0.083122,0.3994562,0.1188337,0.01558544,0.3818788,0.09768158,0.03904839,0.4082119,0.080805,0.05463849,0.4160142,0.06825297,0.06450708,0.4145299,0.11109300000000001,-0.003234878,0.38555759999999994,0.08785549,0.01382792,0.41050070000000005,0.06937125,0.02646552,0.4180735,0.05606293,0.03498848,0.415969,0.1034552,-0.02107406,0.3845382,0.08143062,-0.01772074,0.40488520000000006,0.06641445,-0.01360096,0.41089499999999995,0.05309202,-0.008045778,0.408074,0.12903689999999998,-0.001060456,0.36919050000000003,0.1694684,-0.05146798,0.3446485,0.1684401,-0.02023989,0.3347125,0.3286875,-0.2157021,0.2569006,0.18951700000000002,-0.04432423,0.3334527,0.1653417,-0.07503515,0.34706950000000003,0.3407751,-0.20034670000000002,0.2500922,0.3165998,-0.2310576,0.263709
197,17:16:35.637 PM,0.1474677,0.0218638,0.3067661,0.12874960000000002,0.04342841,0.3012568,0.11176760000000002,0.05381359,0.299744,0.1311876,0.04044636,0.35314159999999994,0.1145108,0.07049023,0.36581149999999996,0.09942219,0.08441298,0.3641374,0.08766153,0.09001239,0.3576152,0.12180070000000001,0.0273567,0.3651178,0.09836239,0.05690981,0.3814011,0.0798782,0.07257609,0.3809093,0.06716521,0.0798067,0.3743725,0.1144285,0.009809211,0.37317480000000003,0.08901173,0.03356753,0.3886449,0.06936643,0.04620461,0.3854081,0.05735385,0.05124976,0.37629209999999996,0.10655139999999999,-0.007635741999999999,0.3764614,0.08294549,0.004144952,0.3910057,0.06792174,0.01118642,0.3896053,0.05725146,0.01585172,0.380684,0.1300867,0.008342101999999999,0.3545551,0.16685020000000003,-0.04637241,0.3341635,0.1644298,-0.01813917,0.319537,0.32054340000000003,-0.21381889999999998,0.242721,0.1845904,-0.03988402,0.3192812,0.1644793,-0.06960545,0.33990159999999997,0.330599,-0.1989582,0.23241079999999997,0.3104878,-0.22867960000000004,0.2530312
198,17:16:35.670 PM,0.1425106,0.02153926,0.28767529999999997,0.1240605,0.04327865,0.2819414,0.1074489,0.05434681,0.28151570000000004,0.13438440000000001,0.04998119,0.32616290000000003,0.1128575,0.07983197,0.3263736,0.09568547,0.0881082,0.3181915,0.08405261,0.08724536,0.3091422,0.1256272,0.04072346,0.3417114,0.0967215,0.07016842,0.3375958,0.07822473,0.07291307,0.32099,0.06953982,0.06799586,0.30789770000000005,0.118102,0.02608798,0.3542677,0.08873379,0.05047546,0.3499375,0.07296317,0.05021842,0.33158940000000003,0.06741369,0.04386728,0.3177348,0.1095161,0.0105534,0.3622249,0.08492449,0.02837746,0.36049899999999996,0.07513079,0.02987747,0.3466185,0.07159539999999999,0.02647237,0.3324861,0.1313086,0.01916055,0.3349492,0.1618074,-0.04160888,0.32370679999999996,0.1594068,-0.01738888,0.3035155,0.3025826,-0.2239205,0.2397636,0.17721989999999999,-0.03787013,0.3056208,0.1604724,-0.06357881,0.3333986,0.3109564,-0.21106620000000004,0.22587470000000004,0.2942088,-0.23677489999999998,0.2536525
199,17:16:35.699 PM,0.1510727,0.01647998,0.270251,0.139323,0.04060091,0.25906239999999997,0.12669760000000002,0.05531617,0.2543453,0.13936579999999998,0.04913621,0.30335,0.11032370000000001,0.06277166,0.28573190000000004,0.10103619999999999,0.04858209,0.2741261,0.1003234,0.03495313,0.2691975,0.1296026,0.04286347,0.3197369,0.09982755,0.05490316,0.2941303,0.09406786,0.03666534,0.2792858,0.09684217,0.02153514,0.2749336,0.12079560000000002,0.03076704,0.3340062,0.09255907,0.04128198,0.31071570000000004,0.089601,0.02450962,0.29439,0.09475711,0.01040325,0.2891739,0.110997,0.01716526,0.343827,0.09029978,0.02895205,0.32535359999999997,0.08840327,0.01970576,0.3116231,0.09276205,0.0076960330000000006,0.30440500000000004,0.13403389999999998,0.02024613,0.3164431,0.1611427,-0.04288486,0.3141813,0.16050250000000002,-0.02220342,0.29182990000000003,0.2923384,-0.2385164,0.2468235,0.1769076,-0.04142063,0.29608070000000003,0.1584973,-0.06391224,0.3255461,0.3015435,-0.22727060000000002,0.23209079999999999,0.28313330000000003,-0.24976220000000002,0.2615562
200,17:16:35.733 PM,0.1583812,0.01587541,0.25446979999999997,0.1488319,0.0396298,0.24067080000000002,0.1372652,0.05443449,0.2339214,0.1392845,0.04964741,0.28587290000000004,0.1120057,0.04220949,0.2626196,0.11696240000000001,0.02259924,0.2588011,0.1272602,0.013190700000000001,0.26289509999999994,0.128977,0.04403056,0.3021647,0.1042099,0.03522544,0.2705832,0.11211689999999999,0.01239465,0.2688979,0.1227494,0.003138304,0.27647340000000004,0.11989649999999999,0.03251015,0.31673670000000004,0.0978274,0.02574299,0.2864368,0.1079994,0.004866242,0.2822428,0.11962529999999999,-0.003527075,0.2891551,0.1100743,0.01919402,0.32691970000000004,0.09393641,0.019119099999999997,0.30145609999999995,0.10012869999999999,0.005042568,0.29503870000000004,0.1100126,-0.005071282,0.2989771,0.1342337,0.02141584,0.3004338,0.16291770000000003,-0.04095042,0.30255509999999997,0.1630656,-0.02151552,0.279599,0.29262699999999997,-0.2388507,0.2390493,0.1790193,-0.03984091,0.28472770000000003,0.15978710000000002,-0.06184995,0.31403200000000003,0.30224309999999993,-0.2278462,0.2243971,0.28301090000000007,-0.24985529999999997,0.2537014
201,17:16:35.763 PM,0.1584668,0.02053739,0.2450114,0.14734229999999998,0.04383235,0.2316116,0.134261,0.0576243,0.2255041,0.1368546,0.05365939,0.27616040000000003,0.1130758,0.03977235,0.2519751,0.1229566,0.0216798,0.251475,0.1348192,0.01650135,0.2581866,0.126288,0.04770075,0.292163,0.10402339999999999,0.03444313,0.2602408,0.11707429999999999,0.01396622,0.25961300000000004,0.1292857,0.007210746,0.2675228,0.1171556,0.03588082,0.3064608,0.09782643,0.02566789,0.2752409,0.11047069999999999,0.005749688,0.2739045,0.12222480000000001,-0.0011386130000000001,0.28217509999999996,0.1074453,0.02226125,0.31634629999999997,0.09378856,0.01876365,0.2896796,0.10277910000000001,0.005027533,0.28668309999999997,0.11315460000000001,-0.002481744,0.29391269999999997,0.1322121,0.02524577,0.2905025,0.1622293,-0.03646891,0.2929623,0.16275209999999998,-0.01679799,0.2702962,0.29024490000000003,-0.23476999999999998,0.22730460000000002,0.17861989999999997,-0.03521026,0.2754103,0.15864029999999998,-0.05755767,0.3039485,0.3002347,-0.22359629999999997,0.2130355,0.2802551,-0.2459437,0.2415737
202,17:16:35.793 PM,0.1555255,0.0230713,0.2368323,0.141536,0.04557337,0.2248447,0.1266411,0.05804922,0.2202656,0.1342379,0.05537878,0.26886540000000003,0.10925660000000001,0.04257052,0.2453096,0.11952080000000001,0.02473257,0.2440694,0.1317144,0.01961295,0.2501926,0.1242837,0.04899888,0.28509559999999995,0.1015407,0.0354356,0.2536435,0.1148414,0.01517101,0.252739,0.1272343,0.007895336,0.2598399,0.1158729,0.03681369,0.29952779999999996,0.09577062,0.02617492,0.26894650000000003,0.11062730000000001,0.008138776,0.26543130000000004,0.1237117,0.001712531,0.2718735,0.1068108,0.02285184,0.3095489,0.09247364,0.01928441,0.2832538,0.1017892,0.00583531,0.27998379999999995,0.1125646,-0.0016641770000000002,0.2866037,0.13076110000000002,0.02672838,0.2830641,0.1622097,-0.03431548,0.2840954,0.16184790000000002,-0.01429588,0.2616365,0.2878177,-0.2319096,0.211982,0.17800739999999998,-0.03286499,0.2660224,0.1589728,-0.05552538,0.294957,0.297335,-0.22057939999999998,0.19751470000000002,0.27830029999999994,-0.24323979999999998,0.2264493
203,17:16:35.819 PM,0.1524537,0.02340184,0.231023,0.1367361,0.045130300000000005,0.2197538,0.12099539999999999,0.05679731,0.21590920000000002,0.1319807,0.05569239,0.26327090000000003,0.1068327,0.04215522,0.2403049,0.1171539,0.02436881,0.2388196,0.1294017,0.01860632,0.2442291,0.1224672,0.04926597,0.2797458,0.09927509,0.03516527,0.2488618,0.11285910000000002,0.01509698,0.2477984,0.125486,0.007889584,0.25454940000000004,0.11454660000000001,0.03704681,0.29442529999999995,0.09396844,0.02591537,0.26433870000000004,0.1090194,0.008082180999999999,0.260619,0.12233239999999998,0.001865581,0.26679440000000004,0.1059089,0.0230137,0.30471909999999996,0.09107736,0.01906623,0.2787538,0.1005247,0.005737901,0.27536859999999996,0.111555,-0.0017471160000000002,0.28157340000000003,0.1292366,0.02708252,0.2777116,0.161494,-0.03353988,0.2783673,0.1604836,-0.01360521,0.2558787,0.28317,-0.2323729,0.2029631,0.1767806,-0.03225663,0.2598469,0.1583751,-0.05470643,0.2893472,0.2923728,-0.221148,0.1882129,0.27396729999999997,-0.2435978,0.2177132
204,17:16:35.845 PM,0.1512027,0.02333899,0.227115,0.1345468,0.04428963,0.2157364,0.11839360000000002,0.05532838,0.2117676,0.130117,0.05566455,0.2587207,0.10559890000000001,0.04133554,0.2355603,0.11583039999999999,0.02350332,0.23400610000000002,0.12794629999999999,0.0172707,0.23917870000000002,0.12050319999999999,0.04922883,0.2751332,0.09755564,0.03501542,0.2441196,0.11127429999999999,0.01503713,0.24309899999999998,0.12392939999999998,0.008025825,0.2500009,0.1126183,0.03701396,0.2898347,0.09254057,0.02532266,0.2596236,0.1079145,0.007707477,0.2561992,0.12125599999999999,0.001878336,0.262681,0.10411199999999998,0.02292548,0.300161,0.08963102,0.01853831,0.2740694,0.09928626,0.005329192,0.270807,0.11037449999999999,-0.002061322,0.2770207,0.1277264,0.02716149,0.2734303,0.16080629999999999,-0.03297095,0.27503740000000004,0.16004939999999998,-0.01313855,0.2524633,0.2811548,-0.2326891,0.19986610000000002,0.1762021,-0.0317813,0.256602,0.1574453,-0.05413242,0.2859556,0.29053320000000005,-0.2215136,0.18518929999999997,0.27177640000000003,-0.2438647,0.21454279999999998
205,17:16:35.874 PM,0.1486626,0.02295475,0.224187,0.1314214,0.04326956,0.2125283,0.11509460000000002,0.05394764,0.20829050000000002,0.1280082,0.05555286,0.2552718,0.10359700000000001,0.04085328,0.2322272,0.1133673,0.02281012,0.2302091,0.1253775,0.01607551,0.23498490000000002,0.11844539999999999,0.04916124,0.2717314,0.09492595,0.03551529,0.2408913,0.10832349999999999,0.01535706,0.23929940000000002,0.1210319,0.00832589,0.2460826,0.11070830000000001,0.03699861,0.2865546,0.09008201,0.02589671,0.2564906,0.1043039,0.007311626999999999,0.25321439999999995,0.11728620000000001,0.001009256,0.2599787,0.1023937,0.02290057,0.2970236,0.08725368,0.01910086,0.2712151,0.0964877,0.005801499,0.2671886,0.1076325,-0.00196144,0.2728202,0.1260232,0.02719243,0.270315,0.1598776,-0.03249265,0.2727746,0.1590486,-0.01283646,0.24993020000000002,0.2794215,-0.2339806,0.201122,0.175311,-0.03167866,0.25435019999999997,0.1563987,-0.05345544,0.2840337,0.28887759999999996,-0.2230922,0.1862802,0.26996529999999996,-0.244869,0.21596379999999998
206,17:16:35.905 PM,0.1467878,0.02216275,0.22327689999999997,0.12964460000000003,0.04246704,0.2114565,0.11344360000000002,0.0532663,0.2070469,0.1267971,0.0550039,0.25421550000000004,0.1017716,0.04102562,0.2313825,0.1110391,0.02277921,0.2288802,0.123037,0.01589645,0.2334719,0.1172896,0.0486878,0.27073600000000003,0.09320118,0.03560628,0.24009149999999999,0.1063393,0.01530118,0.2382292,0.1190595,0.008228853000000001,0.24494720000000003,0.1095983,0.03659265,0.2856378,0.08852393,0.02622478,0.2556228,0.1016145,0.006750017,0.25284,0.1141438,-5.4642559999999995e-05,0.25996210000000003,0.10131230000000001,0.02254425,0.29619559999999995,0.08558746,0.01936822,0.27065429999999996,0.09444015,0.005956605,0.26617070000000004,0.1055563,-0.002072483,0.271476,0.124848,0.02670829,0.26938449999999997,0.1585757,-0.03306802,0.2720847,0.15777349999999998,-0.01342747,0.24904920000000003,0.2756462,-0.2371308,0.2037118,0.1740101,-0.03274203,0.253646,0.1548484,-0.05380027,0.283686,0.28522709999999996,-0.22660170000000002,0.1886919,0.26606540000000006,-0.24765990000000002,0.21873179999999998
207,17:16:35.939 PM,0.1458855,0.02228023,0.2236335,0.12871459999999998,0.0426129,0.2119024,0.11251130000000001,0.053403599999999996,0.2074799,0.12621010000000002,0.05480601,0.25482849999999996,0.1010003,0.04152508,0.2317823,0.1102345,0.02331339,0.2289266,0.122226,0.01632635,0.2333755,0.1166614,0.04825298,0.2712328,0.09250713,0.03583054,0.24036620000000003,0.105627,0.015541,0.23822449999999998,0.11833119999999998,0.008389428,0.2448888,0.10895839999999998,0.03594817,0.2859561,0.08780322,0.026217,0.25578470000000003,0.1008944,0.006788656,0.2526949,0.1134215,-6.330013e-05,0.2597753,0.10068610000000001,0.02174036,0.2963097,0.08479588,0.01923583,0.27079549999999997,0.09355637,0.005877360999999999,0.26598299999999997,0.1046594,-0.002269804,0.2711337,0.124313,0.02632128,0.26964679999999996,0.1582884,-0.03336385,0.2718486,0.1574803,-0.01343565,0.24896220000000002,0.27695290000000006,-0.23680549999999997,0.2043767,0.17389179999999999,-0.03294711,0.2535545,0.1545516,-0.05412476,0.28339549999999997,0.286623,-0.2262167,0.18945620000000002,0.2672828,-0.24739429999999998,0.21929720000000003
208,17:16:35.974 PM,0.14653270000000002,0.02235888,0.22550549999999997,0.12958219999999998,0.04287185,0.2137679,0.1134171,0.05371548,0.20933539999999998,0.1273985,0.05489542,0.2569364,0.1021911,0.04240264,0.23345180000000001,0.1111555,0.0240991,0.23033649999999997,0.1230087,0.01687412,0.2347759,0.1175879,0.04823075,0.2731397,0.09368524,0.03657188,0.2417839,0.10640630000000001,0.01602398,0.23970129999999998,0.1188442,0.008561701,0.24652510000000002,0.10958410000000002,0.03581755,0.2876091,0.08863156,0.02678902,0.2570806,0.1015841,0.0072779509999999995,0.2539287,0.11395410000000002,0.0001887679,0.2610514,0.1010437,0.02156411,0.29767790000000005,0.08534189,0.01969923,0.2719935,0.09402532,0.0063077359999999996,0.26713359999999997,0.1049782,-0.001997694,0.2723525,0.1250329,0.02624311,0.27135820000000005,0.158418,-0.03379995,0.27330509999999997,0.15803620000000002,-0.01358575,0.2505502,0.2774581,-0.2373312,0.20677329999999997,0.17432029999999998,-0.033349199999999996,0.25527110000000003,0.1544198,-0.05460383,0.28468590000000005,0.2874083,-0.22670389999999999,0.19206579999999998,0.2675078,-0.24795860000000003,0.22148070000000003
209,17:16:36.007 PM,0.14771489999999998,0.02174614,0.2278297,0.13154949999999999,0.042666,0.21570429999999996,0.1156691,0.05385254,0.21109410000000003,0.1293903,0.05495064,0.25952420000000004,0.1037586,0.04349954,0.2359624,0.11208810000000001,0.02493127,0.2326442,0.1237488,0.01740308,0.2370917,0.11934569999999999,0.04851006,0.2756754,0.09549089,0.037612099999999996,0.24400940000000002,0.1069125,0.01625408,0.24251079999999997,0.1187232,0.008168414,0.2497367,0.1109711,0.03627978,0.29009159999999995,0.08989543,0.02787505,0.2594683,0.1022294,0.007994011,0.2561364,0.11436889999999998,0.000308603,0.2630385,0.1020332,0.02222933,0.3001022,0.08639684,0.02079861,0.2743493,0.09474414,0.0071991830000000005,0.2694741,0.10545979999999999,-0.001430377,0.2746617,0.12624680000000002,0.02634473,0.273892,0.1581577,-0.03449772,0.27593850000000003,0.1583358,-0.01426892,0.2531637,0.2759546,-0.2391096,0.21051370000000003,0.17419790000000002,-0.03420246,0.2580237,0.1538973,-0.05525417,0.2873108,0.28610490000000005,-0.2285837,0.19587020000000002,0.26580440000000005,-0.24963539999999998,0.22515729999999998
210,17:16:36.043 PM,0.1489218,0.02146314,0.2312489,0.13309,0.04259975,0.2190641,0.117281,0.05388825,0.2144611,0.13056769999999998,0.05461194,0.2633455,0.10499160000000002,0.04340474,0.239612,0.1134049,0.02486695,0.23634970000000002,0.125026,0.01729657,0.24082670000000003,0.12044080000000001,0.04810707,0.27941869999999996,0.09671754,0.03735431,0.24760589999999996,0.10821389999999999,0.01604946,0.2460884,0.1200152,0.007992104,0.253352,0.11195150000000001,0.0358163,0.293715,0.09100059,0.02763738,0.26294670000000003,0.10333519999999999,0.007751331,0.2596631,0.1154122,1.557171e-05,0.2666138,0.10289880000000001,0.02174439,0.30358979999999997,0.08738711,0.02051099,0.277752,0.09573741,0.006905988,0.27290149999999996,0.1063914,-0.0017949939999999998,0.27809490000000003,0.1272049,0.02591409,0.2774759,0.15874620000000003,-0.03514722,0.2791795,0.1590865,-0.01473513,0.25650639999999997,0.2736282,-0.2415556,0.2142203,0.1748757,-0.03509614,0.2613428,0.1541048,-0.05583914,0.2905203,0.2840136,-0.23118409999999998,0.1996316,0.2632428,-0.2519271,0.228809
211,17:16:36.091 PM,0.14958310000000002,0.02092369,0.23594250000000003,0.1340664,0.04252549,0.2241746,0.1183835,0.05413114,0.21994299999999997,0.1317404,0.05389933,0.2690268,0.1058375,0.043047,0.2454819,0.11423119999999999,0.02451245,0.2421475,0.1259001,0.01699151,0.24658400000000003,0.12176469999999999,0.04731892,0.285164,0.09749458,0.03714512,0.25357329999999995,0.1088377,0.01578431,0.251708,0.1206846,0.00760287,0.2587563,0.11330710000000001,0.03495432,0.2994156,0.09186591,0.02736039,0.268835,0.10392370000000001,0.0073655840000000005,0.2651991,0.11599389999999998,-0.0005798936,0.27192209999999994,0.1041891,0.02088208,0.3092303,0.08835746,0.02009504,0.28356929999999997,0.09645659,0.006441756999999999,0.27843579999999996,0.10706289999999999,-0.002467528,0.2833673,0.128147,0.02505393,0.2827961,0.15882520000000003,-0.03648125,0.28319920000000004,0.15905279999999997,-0.01577607,0.2607428,0.27244240000000003,-0.24267929999999996,0.21540770000000004,0.1747547,-0.03633571,0.2651841,0.1542575,-0.05724659,0.29443509999999995,0.28269099999999997,-0.23222379999999998,0.20078220000000002,0.26219380000000003,-0.25313470000000005,0.23003320000000002
212,17:16:36.139 PM,0.1505578,0.01933421,0.24050900000000003,0.1357691,0.04124694,0.2283853,0.12044529999999999,0.05323745,0.22391999999999998,0.13264389999999998,0.05282848,0.273739,0.10660330000000001,0.04242103,0.2501472,0.1145453,0.023578,0.2475337,0.12593279999999998,0.01589693,0.2524005,0.1225749,0.04650633,0.2899212,0.09829313,0.03653456,0.2582759,0.1087796,0.01469578,0.2570857,0.12021079999999999,0.006284341,0.2645362,0.11392060000000001,0.03436486,0.30424609999999996,0.09236102,0.02690761,0.2737157,0.10404939999999999,0.006682843000000001,0.2701505,0.1159809,-0.0014803560000000002,0.27685879999999996,0.1045705,0.02050485,0.31414369999999997,0.08876213,0.01974617,0.2884678,0.09662917,0.005932644,0.2834038,0.10709049999999999,-0.003120571,0.28838179999999997,0.1285646,0.02412175,0.2876612,0.15833770000000003,-0.0378195,0.2882185,0.1587249,-0.01735395,0.265784,0.27150490000000005,-0.24348820000000002,0.21810789999999997,0.1742005,-0.03752249,0.2701466,0.15379160000000003,-0.05868338,0.29927929999999997,0.2817094,-0.23290770000000002,0.20354160000000002,0.2613004,-0.25406860000000003,0.23267420000000003
213,17:16:36.182 PM,0.1524132,0.01800545,0.246356,0.1385401,0.04015903,0.2336015,0.12369939999999999,0.05246298,0.228411,0.13290639999999998,0.05142809,0.2795433,0.1077818,0.04137634,0.2548287,0.1152614,0.02224495,0.2530465,0.1261742,0.0144521,0.25875820000000005,0.1222827,0.045029599999999996,0.2953367,0.09922687,0.03533782,0.2627016,0.1091006,0.01318473,0.2622822,0.1199246,0.004601821,0.270416,0.1131111,0.03281955,0.3092769,0.09252737,0.02570395,0.2779997,0.10420519999999998,0.005442828,0.27460840000000003,0.11586310000000001,-0.0029377640000000003,0.2815273,0.1033837,0.01892664,0.3187563,0.08844444,0.01839744,0.29255879999999995,0.09643582,0.004589215,0.2876777,0.10669360000000001,-0.004531115,0.2929491,0.1282547,0.02263694,0.29310790000000003,0.1578474,-0.03933136,0.29401170000000004,0.1589567,-0.01880394,0.2719278,0.2751106,-0.2416511,0.22094120000000003,0.1742057,-0.03832814,0.2764129,0.1532154,-0.06056656,0.3043035,0.2856058,-0.23053189999999998,0.206996,0.26461540000000006,-0.2527703,0.23488649999999997
214,17:16:36.218 PM,0.15440399999999999,0.01903002,0.2523074,0.1433175,0.04242437,0.23906260000000001,0.130161,0.05612366,0.23292739999999998,0.1330344,0.05204381,0.2856458,0.107743,0.04523252,0.2600263,0.11310510000000001,0.02569599,0.2562562,0.1229817,0.01602994,0.2608526,0.12169489999999998,0.04556285,0.300896,0.09849235,0.03943951,0.267523,0.10699949999999998,0.01693238,0.264544,0.117326,0.006875113,0.2715378,0.1117217,0.03327917,0.31420349999999997,0.09103928,0.0294074,0.282437,0.10128730000000001,0.00873065,0.2773854,0.11230730000000001,-0.001097664,0.2833676,0.10130839999999999,0.01943345,0.3229942,0.08660099,0.02123581,0.29673,0.09379347,0.007362574,0.2908962,0.10347619999999999,-0.002772495,0.2953205,0.12716159999999999,0.02307852,0.2983304,0.1554485,-0.03952384,0.2989256,0.1575152,-0.01865706,0.27722990000000003,0.2784518,-0.24013009999999999,0.2307451,0.172612,-0.03825103,0.28213,0.15058529999999998,-0.06085727,0.3089032,0.2894652,-0.228827,0.2173585,0.2674384,-0.2514333,0.2441317
215,17:16:36.254 PM,0.1576005,0.02613448,0.2653283,0.1498609,0.05117331,0.2527207,0.1383276,0.06589182,0.245731,0.1290105,0.05499069,0.2981321,0.1051529,0.06100042,0.27100359999999996,0.1041328,0.04450794,0.2587222,0.10940899999999999,0.03110214,0.2567003,0.1157058,0.04672237,0.3106913,0.09409112,0.05378868,0.27645440000000004,0.09755629,0.03412737,0.2627266,0.1050346,0.01998077,0.2624298,0.1042366,0.03291653,0.32095250000000003,0.08445406,0.04017629,0.28920759999999995,0.09062612,0.02233346,0.275028,0.09960331,0.009210154,0.2742304,0.09307022,0.0180354,0.3265462,0.07920796,0.02760409,0.301533,0.08478012,0.01658671,0.29032290000000005,0.09350027,0.004829526,0.2890324,0.12223410000000001,0.02473576,0.3066884,0.1520626,-0.03718664,0.3054064,0.1567927,-0.01398677,0.28632959999999996,0.2888692,-0.23010389999999997,0.24146620000000002,0.17168139999999998,-0.03431958,0.2917982,0.1461244,-0.05934542,0.31262049999999997,0.3016477,-0.2175909,0.231055,0.2760907,-0.24261679999999997,0.25187729999999997
216,17:16:36.293 PM,0.1621625,0.03255562,0.2774008,0.15673689999999998,0.05831939999999999,0.26503920000000003,0.1452632,0.07240961,0.256767,0.1228065,0.05611978,0.3053792,0.1021102,0.08057858,0.2873755,0.09221588,0.08371569,0.26932209999999995,0.08904183,0.07796411,0.2561464,0.10828360000000001,0.0457515,0.31462840000000003,0.08529948,0.07145341,0.2919766,0.07872144,0.07148556,0.26833979999999996,0.07948056,0.06409819,0.25390820000000003,0.09655629,0.03022285,0.32166290000000003,0.07254253,0.05136614,0.3007613,0.06715303,0.05151747,0.2774676,0.06991347,0.04487304,0.26303259999999995,0.08611391,0.01400676,0.32411890000000004,0.06640544,0.03068842,0.3083918,0.06517994,0.03169923,0.2916033,0.07088435,0.02678843,0.27878959999999997,0.1176778,0.024806099999999998,0.31070790000000004,0.1529379,-0.03431095,0.31160809999999994,0.15927560000000002,-0.008987084000000001,0.2952402,0.30269,-0.2218583,0.2622679,0.1746838,-0.03045523,0.3020812,0.1461672,-0.05692141,0.316201,0.31694829999999996,-0.20862519999999998,0.255208,0.2884317,-0.23509139999999998,0.2693278
217,17:16:36.325 PM,0.1687309,0.03590097,0.2884849,0.16500109999999998,0.06248523,0.27729190000000004,0.153558,0.07615827,0.2683114,0.12304269999999999,0.05570091,0.31275590000000003,0.1054019,0.08730252,0.3068881,0.09555541,0.1000667,0.29401459999999996,0.09133591,0.10127330000000001,0.2801065,0.1079952,0.04402809,0.31912640000000003,0.08371091,0.07696269,0.3148145,0.07128652,0.09231155,0.300667,0.06759389,0.09547247,0.28536809999999996,0.0962723,0.027514,0.3233002,0.06884184,0.05379836,0.3198853,0.05414937,0.0676441,0.3075115,0.05024602,0.07105146,0.2924157,0.08645988,0.01074532,0.32307759999999996,0.06117052,0.02707966,0.3208479,0.04975668,0.03573571,0.31220529999999996,0.0464409,0.04011683,0.2985271,0.11888900000000001,0.02388041,0.3149474,0.15644149999999998,-0.03383611,0.3162463,0.16382320000000003,-0.0068011880000000005,0.3027739,0.317664,-0.2141823,0.277397,0.179134,-0.02885507,0.3100348,0.1498712,-0.05685178,0.31857290000000005,0.3322954,-0.200184,0.27312800000000004,0.30303259999999993,-0.22818070000000001,0.28166599999999997
218,17:16:36.357 PM,0.173311,0.03321813,0.2967643,0.16942000000000002,0.06030442,0.28691350000000004,0.1566418,0.07321312,0.2786324,0.1252194,0.05051748,0.3214203,0.1082285,0.08275427,0.32519499999999996,0.09742919,0.09846981,0.3173782,0.09153844,0.10321760000000002,0.3049318,0.11069200000000001,0.03811587,0.3276139,0.08504594,0.06903328,0.3362992,0.06939010000000001,0.08677287,0.3310155,0.06183561,0.09432606,0.3190833,0.09962044,0.02106909,0.33140040000000004,0.07150429,0.04492901,0.3409497,0.05363544,0.06004547,0.33778769999999997,0.04480639,0.06746526,0.32681950000000004,0.09039682,0.003981277,0.33075720000000003,0.06412607,0.01593383,0.3394366,0.04937961,0.02366595,0.3386942,0.03990159,0.03020574,0.3295909,0.12221300000000002,0.01851572,0.32259899999999997,0.16128270000000003,-0.03832585,0.321768,0.1679874,-0.01013817,0.30874029999999997,0.316673,-0.22387759999999998,0.2837923,0.184117,-0.03409752,0.31552199999999997,0.1539875,-0.06110935,0.3242165,0.33173779999999997,-0.21037170000000002,0.27944509999999995,0.30160820000000005,-0.2373835,0.2881395
219,17:16:36.386 PM,0.17746889999999998,0.03296204,0.30402840000000003,0.1738399,0.06056382,0.29560970000000003,0.16082439999999998,0.07369114,0.2880716,0.12848299999999999,0.04893087,0.3293973,0.11338119999999999,0.08141728,0.3371223,0.10313510000000001,0.09818552,0.3308815,0.09700447,0.10463239999999999,0.319337,0.1140954,0.03619038,0.3352198,0.08955416,0.06614907,0.34903229999999996,0.07384188,0.08445497,0.3464979,0.06526195,0.09380491,0.33670140000000004,0.10316320000000001,0.01893125,0.33840440000000005,0.07634375,0.04133098,0.3536242,0.05835122,0.05664982,0.3534907,0.04778465,0.06585892,0.34589790000000004,0.09403012,0.0018289089999999999,0.3371417,0.06898575,0.01121336,0.351091,0.05398699,0.01817788,0.3533065,0.04267005,0.02517141,0.34704229999999997,0.1256717,0.01688923,0.3292593,0.1647604,-0.03988272,0.3256422,0.17145339999999998,-0.01087523,0.3137116,0.3134996,-0.2291482,0.28005359999999996,0.18766010000000002,-0.03621136,0.3192833,0.1567346,-0.06248063,0.32744209999999996,0.3289623,-0.2160136,0.2759742,0.2980369,-0.24228289999999997,0.28413299999999997
220,17:16:36.416 PM,0.18300550000000002,0.03058143,0.3172406,0.1810854,0.05894797,0.3111277,0.1671092,0.07138989999999999,0.30418890000000004,0.1322333,0.0469905,0.3413869,0.11998410000000001,0.07949333,0.35305440000000005,0.1113412,0.09787972,0.3495807,0.1059098,0.1061218,0.3388653,0.1172011,0.03448759,0.3459571,0.09433659,0.06395273,0.3632528,0.07959004,0.08320607,0.36339,0.07141624,0.09407203,0.354912,0.10551050000000001,0.01752062,0.3476613,0.08004448,0.03916739,0.3659666,0.06276269,0.05512445,0.3681736,0.05236453,0.06562944,0.36222309999999996,0.09574107,0.0009431392,0.34498449999999997,0.07135228,0.008696303,0.36093990000000004,0.05645486,0.01541279,0.36429459999999997,0.04493885,0.02298944,0.35918829999999996,0.1281543,0.01518409,0.3389315,0.16509870000000001,-0.0427344,0.3323448,0.17319110000000001,-0.01331054,0.3225607,0.3090664,-0.23344740000000003,0.2782982,0.1882839,-0.03942157,0.32688670000000003,0.15631029999999999,-0.06511852,0.3323982,0.32505320000000004,-0.22059890000000001,0.2755424,0.2930796,-0.24629589999999998,0.28105399999999997
221,17:16:36.445 PM,0.1849733,0.02967037,0.33025190000000004,0.1815933,0.05826785,0.3261797,0.16667620000000002,0.07014798,0.3202739,0.1337876,0.04444717,0.35590700000000003,0.12260910000000001,0.0756842,0.37146940000000006,0.1145032,0.09463705,0.3711855,0.10898410000000001,0.10475250000000001,0.36226590000000003,0.11866789999999999,0.03171299,0.359435,0.09718832,0.05993207,0.3802359,0.08316536,0.07944153,0.38355520000000004,0.07501394,0.09166567,0.3771507,0.10683339999999998,0.014760599999999999,0.35968740000000005,0.08282935,0.03532429,0.3809808,0.06635822,0.05148564,0.38606209999999996,0.05633394,0.06298195,0.3814433,0.09689915,-0.001427829,0.3555989,0.07326867,0.004748538,0.37329520000000005,0.05860637,0.01115312,0.37802090000000005,0.04681545,0.01925747,0.3746387,0.1294065,0.01302177,0.3506396,0.1657872,-0.04445709,0.3388531,0.1740915,-0.01427828,0.33149720000000005,0.3080027,-0.2324745,0.2721817,0.1890481,-0.04103315,0.3338018,0.15674770000000002,-0.06668279,0.3372373,0.3241529,-0.21964970000000003,0.270464,0.2918524,-0.2452994,0.27389949999999996
222,17:16:36.476 PM,0.1883935,0.02501668,0.3440773,0.1849387,0.05382417,0.3421355,0.1698001,0.06591173,0.3373173,0.1373186,0.03945439,0.3708745,0.1266399,0.06937356,0.3891393,0.1188693,0.08826523,0.3918939,0.1130484,0.10023889999999999,0.38599629999999996,0.1219072,0.02689789,0.37370820000000005,0.10137560000000001,0.05408986,0.3967159,0.08795672,0.07330178,0.4029644,0.07943191,0.08659531,0.40028320000000006,0.1096243,0.0102843,0.3729278,0.08669455,0.03000461,0.39611599999999997,0.07099067,0.04575898,0.40407540000000003,0.06075164,0.05788283,0.4027383,0.09920679,-0.005306959,0.36784479999999997,0.07584254,0.0003614873,0.3860574,0.061466599999999996,0.006533906,0.3918512,0.04930149,0.01471779,0.390784,0.1320262,0.008611068000000001,0.36345279999999996,0.16688429999999999,-0.04878448,0.34740659999999995,0.17571370000000003,-0.0184011,0.3417736,0.3078732,-0.23480050000000002,0.2729643,0.190226,-0.04536008,0.3427428,0.1576415,-0.07081048,0.3446262,0.32416540000000005,-0.22207529999999998,0.27202259999999995,0.29158090000000003,-0.2475258,0.273906
223,17:16:36.506 PM,0.1925869,0.01788564,0.35956550000000004,0.192689,0.04692824,0.3610595,0.1776563,0.05961449,0.3576543,0.140425,0.03208853,0.3872975,0.1306158,0.05992673,0.4090173,0.12327919999999999,0.07827143,0.4149069,0.1173507,0.09127719999999999,0.4120637,0.1248251,0.01964559,0.3895415,0.10500029999999999,0.0448579,0.4152656,0.0918619,0.06340156,0.4237434,0.08337455,0.07690214,0.4221155,0.11219939999999999,0.003362313,0.3878205,0.0900328,0.02137093,0.41305600000000003,0.0747427,0.03636061,0.4230504,0.06460918,0.04866005,0.42284809999999995,0.10137289999999999,-0.01162232,0.38184320000000005,0.07806226,-0.007104337,0.4004422,0.06372014,-0.0013135970000000001,0.40669690000000003,0.05160764,0.0069986580000000005,0.40608320000000003,0.1343701,0.00196965,0.3777728,0.1679479,-0.05475916,0.35721420000000004,0.1770682,-0.02419627,0.3532637,0.3088631,-0.2379189,0.275868,0.1913383,-0.051226999999999995,0.3528872,0.158649,-0.07660729,0.3534065,0.3252078,-0.22522870000000003,0.27560840000000003,0.2925184,-0.250609,0.2761276
224,17:16:36.536 PM,0.1958603,0.008194581,0.37579120000000005,0.1996582,0.03659712,0.3808366,0.186167,0.05128111,0.3796894,0.1432421,0.02238588,0.4047717,0.1353519,0.04785936,0.42992109999999994,0.1290435,0.06544609,0.43865249999999995,0.12348510000000001,0.07890736,0.4380223,0.1274049,0.01016323,0.4065112,0.10893989999999999,0.03316765,0.4351604,0.09647031,0.05090068,0.4460507000000001,0.08834545,0.06465159,0.4446866,0.11433810000000001,-0.005651817,0.4039213,0.0932477,0.01062268,0.43118149999999994,0.07855234,0.02494116,0.44290730000000006,0.06892579,0.03763704,0.44248999999999994,0.10298679999999999,-0.01988705,0.3971357,0.08006065,-0.01673342,0.4164817,0.06587684,-0.01143132,0.4234875,0.05390694,-0.002893135,0.42337890000000006,0.1361891,-0.0067738,0.3931637,0.1681655,-0.06233835,0.36756869999999997,0.1775515,-0.03195125,0.3655202,0.31250370000000005,-0.2380071,0.276262,0.1915113,-0.05816869,0.3635811,0.1592536,-0.08407489,0.3624257,0.3286325,-0.225054,0.27683969999999997,0.29637490000000005,-0.2509602,0.2756843
225,17:16:36.565 PM,0.19777139999999999,0.0001869798,0.3925653,0.2043787,0.02720211,0.401054,0.1937929,0.04404692,0.4026028,0.14479189999999997,0.01249859,0.4229236,0.13799479999999997,0.03479065,0.4512004,0.13228689999999999,0.05152018,0.46181009999999995,0.1271538,0.06515737,0.46206579999999997,0.1286907,0.0005081892,0.4232822,0.11033210000000002,0.02056469,0.4541209,0.09804867,0.03713985,0.4668768,0.09004291,0.05101044,0.4675303,0.1152982,-0.01463261,0.4189451,0.09406077,-0.001247033,0.44761990000000007,0.07937319999999999,0.011779799999999998,0.4607702,0.06986554,0.02454241,0.46160959999999995,0.1036701,-0.02777769,0.41061559999999997,0.0804324,-0.02692662,0.42982440000000005,0.06614099999999999,-0.02268073,0.4373129,0.05415497,-0.01418313,0.43785909999999995,0.137159,-0.01503265,0.40815759999999995,0.1683085,-0.06820861,0.37712249999999997,0.1780729,-0.03788668,0.3779551,0.31470840000000005,-0.2368292,0.2763569,0.1917848,-0.06388394,0.3742101,0.1594721,-0.08939532,0.3699583,0.33086479999999996,-0.2240735,0.27848290000000003,0.298552,-0.24958490000000003,0.274231
226,17:16:36.594 PM,0.19910339999999999,-0.01061007,0.4089733,0.2068512,0.01516558,0.4199952,0.19901459999999999,0.03310795,0.42389840000000006,0.1470464,1.54376e-05,0.4411178,0.1419076,0.01954176,0.47170249999999997,0.13738820000000002,0.0355901,0.4838321,0.133247,0.0495265,0.4848513,0.1303737,-0.0111226,0.44002470000000005,0.1135858,0.006776258,0.4730149,0.1025798,0.02286412,0.4874528,0.09578934,0.03731374,0.4888896,0.1162978,-0.02498168,0.43391450000000004,0.09599227,-0.01328996,0.46397390000000005,0.08224834,-0.0007880181,0.4785755,0.07367086,0.01244409,0.4808905,0.10412080000000001,-0.03648916,0.4240755,0.08084866,-0.036523400000000004,0.4432626,0.06676688,-0.03230359,0.45115249999999996,0.05531251,-0.02319795,0.45259350000000004,0.1382175,-0.0252261,0.42324209999999995,0.16756210000000002,-0.07581292,0.38675679999999996,0.1782559,-0.0464673,0.3907718,0.3196183,-0.2346281,0.27867790000000003,0.1911477,-0.07128561,0.3855186,0.15918210000000002,-0.09622176,0.37718709999999994,0.3356011,-0.2221601,0.2828437,0.3036355,-0.2470962,0.27451220000000004
227,17:16:36.626 PM,0.1993057,-0.01792678,0.4208603,0.2070263,0.007447988000000001,0.4327928,0.2005404,0.02554719,0.4381667,0.14899520000000002,-0.0115501,0.45684529999999995,0.14541279999999998,0.004618347,0.4895352,0.1416287,0.01949139,0.5033016,0.13778420000000002,0.03336029,0.5055974,0.13222799999999998,-0.0224718,0.45517340000000006,0.11692000000000001,-0.007675797,0.49034579999999994,0.10667309999999999,0.0072824809999999995,0.506458,0.1001673,0.02158771,0.5096175000000001,0.11790810000000002,-0.03564969999999999,0.44818800000000003,0.09896918,-0.02704227,0.48011990000000004,0.08598731,-0.01615132,0.49658779999999997,0.07760753,-0.003296822,0.5008925999999999,0.10540439999999998,-0.04614943,0.4376575,0.08288176,-0.04811347,0.4576215,0.06910959,-0.04459655,0.4663568,0.05794153,-0.03532965,0.4687186,0.13953970000000002,-0.03499533,0.4369599,0.1680884,-0.08221106,0.3957753,0.1785787,-0.05330589,0.40161729999999995,0.326832,-0.23139629999999997,0.28367990000000004,0.191564,-0.07701389,0.39533090000000004,0.1604872,-0.10232680000000001,0.3850102,0.3423704,-0.2187399,0.2888403,0.31129359999999995,-0.2440528,0.2785196
228,17:16:36.655 PM,0.19979260000000001,-0.02475618,0.42799899999999996,0.2076353,0.0004604757,0.4401846,0.2014067,0.01852126,0.4459774,0.1500005,-0.0205155,0.46598009999999995,0.1474103,-0.006524533000000001,0.4997531,0.14410179999999997,0.007541448,0.51446,0.14041289999999998,0.02138679,0.5171260999999999,0.1331858,-0.03132159,0.4640526,0.1183789,-0.01874299,0.5002888,0.10826469999999999,-0.0044390409999999995,0.5170662,0.1018561,0.009880349,0.5203587000000001,0.1187404,-0.04414862,0.4566827,0.10033550000000001,-0.03765772,0.4894198,0.08751804,-0.027506400000000004,0.5064799,0.07925187,-0.01468138,0.5110842999999999,0.10606889999999998,-0.05414496,0.44586629999999994,0.08395797,-0.05755307,0.46609620000000007,0.0702424,-0.05432357,0.47502959999999994,0.05937774,-0.04468392,0.477315,0.1402184,-0.04303217,0.4451987,0.1682135,-0.08848459,0.4017437,0.17872770000000002,-0.05981594,0.4085395,0.3276232,-0.2344027,0.28633590000000003,0.1916777,-0.08322355,0.4014979,0.1606901,-0.1083374,0.3904487,0.34311690000000006,-0.22184570000000003,0.2918605,0.31212940000000006,-0.2469596,0.2808113
229,17:16:36.686 PM,0.2001191,-0.03036766,0.433241,0.20802729999999997,-0.00506039,0.44519390000000003,0.2010908,0.0128132,0.45075640000000006,0.1507332,-0.02715158,0.47305509999999995,0.1489716,-0.01462778,0.5074506,0.1459593,-0.0008407235000000001,0.5224814999999999,0.1422964,0.01310685,0.524591,0.133839,-0.03783873,0.47116009999999997,0.1195335,-0.0268207,0.5080979999999999,0.10951079999999999,-0.01271267,0.5250946999999999,0.10324669999999998,0.001789689,0.5278130999999999,0.1192145,-0.05043149,0.4637394,0.10132200000000001,-0.0453402,0.4970028,0.08859809,-0.03520095,0.5141399999999999,0.08061867,-0.02195726,0.5180032999999999,0.1063202,-0.060122800000000004,0.4529089,0.08451764,-0.06392272,0.47340119999999997,0.07089432,-0.0603472,0.48234390000000005,0.06067619,-0.04990876,0.4840161,0.14050520000000002,-0.04914345,0.4519293,0.1677899,-0.09364365,0.40713190000000005,0.1783263,-0.06524567,0.41426260000000004,0.32954479999999997,-0.2349504,0.28927800000000004,0.191171,-0.08802058,0.40701609999999994,0.1605842,-0.1133974,0.39546240000000005,0.3448382,-0.222262,0.29505479999999995,0.3142514,-0.2476388,0.2835011
230,17:16:36.716 PM,0.1999881,-0.03186123,0.435935,0.2068651,-0.006147786999999999,0.44765790000000005,0.1984072,0.01120234,0.45275770000000004,0.1509269,-0.029910400000000004,0.4768239,0.14920999999999998,-0.01810551,0.5114755,0.1459872,-0.004361302,0.5265021,0.1420558,0.009584844,0.5280701999999999,0.1341174,-0.0407348,0.47495459999999995,0.11987830000000001,-0.03056481,0.5121609,0.1096805,-0.0164773,0.5290703,0.10333319999999999,-0.001931548,0.5313262,0.11954180000000002,-0.05337244,0.4675141,0.10179830000000001,-0.04897749,0.5009564999999999,0.08895835,-0.03863463,0.5178841,0.08107921,-0.02513842,0.5210117999999999,0.1066353,-0.06304894,0.4566847,0.08518273,-0.06723267,0.4774697,0.07164854,-0.06348839,0.4864785,0.06175255,-0.05270648,0.48789390000000005,0.1407033,-0.05172923,0.45551729999999996,0.1679739,-0.09544241,0.40993789999999997,0.1783075,-0.06698592,0.4172853,0.3296719,-0.2350313,0.2899762,0.1913183,-0.08967343,0.409674,0.1607993,-0.1151703,0.39820559999999994,0.34493140000000005,-0.22228289999999998,0.29571040000000004,0.3144125,-0.2477797,0.284242
231,17:16:36.747 PM,0.2001463,-0.03143238,0.4362612,0.20590450000000002,-0.005295649,0.4476443,0.1961636,0.01152478,0.4521954000000001,0.151268,-0.02980295,0.4775614,0.1493491,-0.01796973,0.5121927,0.14586870000000002,-0.004095048,0.5270408000000001,0.1417231,0.009824827,0.5282477,0.1345208,-0.04074034,0.4757943,0.12017960000000001,-0.03057919,0.5129637,0.1098066,-0.01632401,0.5296241,0.1033527,-0.001783714,0.5315938,0.11999480000000001,-0.05349144,0.468451,0.10218300000000001,-0.04895696,0.5018384,0.08920728,-0.03825457,0.5184356999999999,0.08135419,-0.02462833,0.5210166,0.10710399999999999,-0.06327976,0.45770379999999994,0.08590367,-0.06744362,0.4787499,0.07245532,-0.06351502,0.4878085999999999,0.06267932,-0.0526133,0.4891375,0.1410928,-0.05174404,0.45635749999999997,0.1683603,-0.09546433,0.41075680000000003,0.1786277,-0.06686033,0.41800190000000004,0.32859099999999997,-0.2357823,0.2896827,0.1917115,-0.08974024,0.4102388,0.16103220000000001,-0.1152202,0.39916740000000006,0.3439306,-0.22304229999999997,0.2952184,0.3132513,-0.2485223,0.284147
232,17:16:36.775 PM,0.2003384,-0.0304887,0.4361067,0.20542779999999997,-0.00413245,0.4473014,0.1949745,0.01234727,0.4515072,0.151397,-0.02870539,0.47726999999999997,0.14924579999999998,-0.01649487,0.5117564,0.1455725,-0.00240919,0.5263573,0.14130589999999998,0.01149777,0.5272522,0.134703,-0.03973554,0.475578,0.120179,-0.02919282,0.5125697,0.1096617,-0.01467822,0.5289128000000001,0.10315230000000002,-0.0001238286,0.5305715999999999,0.120242,-0.05261187,0.46832529999999994,0.1022433,-0.04768953,0.5015572,0.08912916,-0.03669763,0.5178537999999999,0.08127102,-0.02300195,0.5200189000000001,0.10740439999999998,-0.06254409,0.4576467000000001,0.08629588,-0.06658079,0.47880969999999995,0.07287360000000001,-0.06254318,0.48785909999999993,0.06309967,-0.05163266,0.48912970000000006,0.1413388,-0.05085786,0.4562306,0.1687405,-0.09485199,0.41094200000000003,0.1789683,-0.06609184,0.41801450000000007,0.327372,-0.2367766,0.28963449999999996,0.1921143,-0.08924498,0.41020790000000007,0.1612299,-0.11465139999999999,0.3995455,0.3428142,-0.2240734,0.2949657,0.3119298,-0.24947979999999997,0.2843033
233,17:16:36.808 PM,0.2002682,-0.02692915,0.43428859999999997,0.2044896,-0.0003003627,0.445195,0.1934662,0.015859799999999997,0.4491791,0.1511875,-0.02551775,0.4752001,0.1487005,-0.01273613,0.509456,0.1446743,0.0014538320000000002,0.5238615,0.1400523,0.01525204,0.5246694000000001,0.1347843,-0.03700374,0.47371019999999997,0.11988589999999999,-0.02604099,0.5104299,0.10894749999999999,-0.01144139,0.5264167,0.1020437,0.0029565990000000003,0.5278251,0.12065899999999999,-0.05037183,0.46668999999999994,0.1023538,-0.04521725,0.49971850000000007,0.08886798,-0.03428146,0.5157473,0.08062296,-0.02076976,0.5176066,0.1080787,-0.06081355,0.456193,0.08704355,-0.06507394,0.47738500000000006,0.07350573,-0.06135286,0.4863977,0.06332014,-0.0508232,0.4876457,0.14169820000000002,-0.04827808,0.45454920000000004,0.16995870000000002,-0.09246089,0.40989719999999996,0.1796938,-0.06318043,0.41656540000000003,0.3262688,-0.2365167,0.28808959999999995,0.19330999999999998,-0.08686152,0.4086027,0.1622385,-0.11246580000000002,0.399011,0.34180459999999996,-0.2237145,0.2928854,0.3107331,-0.24931889999999998,0.2832937
234,17:16:36.839 PM,0.199901,-0.0235088,0.43230799999999997,0.2035182,0.003314912,0.44295150000000005,0.19218970000000002,0.01930158,0.4467773,0.15054700000000001,-0.02217986,0.47280379999999994,0.14778529999999998,-0.00885658,0.5068319,0.1434653,0.005484834,0.5210005999999999,0.1385544,0.01919653,0.5215340999999999,0.1344055,-0.0340538,0.47150690000000006,0.1190618,-0.02268365,0.5079183,0.1076803,-0.007941663,0.5234594,0.1004574,0.006340146,0.5243664000000001,0.12059280000000001,-0.04786169999999999,0.46471890000000005,0.1018987,-0.04247274,0.4974914000000001,0.08800278,-0.03150178,0.5131418,0.07945781,-0.01811266,0.5144581,0.10826589999999998,-0.05877493,0.45440200000000003,0.08719399,-0.06319478,0.47552479999999997,0.07350347,-0.05971874,0.4844041,0.06302228,-0.0494552,0.4853999,0.1416017,-0.04552755,0.4525693,0.17070529999999998,-0.08997867,0.4086667,0.17998570000000003,-0.06028792,0.4149219,0.3252454,-0.23495789999999997,0.2856995,0.19400810000000002,-0.08431598,0.4068704,0.16285650000000002,-0.11013930000000001,0.39816630000000003,0.3408211,-0.22204629999999997,0.29005159999999997,0.3096696,-0.2478696,0.2813475
235,17:16:36.870 PM,0.2005555,-0.02103244,0.43169309999999994,0.2035285,0.00583756,0.4424183,0.19172579999999997,0.02155332,0.44591800000000004,0.15130439999999998,-0.01946624,0.47131090000000003,0.147957,-0.00545691,0.5050089,0.1433681,0.00943619,0.5185075,0.1385421,0.02318402,0.5181844,0.13507220000000003,-0.03118998,0.4697991,0.11926279999999999,-0.01908235,0.5057705,0.10783569999999999,-0.00394316,0.5208902,0.10085910000000001,0.01048301,0.5212929000000001,0.1212253,-0.04487219,0.46282920000000005,0.1019175,-0.03874256,0.49511179999999994,0.08786216,-0.027347399999999997,0.5103098,0.07959896,-0.01373528,0.5109664,0.10893889999999999,-0.05567566,0.45234979999999997,0.08769684,-0.05974856,0.47337159999999995,0.07404535,-0.05621128,0.48228649999999995,0.06370378,-0.04580632,0.48327250000000005,0.1424185,-0.04274035,0.4509661,0.1714749,-0.08759959,0.4073927,0.1811728,-0.05787775,0.4138517,0.3215095,-0.23748070000000002,0.2847275,0.1949376,-0.08264893,0.4055758,0.16301559999999998,-0.1075384,0.396943,0.3374705,-0.225036,0.2890439,0.3055485,-0.2499254,0.28041109999999997
236,17:16:36.903 PM,0.19962249999999998,-0.01880613,0.43007159999999994,0.2016965,0.008308694,0.44038420000000006,0.18926389999999998,0.02362014,0.4434706,0.15166429999999997,-0.01690836,0.46973770000000004,0.1483931,-0.001582801,0.5028653000000001,0.14381370000000002,0.01407783,0.5154688000000001,0.1390809,0.02779336,0.5140969,0.1353602,-0.028560400000000003,0.4684643,0.11990630000000001,-0.01506408,0.5040941,0.1088086,0.0007481277,0.5187635,0.10217899999999999,0.01533665,0.5183539,0.12140350000000001,-0.04225817,0.46174840000000006,0.1021714,-0.03484561,0.4938062,0.0882801,-0.02265191,0.5085276,0.08047405,-0.008763283,0.5081234,0.10900610000000001,-0.05313392,0.4514767,0.08784451,-0.05631565,0.47273190000000004,0.07435742,-0.05242349,0.48174859999999997,0.06429674,-0.04172868,0.4825121,0.1425496,-0.04040641,0.44975479999999995,0.17087049999999998,-0.08617227,0.40657129999999997,0.1810362,-0.05626328,0.4126623,0.31298909999999996,-0.2427363,0.2828348,0.19443,-0.08201827,0.4041212,0.1615229,-0.1059827,0.3966478,0.32944270000000003,-0.23075410000000002,0.28657150000000003,0.29653559999999995,-0.2547185,0.27909809999999996
237,17:16:36.927 PM,0.1992467,-0.01807421,0.4286342000000001,0.20109820000000003,0.009164095,0.438662,0.18843410000000002,0.02433144,0.44151590000000007,0.151627,-0.01583323,0.4683071,0.14840520000000001,6.79493e-05,0.501169,0.14384520000000003,0.01600365,0.5134324,0.1391387,0.02968509,0.5116689,0.1353094,-0.02748169,0.4671795999999999,0.119979,-0.01340593,0.5026398,0.1089789,0.002657756,0.5171092,0.10245499999999999,0.01727973,0.5163167000000001,0.12132860000000001,-0.04123421,0.4606272,0.1021105,-0.0332647,0.49256099999999997,0.08825010000000001,-0.02071856,0.5070149,0.08061107,-0.006758779,0.5060934,0.10890410000000002,-0.052202899999999997,0.4504875,0.0877367,-0.05494764,0.47179920000000003,0.07428383,-0.05084684,0.4807751,0.06436022,-0.04000866,0.48128999999999994,0.14245729999999998,-0.03952698,0.4485814,0.17041320000000001,-0.08608536,0.40596309999999997,0.1808691,-0.05580339,0.4115924,0.3077087,-0.2458775,0.2808426,0.1939836,-0.08232091,0.4030268,0.1605724,-0.10582899999999999,0.3963873,0.3244143,-0.2341235,0.2841623,0.2910031,-0.2576316,0.2775229
238,17:16:36.956 PM,0.19855710000000001,-0.01737772,0.4268436,0.199984,0.01003557,0.43645329999999993,0.1870828,0.02503119,0.4391425,0.1517342,-0.0150654,0.4667897,0.14858020000000002,0.0015916379999999998,0.49928009999999995,0.1439904,0.01774766,0.5112385,0.1391807,0.03137155,0.5093243,0.1354915,-0.02684356,0.4659719,0.1204017,-0.01214698,0.5012819000000001,0.1094922,0.0039744820000000005,0.5157546,0.1028652,0.01854704,0.5149319,0.12155719999999999,-0.04079194,0.4597433,0.1024978,-0.03226972,0.4916282,0.08868482,-0.01959454,0.5060131,0.08096409,-0.005695745,0.5049075,0.10913060000000001,-0.05200091,0.44987299999999997,0.08804218,-0.05431294,0.4713128,0.07463887,-0.05016902,0.4803423,0.06460945,-0.03942923,0.48084269999999996,0.14257620000000001,-0.03912111,0.4475023,0.17047020000000002,-0.08587478,0.4050393,0.180806,-0.05569114,0.41045590000000004,0.3052935,-0.24683049999999998,0.278794,0.1939969,-0.08218747,0.4016916,0.16042579999999998,-0.1056577,0.3957625,0.32207909999999995,-0.23509539999999998,0.2817585,0.288508,-0.2585656,0.2758295
239,17:16:36.984 PM,0.1978512,-0.01652463,0.42582420000000004,0.1991078,0.01093543,0.43532380000000004,0.1862434,0.02596338,0.43800909999999993,0.1513642,-0.01434015,0.4656773,0.1480374,0.002627313,0.4979894,0.1433526,0.01879825,0.5098906,0.1384616,0.03240533,0.5080647,0.1351871,-0.02621324,0.4649359,0.12001300000000001,-0.01133749,0.5001345,0.10904080000000001,0.00470385,0.514649,0.102287,0.01922531,0.5139654,0.1213299,-0.0402779,0.45879719999999996,0.1021947,-0.03161272,0.4905981,0.08831676,-0.01900505,0.5049798,0.08043839,-0.005185679,0.503997,0.10896489999999999,-0.05161783,0.44899940000000005,0.0877722,-0.0537836,0.4703516,0.07432396,-0.04969479,0.4793393,0.06415562,-0.039087300000000005,0.4798590999999999,0.14233829999999997,-0.03856778,0.44654340000000003,0.1704543,-0.08541681,0.40432579999999996,0.1806563,-0.0551592,0.4095978,0.3052768,-0.2461375,0.2777801,0.1939513,-0.08165015,0.4008603,0.1604394,-0.1052555,0.3951367,0.3220327,-0.23433479999999998,0.28064190000000006,0.2885208,-0.2579401,0.2749183
240,17:16:37.019 PM,0.1975808,-0.01567672,0.4241712,0.1988699,0.01186843,0.43341660000000004,0.1862693,0.0271139,0.43612690000000004,0.15147170000000001,-0.01330709,0.4640315,0.1480652,0.004035205,0.4961357,0.1433511,0.02018602,0.5080527,0.1383845,0.0338027,0.5065272,0.1353468,-0.02526115,0.4634764,0.1201348,-0.01011093,0.4985414000000001,0.10911780000000001,0.005829020999999999,0.5131333,0.10217589999999999,0.0202729,0.5127599,0.1215383,-0.03946199,0.45754520000000004,0.1023905,-0.03057951,0.4892785,0.08847859,-0.01810254,0.5037411,0.08033869,-0.004415631,0.5030918,0.10920029999999999,-0.05097632,0.4479181,0.08791815,-0.05296788,0.46919799999999995,0.07442778,-0.04900271,0.478178,0.06400318,-0.03865464,0.4788344,0.1425079,-0.03780694,0.4452177,0.1707322,-0.08499867,0.4034607,0.1808082,-0.05467527,0.40837929999999995,0.3061704,-0.2456649,0.2775047,0.1941866,-0.08108886,0.39986700000000003,0.1608217,-0.1049751,0.39445890000000006,0.32285290000000005,-0.2337217,0.2802088,0.289488,-0.257608,0.2748007
241,17:16:37.058 PM,0.19674679999999997,-0.01407784,0.4214143,0.1979259,0.01356074,0.43039170000000004,0.18583129999999998,0.02917327,0.43330820000000003,0.15147120000000003,-0.01194717,0.46161140000000006,0.1480086,0.0057905759999999995,0.49349259999999995,0.14324579999999998,0.02186321,0.5054956,0.13813979999999998,0.03548022,0.5045398,0.13545839999999998,-0.024059999999999998,0.4613116,0.1202793,-0.008615777,0.49626229999999993,0.10922660000000001,0.007168844000000001,0.5109954000000001,0.1019926,0.02147089,0.511263,0.1217405,-0.03845371,0.45564090000000007,0.1026859,-0.02938311,0.48737700000000006,0.08879054,-0.01718068,0.5020877,0.08021864,-0.003745735,0.5022478,0.1094375,-0.05018595,0.4462346,0.08810249,-0.05202779,0.46747510000000003,0.07459278,-0.04828131,0.4765196,0.06375381,-0.03840755,0.4776174,0.1425938,-0.03672783,0.4431273,0.171011,-0.08405246,0.40166940000000007,0.1807591,-0.05361524,0.4061577,0.30877740000000004,-0.2438723,0.27717040000000004,0.1943901,-0.0798,0.3979756,0.1614085,-0.10428689999999999,0.3929132,0.3252682,-0.2316288,0.27970159999999994,0.2922866,-0.2561157,0.2746392
242,17:16:37.093 PM,0.19611320000000002,-0.01099992,0.4172774,0.197208,0.0168158,0.4257009,0.1857829,0.03293903,0.42853450000000004,0.1510902,-0.00873898,0.4572321,0.1469685,0.009758785,0.48859830000000004,0.1419089,0.02584921,0.500455,0.1366374,0.03942807,0.49998370000000003,0.1352136,-0.02103259,0.45710150000000005,0.1194751,-0.0048938390000000005,0.491486,0.10813139999999999,0.01086542,0.5060236,0.1005587,0.02497019,0.5068286,0.1216864,-0.03569317,0.4516611,0.1022198,-0.02609462,0.48298909999999995,0.08812299,-0.014094399999999998,0.49767429999999996,0.07905693,-0.0010230089999999999,0.4986347,0.1095655,-0.04775539,0.4424379,0.08780902,-0.04918964,0.46327820000000003,0.07413756,-0.04558656,0.47213590000000005,0.06284104,-0.03627473,0.47349399999999997,0.1425884,-0.0339976,0.43922479999999997,0.1716999,-0.08184771,0.39885709999999996,0.181141,-0.05122876,0.4028203,0.310626,-0.2425119,0.2767578,0.1950417,-0.07746939,0.3950754,0.1622507,-0.10229239999999999,0.3904289,0.3270214,-0.23010039999999998,0.27908099999999997,0.2942305,-0.25492339999999997,0.2744346
243,17:16:37.134 PM,0.1954543,-0.005104527,0.40852790000000005,0.19645079999999998,0.022993400000000004,0.41597170000000006,0.1867325,0.04022534,0.4186585,0.1504063,-0.002972618,0.4473884,0.14392929999999998,0.0166993,0.4776246,0.1377515,0.03250708,0.48933190000000004,0.1319052,0.04579116,0.49068500000000004,0.13494720000000002,-0.01578841,0.44744090000000003,0.1171827,0.0015251639999999999,0.4802322,0.10479000000000001,0.01693992,0.4942754,0.09626146,0.03030826,0.4966362,0.1220365,-0.03111374,0.44234309999999993,0.10098789999999999,-0.02041724,0.47226260000000003,0.08611147,-0.008896425,0.486558,0.07592038,0.00303477,0.48936709999999994,0.11053389999999999,-0.0439574,0.4333855,0.08752777,-0.04448681,0.4528851,0.0733722,-0.04110144,0.46104129999999993,0.06114267,-0.03314626,0.46288050000000003,0.1431557,-0.02924424,0.4303049,0.17446729999999996,-0.07794411,0.3926097,0.1830875,-0.04669611,0.3955276,0.3134487,-0.2434758,0.2772522,0.1977979,-0.07370001,0.3886122,0.16503489999999998,-0.09874138,0.3850715,0.3298302,-0.2309551,0.27902259999999995,0.2970672,-0.2559965,0.2754818
244,17:16:37.171 PM,0.1931331,0.002812892,0.3970893,0.1928316,0.03131719,0.4028466,0.1839365,0.04909639,0.40466040000000003,0.1488144,0.005795076,0.43437650000000005,0.1396961,0.02651699,0.4631912,0.1322307,0.04209314,0.47444670000000005,0.1256267,0.05495517,0.47627179999999997,0.1336848,-0.007399306,0.4348134,0.1136718,0.01161352,0.46527959999999996,0.1000015,0.02761604,0.47732939999999996,0.0907669,0.04057802,0.4792267,0.1213234,-0.02336065,0.4303517,0.09794053,-0.009687766,0.4571514,0.08183535,0.0034759340000000004,0.4683491,0.07115993,0.01519631,0.46997619999999996,0.110427,-0.03705774,0.4219196,0.08563279,-0.03518325,0.4389825,0.07077467,-0.03021118,0.4446898,0.05889377,-0.02161796,0.44383599999999995,0.1427519,-0.021706,0.41884040000000006,0.17609860000000002,-0.07198642,0.385131,0.1841625,-0.04028578,0.3864606,0.31605229999999995,-0.2439835,0.28097,0.1994668,-0.0679822,0.381105,0.1667257,-0.09319033,0.3787409,0.3324229,-0.23137939999999999,0.282152,0.2996818,-0.2565875,0.27978790000000003
245,17:16:37.206 PM,0.1802773,0.01112363,0.376411,0.1768981,0.03988792,0.3789509,0.1676368,0.05755219999999999,0.37978909999999994,0.1461531,0.01478635,0.41819409999999996,0.13392839999999998,0.03918414,0.442637,0.1239502,0.05565734,0.4499577,0.11560530000000001,0.06756462,0.44920740000000003,0.1320148,0.0008807331,0.42132929999999996,0.1105218,0.02461858,0.44709790000000005,0.09559124,0.04222445,0.45447529999999997,0.08556728,0.05466394,0.45359279999999996,0.120379,-0.01612127,0.4196207,0.09575028,0.004064202,0.4405327,0.07918958,0.02060901,0.44354170000000004,0.06907991,0.03225441,0.43963990000000003,0.10970330000000002,-0.03120089,0.41362079999999996,0.08421501,-0.02297348,0.42746000000000006,0.070089,-0.0141667,0.42809490000000006,0.0610004,-0.004477531,0.42185249999999996,0.1405604,-0.01446117,0.40604470000000004,0.17423039999999998,-0.06596364,0.37460770000000004,0.1800938,-0.03392152,0.371886,0.3201993,-0.238548,0.28011420000000004,0.1968876,-0.06080101,0.3684175,0.16617,-0.08838471,0.3713485,0.33555809999999997,-0.22475610000000001,0.2786487,0.3048405,-0.25233979999999995,0.2815797
246,17:16:37.235 PM,0.1710111,0.01472916,0.35637129999999995,0.1612027,0.04209037,0.3554075,0.1490826,0.05793725,0.35469429999999996,0.1454069,0.02231999,0.4008536,0.1288084,0.05025645,0.41778699999999996,0.1158934,0.06632121,0.4178897,0.1063798,0.07540049,0.41161210000000004,0.1322287,0.008306041,0.4066094,0.1079021,0.0370224,0.423149,0.09172725,0.054777099999999995,0.41981670000000004,0.08285349,0.06376962,0.40995779999999993,0.12134020000000001,-0.009235442,0.4077147,0.0946916,0.01562963,0.41883190000000003,0.07904188,0.03123669,0.41050180000000003,0.07195950000000001,0.03886263,0.398439,0.1110009,-0.02532125,0.4042794,0.08554264,-0.01079482,0.4113673,0.0749672,-0.0006079376,0.4034697,0.07137592,0.006546304,0.39114709999999997,0.14037170000000002,-0.008329645,0.3925032,0.1740929,-0.06163736,0.364316,0.1782058,-0.02996753,0.3577349,0.3207826,-0.23590479999999997,0.2741215,0.1958331,-0.05608211,0.35566640000000005,0.16702170000000002,-0.08461935,0.3639461,0.3351882,-0.2216362,0.2699817,0.3063769,-0.2501735,0.2782614
247,17:16:37.265 PM,0.1666788,0.01701914,0.3322294,0.1562937,0.04367538,0.3270285,0.144282,0.05938537,0.3243167,0.1482375,0.03527369,0.3756305,0.1287874,0.06607619999999999,0.3734026,0.115973,0.07624756,0.36118140000000004,0.10781400000000001,0.07924818,0.34971090000000005,0.1345637,0.0238093,0.38480990000000004,0.1103281,0.05616517,0.3783323,0.0987431,0.06413762,0.3588465,0.09451967,0.06332864,0.3435781,0.1225289,0.007825792,0.3899703,0.09762149,0.03466065,0.379873,0.09041185,0.03818591,0.3577982,0.09012906,0.03508751,0.3422732,0.11078289999999999,-0.007629678000000001,0.39037059999999996,0.09014577,0.01246247,0.38178829999999997,0.08806282,0.0159934,0.36568740000000005,0.09124186,0.01443237,0.35149050000000004,0.140284,0.004191697,0.373686,0.1681707,-0.05545531,0.35337729999999995,0.1734741,-0.02679613,0.3413973,0.30877859999999996,-0.237763,0.2696579,0.18898020000000001,-0.0507673,0.34227340000000006,0.161422,-0.07837410000000002,0.35610929999999996,0.3225577,-0.2239596,0.26274000000000003,0.29499949999999997,-0.25156639999999997,0.2765759
248,17:16:37.293 PM,0.166768,0.01534255,0.3030942,0.1574857,0.04140903,0.29418130000000003,0.14631629999999998,0.05742942,0.2900836,0.1556524,0.04339482,0.3427018,0.13048610000000002,0.06169159999999999,0.3235995,0.1214985,0.05167629,0.30825890000000006,0.12061400000000001,0.03934,0.3008769,0.1430786,0.03532027,0.35609209999999997,0.11807000000000001,0.05387409,0.3294566,0.11310070000000001,0.03995632,0.3104595,0.11540160000000001,0.02596073,0.30330949999999995,0.1312522,0.02185683,0.3663732,0.10814180000000001,0.03734778,0.3404678,0.1071835,0.02345954,0.32155229999999996,0.11225639999999998,0.01005048,0.3149013,0.11897269999999999,0.007875919,0.3719078,0.1026643,0.02284424,0.35150640000000005,0.1033231,0.01539509,0.3366915,0.10888010000000002,0.004074469,0.3293526,0.1459626,0.01338221,0.3488923,0.16783470000000003,-0.05089138,0.33797109999999997,0.1719681,-0.02641165,0.3198065,0.29789570000000004,-0.2448991,0.2640676,0.186504,-0.04816324,0.3230612,0.1621716,-0.0730203,0.34549070000000004,0.3100619,-0.2324706,0.2528529,0.2857295,-0.2573276,0.2752824
249,17:16:37.322 PM,0.1689977,0.01639511,0.27839309999999995,0.1606255,0.04154016,0.2664134,0.15002520000000003,0.05744351,0.26064570000000004,0.15662720000000002,0.04959081,0.31346640000000003,0.12971760000000002,0.04966228,0.2885821,0.1305789,0.02999593,0.2824275,0.1379809,0.01768439,0.2849272,0.144957,0.04368551,0.328703,0.1204587,0.04273991,0.29569029999999996,0.12430319999999999,0.01944254,0.2901047,0.1328322,0.007107109,0.2957825,0.133883,0.03197242,0.3416526,0.11244449999999999,0.03150989,0.31014040000000004,0.1196144,0.01007579,0.3032244,0.12956289999999998,-0.001171827,0.30858040000000003,0.1220694,0.01901741,0.350025,0.1072598,0.02349,0.3241299,0.1118365,0.009551196999999999,0.3161791,0.1201746,-0.002233714,0.31898509999999997,0.14756029999999998,0.02088265,0.3247889,0.1691414,-0.04428266,0.3219318,0.17203829999999998,-0.02297457,0.3005831,0.2928433,-0.24509650000000002,0.2556449,0.18645060000000002,-0.043068800000000004,0.3052815,0.1642025,-0.0655779,0.3319533,0.30396740000000005,-0.233842,0.24230900000000002,0.28171929999999995,-0.2563511,0.2689808
250,17:16:37.353 PM,0.1673115,0.02385272,0.25776509999999997,0.1565934,0.04759099,0.244829,0.1439551,0.06184404,0.23886679999999996,0.15001620000000002,0.05760123,0.29043909999999995,0.1258955,0.04645987,0.2652069,0.13486610000000002,0.02792831,0.26438049999999996,0.14612479999999997,0.02131416,0.2708384,0.13871770000000003,0.05168675,0.3059495,0.1167203,0.04132451,0.27279929999999997,0.12606230000000002,0.01895453,0.2735683,0.1363136,0.0102447,0.28228600000000004,0.1285214,0.03990589,0.3195415,0.1093386,0.0322255,0.28752059999999996,0.1207305,0.01161246,0.2856172,0.13179760000000001,0.003230706,0.29344390000000004,0.1177404,0.02654673,0.3286386,0.1044613,0.02514236,0.3015973,0.1126597,0.01099505,0.2982906,0.1223635,0.0022986079999999997,0.3050988,0.1432531,0.02898721,0.3034739,0.16964229999999997,-0.03444651,0.3044357,0.17155499999999999,-0.01406424,0.2821724,0.2970308,-0.23481529999999998,0.24405549999999998,0.1867904,-0.03345039,0.2876053,0.165233,-0.05547951,0.3152281,0.30780959999999996,-0.2238008,0.23024410000000003,0.28625209999999995,-0.2458299,0.2578669
251,17:16:37.382 PM,0.1649826,0.02757709,0.23927510000000002,0.15249400000000002,0.04995166,0.22551710000000003,0.13848129999999997,0.06278367,0.2193915,0.1442999,0.06144662,0.2689051,0.1210428,0.04688312,0.24461449999999998,0.1315036,0.02912675,0.24521990000000002,0.1431718,0.02354215,0.2519334,0.1334534,0.05582426,0.2848412,0.11199769999999999,0.04156072,0.2527997,0.12488610000000001,0.02102225,0.2532859,0.1367344,0.01358628,0.2611095,0.1241221,0.04431005,0.2992588,0.10552239999999999,0.03311364,0.26793449999999996,0.1183481,0.01327483,0.267387,0.1299711,0.005840331,0.2753644,0.1143182,0.03087555,0.3093028,0.1011975,0.02663146,0.2824782,0.1103969,0.01291189,0.2801342,0.1206954,0.005440146,0.2875026,0.1395874,0.03338455,0.2839002,0.16992929999999998,-0.028042700000000004,0.28866390000000003,0.1708677,-0.008918554,0.2654479,0.2984427,-0.22850520000000002,0.2310346,0.1866499,-0.02732971,0.2713948,0.16605999999999999,-0.04880195,0.30017009999999994,0.3087377,-0.21776910000000002,0.21664699999999998,0.2881478,-0.2392413,0.24542229999999998
252,17:16:37.415 PM,0.1615943,0.03336538,0.21868739999999998,0.14738120000000002,0.05456139,0.2047398,0.13211389999999998,0.06605826,0.19897520000000002,0.1384503,0.06639232,0.2464744,0.1147233,0.05067371,0.2233891,0.1254085,0.03304149,0.22335010000000002,0.13747720000000002,0.02754705,0.2293956,0.1283418,0.06081097,0.26290209999999997,0.1071659,0.04375623,0.2320623,0.12143910000000001,0.02416982,0.2330666,0.1339486,0.01787771,0.2408678,0.1201269,0.04939015,0.2780537,0.10173600000000001,0.03543516,0.2477315,0.11595339999999998,0.01656185,0.24776959999999998,0.12824939999999999,0.010434299999999999,0.2558464,0.1114887,0.03581224,0.28893850000000004,0.09816973,0.02938388,0.26265279999999996,0.1082588,0.01623504,0.2607406,0.1192164,0.009706184,0.26805290000000004,0.1360121,0.03882955,0.26286940000000003,0.16992379999999999,-0.02048953,0.2694757,0.1698059,-0.002054334,0.24569639999999998,0.2927411,-0.22421460000000001,0.21088270000000003,0.1859333,-0.02040788,0.2515315,0.1661961,-0.04094369,0.2815606,0.3026098,-0.21394670000000002,0.19586810000000002,0.28287249999999997,-0.23448249999999998,0.22589720000000002
253,17:16:37.449 PM,0.1547439,0.03829369999999999,0.20021570000000002,0.1382612,0.05839662,0.187178,0.1217437,0.06860714,0.1825515,0.1305133,0.06938539,0.2264052,0.10553399999999999,0.05282144,0.20531750000000001,0.1163671,0.03532441,0.20406559999999999,0.1289796,0.02983023,0.20887529999999996,0.12173339999999998,0.06373422,0.2435569,0.1000191,0.04429145,0.2145587,0.11564560000000002,0.02575345,0.21525860000000002,0.12899829999999998,0.02068172,0.22253330000000002,0.1152461,0.0523615,0.2595592,0.09642552,0.03582589,0.230839,0.1121038,0.018149000000000002,0.2307161,0.12525450000000002,0.01366197,0.2385194,0.10829589999999999,0.03862430000000001,0.27141,0.09369326,0.03066795,0.246247,0.1044531,0.01812623,0.24395189999999997,0.11627349999999999,0.01244883,0.25060140000000003,0.1311442,0.04244371,0.2439611,0.1692092,-0.01423675,0.2510228,0.1672202,0.0036493690000000004,0.2265871,0.28429699999999997,-0.2229085,0.19416989999999998,0.1840585,-0.01528293,0.232136,0.1658686,-0.03405774,0.26422429999999997,0.29339190000000004,-0.21352110000000002,0.17812579999999997,0.275202,-0.23229589999999997,0.21021399999999998
254,17:16:37.482 PM,0.1493847,0.04028378,0.1849211,0.13189410000000001,0.05947666,0.17182429999999999,0.1146968,0.06872641,0.1676766,0.12493720000000001,0.07075386,0.2079624,0.09951416,0.05303095,0.188408,0.11045319999999999,0.03558765,0.1873372,0.12319680000000001,0.02999277,0.19166170000000002,0.1166895,0.06576063,0.22557510000000003,0.09542684,0.04367192,0.1981869,0.11189080000000001,0.02592342,0.19969089999999998,0.1255741,0.02185152,0.20697770000000001,0.11098210000000001,0.05509783,0.2423433,0.09222289,0.03634046,0.21498420000000001,0.1084885,0.01920955,0.21555029999999997,0.12193339999999998,0.01548158,0.2232526,0.10486089999999999,0.04180391,0.25511880000000003,0.08955751,0.03247701,0.23086220000000002,0.10052080000000001,0.02008988,0.2286922,0.1127156,0.01476717,0.2349475,0.1270918,0.04498844,0.22708899999999999,0.1673562,-0.00969927,0.23690540000000002,0.1646806,0.006903529,0.2114363,0.2780513,-0.22351039999999997,0.1916646,0.181768,-0.01223507,0.2178221,0.16401400000000002,-0.02854459,0.25146460000000004,0.28692829999999997,-0.2153556,0.1748433,0.26917440000000004,-0.23166509999999998,0.20848579999999997
255,17:16:37.513 PM,0.1452497,0.04160149,0.17195770000000002,0.127269,0.05970044,0.1579934,0.110052,0.06860341,0.1532125,0.12148699999999998,0.07258914,0.1915029,0.09611434,0.05329435,0.1734205,0.1067625,0.03564467,0.1729808,0.1195152,0.03007187,0.1773077,0.1134335,0.06867023,0.2094752,0.09256303,0.04420917,0.1838516,0.10945650000000001,0.02700295,0.1864863,0.12326079999999999,0.02412038,0.1941081,0.10807639999999999,0.05910750000000001,0.2270074,0.08937051,0.03828274,0.20114300000000002,0.1059412,0.0215032,0.20264100000000002,0.119531,0.01849075,0.21040340000000002,0.1023679,0.04661767,0.2407516,0.08699469,0.03541593,0.2173438,0.09816886,0.02311416,0.21587489999999998,0.1105367,0.01827462,0.2221838,0.12442,0.04836033,0.21245329999999998,0.165885,-0.004549071,0.2262449,0.1630194,0.01028988,0.1994427,0.27332140000000005,-0.2232042,0.2003313,0.1802422,-0.008995619,0.20747220000000002,0.16227149999999999,-0.02196804,0.24242629999999998,0.28230679999999997,-0.216718,0.1828543,0.264336,-0.2296904,0.21780839999999999
256,17:16:37.543 PM,0.1412869,0.04244469,0.16294920000000002,0.12253119999999999,0.05969889,0.14893610000000002,0.10516379999999999,0.06819595,0.1439646,0.1187083,0.07390483,0.1804705,0.09316105,0.05455096,0.16270420000000002,0.10305539999999999,0.03647168,0.1621581,0.1156797,0.03058909,0.1664509,0.110529,0.07040821,0.198472,0.09010588,0.04506217,0.1733549,0.106956,0.027879700000000004,0.17638610000000002,0.12070940000000001,0.02550359,0.1842695,0.10511,0.06128778,0.21621839999999998,0.08657381,0.039683300000000005,0.1908789,0.10366500000000001,0.0234208,0.1922117,0.11743599999999998,0.02122237,0.1999254,0.09940664,0.04913069,0.23025860000000004,0.08446095,0.03700824,0.20703470000000002,0.09581929,0.02482693,0.20606710000000003,0.10816480000000002,0.02053054,0.21279800000000001,0.1217032,0.05031319,0.20212529999999998,0.16345739999999997,-0.001821905,0.217959,0.16082729999999998,0.01231658,0.1905532,0.27017870000000005,-0.2219159,0.2041749,0.1781039,-0.007209465,0.1996624,0.15948310000000002,-0.01844374,0.2348771,0.27948920000000005,-0.2162987,0.1865675,0.2608683,-0.22753299999999999,0.2217822
257,17:16:37.572 PM,0.1387543,0.03983711,0.15841729999999998,0.11953050000000001,0.05654736,0.14437879999999997,0.10226410000000001,0.06508322,0.13912979999999997,0.1168481,0.07253818,0.1753679,0.09041109,0.05412306,0.1579045,0.09890082,0.03535099,0.1571362,0.1111738,0.02869533,0.16131600000000001,0.10849690000000001,0.06965096,0.1933995,0.08758207,0.04424308,0.1687524,0.1037948,0.02649818,0.17201470000000002,0.1174532,0.02393113,0.18000270000000002,0.1027829,0.06107615,0.2113254,0.08363321,0.03930278,0.1865922,0.10101339999999999,0.02330483,0.1871894,0.11507490000000001,0.02147816,0.1944652,0.09673769,0.04938404,0.2256165,0.0817451,0.03693725,0.2025942,0.09288076,0.02452613,0.202035,0.10507760000000001,0.02036189,0.2091116,0.11920619999999998,0.04940803,0.19759379999999999,0.15983060000000002,-0.003166392,0.21493579999999998,0.157546,0.01029782,0.1871555,0.26483179999999995,-0.2244107,0.2080592,0.174566,-0.009177225,0.1969067,0.1555953,-0.01927999,0.2322772,0.2743172,-0.2193594,0.190374,0.2553464,-0.2294621,0.22574439999999998
258,17:16:37.600 PM,0.13705279999999997,0.03816603,0.1547192,0.1178066,0.05459575,0.1403828,0.1006405,0.06321038,0.13493670000000002,0.11514500000000001,0.07173611,0.17165170000000002,0.08733714,0.05463596,0.1549938,0.09429821,0.03526805,0.1537431,0.106154,0.02763088,0.1574233,0.106984,0.06942113,0.1898525,0.08524399,0.043873800000000004,0.1660781,0.1011057,0.025830099999999998,0.1694279,0.11483330000000001,0.02303211,0.1772175,0.10138430000000001,0.06138285,0.2080612,0.08147588,0.03933115,0.1841877,0.09877981,0.02324374,0.184587,0.1130201,0.02142806,0.19150999999999999,0.0953668,0.05014043,0.22272039999999999,0.07994413,0.03728954,0.2002095,0.09087042,0.02468865,0.1997735,0.10310029999999999,0.0205514,0.20680900000000002,0.1174797,0.04914977,0.1944328,0.15759679999999998,-0.003519237,0.21263,0.15517070000000002,0.009276018,0.1845312,0.2591585,-0.226454,0.209802,0.1719971,-0.01019168,0.19456289999999998,0.1533526,-0.01914027,0.2304144,0.2684808,-0.2219797,0.1918763,0.24983629999999998,-0.2309283,0.2277277
259,17:16:37.631 PM,0.1347815,0.03827535,0.1529749,0.11484380000000001,0.05435313,0.13919589999999998,0.09740572,0.06273563,0.1342799,0.11408210000000002,0.07196592,0.1684372,0.08328504,0.0594774,0.15300529999999998,0.08667482,0.03937458,0.14998470000000003,0.09735002,0.02972333,0.1522618,0.1061925,0.07012095,0.18681029999999998,0.08429119,0.04378073,0.1640724,0.1002054,0.0258265,0.16764479999999998,0.1140482,0.02331768,0.1753284,0.100869,0.06255613,0.2053022,0.08067083,0.03984429,0.1823078,0.09801099,0.02380179,0.1828904,0.11235060000000001,0.02219741,0.1896586,0.09507848,0.05169578,0.22033579999999997,0.07927106,0.03829922,0.198418,0.09027749,0.02576531,0.19808800000000001,0.10266189999999999,0.02182256,0.20496279999999997,0.11677269999999998,0.04998119,0.1917607,0.15710120000000002,-0.0022519379999999998,0.21062899999999998,0.1543495,0.009883285,0.1823444,0.2556591,-0.22654639999999998,0.2101015,0.1710978,-0.009439066,0.1924425,0.1529604,-0.01749426,0.2287629,0.26472779999999996,-0.22251880000000002,0.19194129999999998,0.24659050000000002,-0.23057399999999997,0.2282617
260,17:16:37.660 PM,0.13607,0.04063608,0.1517616,0.11634749999999999,0.05709495,0.13812320000000003,0.09832510000000001,0.06480582,0.1343444,0.11504,0.07430516,0.1681509,0.0842712,0.06344108,0.1514689,0.08737484,0.04334922,0.1480376,0.09779638,0.03344063,0.15040820000000002,0.10667169999999998,0.07201533,0.18626020000000001,0.08460145,0.04712023,0.1621019,0.10013949999999999,0.02879907,0.1654612,0.11375260000000001,0.02561478,0.1733034,0.1007927,0.06397061,0.2043777,0.08057728,0.04253115,0.1802068,0.09755177,0.02609558,0.18055870000000002,0.1117299,0.02377246,0.1874575,0.09449113,0.05274238,0.2189277,0.07876506,0.04028492,0.1964058,0.09004994,0.02805172,0.1952431,0.10259549999999999,0.02394621,0.2017191,0.11686780000000001,0.05159505,0.1908548,0.15609160000000002,-0.001693726,0.2091611,0.15415410000000002,0.01129526,0.1811499,0.2535161,-0.2264576,0.20572670000000004,0.17054560000000002,-0.008506216,0.1911894,0.15138,-0.01735762,0.2267893,0.2630989,-0.22203179999999997,0.1879267,0.24393330000000002,-0.2308833,0.22352660000000002
261,17:16:37.691 PM,0.1387279,0.04339959,0.1508519,0.11984829999999999,0.0603516,0.136638,0.10164110000000001,0.06769249999999999,0.13301300000000002,0.1155924,0.07676522,0.16937120000000003,0.08672557,0.06344135,0.15115620000000002,0.09334358,0.04405023,0.1489328,0.1047499,0.03560178,0.1522203,0.1067349,0.07375367,0.1871382,0.08480438,0.05049367,0.1612854,0.100234,0.03202571,0.16432460000000002,0.11362339999999999,0.028290199999999998,0.17230720000000002,0.1003552,0.06498469,0.204742,0.08040581,0.04497074,0.17917049999999998,0.09717497,0.02832253,0.1790909,0.11119089999999998,0.02532117,0.18605850000000002,0.09364343,0.05318366,0.2186399,0.07819458,0.04183884,0.19535239999999998,0.08974628,0.02995016,0.193464,0.1023757,0.02566467,0.19965360000000001,0.1167665,0.05313157,0.1911559,0.1554595,-0.0009245276,0.2084103,0.15422779999999997,0.01315868,0.1807974,0.25418,-0.22503089999999998,0.20118450000000002,0.170498,-0.007120085,0.1906969,0.15029289999999998,-0.017139599999999998,0.22540120000000002,0.2642825,-0.22002110000000002,0.18383239999999998,0.2440774,-0.23004059999999998,0.2185366
262,17:16:37.719 PM,0.13968250000000001,0.04605575,0.1515653,0.1213742,0.06347506,0.1371695,0.1029594,0.07041432,0.13381020000000002,0.1149247,0.07852419,0.17160250000000002,0.08797349,0.06302001,0.1522069,0.09662188,0.04436113,0.1507655,0.108575,0.03704546,0.1547646,0.1058609,0.07474272,0.18911689999999998,0.08429752,0.05253978,0.16205250000000002,0.09992482,0.03416993,0.16464279999999998,0.1132464,0.03020363,0.17262729999999998,0.09934331,0.0652418,0.2062855,0.07978589999999999,0.04617964,0.17970279999999997,0.09666122,0.02964921,0.1791145,0.11063830000000001,0.02628489,0.1859941,0.09257939,0.05284818,0.2196318,0.07761417,0.04255511,0.1955529,0.08870849,0.03020205,0.193921,0.1008908,0.02510874,0.20038789999999998,0.11607460000000001,0.05409487,0.192493,0.1551815,-0.0001236349,0.20835460000000003,0.1541336,0.01495992,0.1811588,0.25751979999999997,-0.22243979999999997,0.1972104,0.1706481,-0.005622146999999999,0.1907802,0.14994870000000002,-0.01685674,0.22481460000000003,0.26786940000000004,-0.2168225,0.1801932,0.2471701,-0.22805709999999998,0.2142276
263,17:16:37.748 PM,0.1385059,0.04710834,0.1535136,0.12005139999999999,0.06435917,0.1391011,0.10179210000000001,0.07149972,0.13533820000000002,0.1129986,0.07876799999999999,0.1732527,0.08519341,0.06398003,0.1545067,0.0935157,0.04522316,0.1524576,0.10574480000000001,0.03826277,0.156254,0.1042517,0.07494281,0.1909185,0.08354409,0.0512432,0.16446,0.09968673,0.03332801,0.1670759,0.11316389999999998,0.03062658,0.1753254,0.09818592,0.06545879,0.2082615,0.07925201,0.04546563,0.1819112,0.09609503,0.02889408,0.1823555,0.1098207,0.02633356,0.1900437,0.0918967,0.05303849,0.22181399999999998,0.07702821,0.04223089,0.1979004,0.08802929,0.02974673,0.1966859,0.1001079,0.02487491,0.2035092,0.1150105,0.05458511,0.1943644,0.15564760000000002,0.00150843,0.2101283,0.1538723,0.01627822,0.18292429999999998,0.2629687,-0.2183067,0.1964563,0.1709039,-0.00358404,0.19225029999999999,0.1511234,-0.01538061,0.2266391,0.272859,-0.21240839999999997,0.1792619,0.2530785,-0.22420500000000002,0.2136507
264,17:16:37.778 PM,0.1392895,0.04804002,0.1556908,0.1222093,0.06636162,0.14091170000000003,0.10498989999999998,0.07507722,0.1358122,0.1133996,0.07993846,0.17700929999999998,0.08651421,0.06471367,0.1573018,0.09507636,0.04605637,0.1553862,0.1070154,0.03861223,0.15918729999999998,0.1043752,0.07575668,0.19445320000000002,0.08329548,0.05355008,0.1670129,0.09883471,0.03503563,0.16904260000000002,0.11210360000000001,0.03236894,0.1776319,0.09788747,0.06586154,0.2114094,0.07880889999999999,0.04754002,0.1839714,0.09430478,0.0297337,0.1850604,0.10725439999999999,0.02725764,0.19401400000000002,0.09113915,0.05316527,0.2244765,0.07613754,0.04368602,0.2000877,0.08677064,0.03092952,0.1984889,0.09862366,0.02577408,0.2054967,0.1145662,0.05501984,0.19731310000000002,0.1538991,0.0005547702,0.21184760000000002,0.15253640000000002,0.01610886,0.1849561,0.26312129999999995,-0.21821,0.19653679999999998,0.16952979999999998,-0.004123275,0.194181,0.1491906,-0.01664366,0.22798310000000002,0.2732909,-0.2119498,0.17963579999999998,0.2529517,-0.22447020000000004,0.21343789999999999
265,17:16:37.807 PM,0.1394336,0.04704081,0.15778399999999998,0.1234257,0.06584977,0.1424268,0.10711300000000001,0.07557981,0.1362818,0.1134006,0.07968341,0.18020029999999998,0.08732056,0.06356154,0.16012679999999999,0.09618036,0.04499801,0.1587179,0.10806189999999999,0.0376247,0.1628255,0.10424100000000001,0.07550292,0.197574,0.08281314,0.05400319,0.1698414,0.09806854,0.03525291,0.1718614,0.11127139999999999,0.03190868,0.1803144,0.09749372,0.06556068,0.2144009,0.07817013,0.04787846,0.18671559999999998,0.09330893,0.02976106,0.1876945,0.1062243,0.02655314,0.1964644,0.09043486,0.05286793,0.2273065,0.07537419,0.04389228,0.20276370000000002,0.08577176,0.03095113,0.20109970000000002,0.09750137,0.02535395,0.20797510000000002,0.1139683,0.05451657,0.20022179999999998,0.152221,-0.0008633435000000001,0.2142218,0.1511106,0.01492536,0.1875133,0.2609208,-0.21971439999999998,0.19659749999999998,0.167889,-0.005370663,0.1965439,0.147423,-0.01824113,0.23013730000000002,0.2711538,-0.2132792,0.17980079999999998,0.25068779999999996,-0.2261496,0.2133942
266,17:16:37.836 PM,0.1389114,0.04547797,0.1594691,0.12352239999999999,0.06441273,0.1436406,0.1079192,0.07477607,0.136733,0.1131001,0.07885276,0.1824934,0.08723142,0.06208505,0.1626767,0.09608065,0.04349755,0.1615431,0.1079837,0.03623901,0.16579029999999997,0.1040424,0.07485218,0.1999626,0.08237778,0.05346261,0.1723289,0.09681603,0.03421222,0.175402,0.1096491,0.03025614,0.1841564,0.0973165,0.06505693,0.2168841,0.07765317,0.04736753,0.1894435,0.09250675,0.02900817,0.190275,0.10543949999999999,0.02582245,0.1990274,0.09020814,0.05250202,0.229897,0.07488485,0.04354484,0.2055105,0.08513578,0.03048687,0.203849,0.09684929,0.02491476,0.2107721,0.1135182,0.05374949,0.20259829999999998,0.1513027,-0.0019956979999999997,0.21645279999999997,0.1500254,0.01363212,0.1897004,0.2605595,-0.22054169999999998,0.19849029999999998,0.1668242,-0.006504716,0.1986465,0.1467069,-0.01934128,0.23246279999999997,0.2706181,-0.21412350000000002,0.1815822,0.2505009,-0.22696,0.21539850000000002
267,17:16:37.865 PM,0.1383676,0.044180800000000006,0.16063229999999998,0.12301689999999998,0.06301115,0.144644,0.10781349999999999,0.07366852,0.1373078,0.11250299999999999,0.07788156,0.1842522,0.08679957,0.06026821,0.164964,0.09594201,0.04180901,0.16410639999999999,0.10796489999999999,0.03475188,0.16835379999999997,0.10373980000000001,0.07398967,0.2018945,0.08188643,0.05238979,0.1745773,0.09553674,0.03275557,0.1786414,0.10802660000000001,0.02845688,0.1877232,0.09729502,0.06429823,0.21898320000000004,0.07727988,0.0463198,0.1919908,0.09205636,0.02788921,0.1925763,0.1051113,0.02493952,0.20122820000000002,0.09039972,0.05182494,0.2321865,0.07471327,0.04266943,0.20810810000000002,0.08495434,0.029611900000000003,0.20638420000000002,0.09677628,0.02420758,0.21325479999999997,0.11324429999999999,0.05289529,0.2044913,0.1512976,-0.0027491,0.21804920000000003,0.1494996,0.01267493,0.1912099,0.2617921,-0.2206739,0.20011400000000001,0.1665745,-0.00729249,0.20004129999999998,0.1470701,-0.01999819,0.2342636,0.2715442,-0.214321,0.1830029,0.2520399,-0.22702670000000003,0.2172252
268,17:16:37.894 PM,0.13822910000000002,0.04391895,0.1613795,0.12284269999999999,0.06279115,0.1454743,0.10783920000000001,0.07362823,0.1379914,0.11237660000000001,0.07771368,0.1858848,0.08694450000000001,0.05971442,0.1665905,0.09632885,0.04137455,0.1657725,0.1084509,0.03451522,0.1700636,0.10372360000000001,0.07366474,0.2035469,0.08157763,0.0525078,0.1761165,0.0950821,0.03273292,0.17998499999999998,0.1075604,0.02818011,0.18895820000000002,0.09736978,0.06381623,0.2205808,0.07711644,0.04617129,0.1935439,0.09172413,0.02759765,0.193681,0.10481969999999999,0.02462037,0.202263,0.09053166,0.05122663,0.23370439999999998,0.07463278,0.04238762,0.20964549999999998,0.08481447,0.02931423,0.20770349999999999,0.09666681,0.02383609,0.2144634,0.1131902,0.05252071,0.2058649,0.15128870000000003,-0.003295943,0.2186085,0.1492489,0.01234515,0.1919287,0.2638193,-0.21994360000000002,0.1980468,0.166505,-0.0075236059999999995,0.20047279999999998,0.1473256,-0.02073304,0.234688,0.273409,-0.2133388,0.1809392,0.2542296,-0.22654829999999998,0.2151545
269,17:16:37.925 PM,0.1375681,0.04266824,0.1619708,0.1220066,0.06130417,0.1459588,0.1070688,0.07212643,0.138325,0.1118442,0.07685952,0.18651120000000002,0.08634013,0.05846657,0.16769189999999998,0.09593975,0.04022811,0.16717120000000002,0.10819569999999999,0.0336803,0.17156470000000001,0.10337239999999999,0.07302023,0.2043065,0.08083267,0.051708500000000004,0.1773234,0.09434279,0.03195016,0.18125460000000002,0.1069107,0.02750652,0.1901559,0.09718847,0.06337257,0.221516,0.07662813,0.04545723,0.19489410000000001,0.09105656,0.02674367,0.19488570000000002,0.10422619999999999,0.023955,0.203416,0.09047745,0.05093993,0.2348518,0.07425689,0.04193072,0.2110741,0.0843702,0.0288045,0.20913130000000002,0.09627853,0.02354179,0.21596220000000002,0.11284549999999999,0.05189534,0.20676630000000001,0.15106920000000001,-0.003782973,0.21959920000000002,0.14872420000000003,0.01153007,0.1929142,0.2639734,-0.21998910000000002,0.196588,0.1659895,-0.007913588000000001,0.20119720000000002,0.14743929999999997,-0.02127297,0.2357,0.2732485,-0.2133094,0.17933670000000002,0.2546983,-0.2266688,0.21383939999999999
270,17:16:37.955 PM,0.1353875,0.0415792,0.1631928,0.119227,0.06008463,0.1476279,0.1041732,0.07093836,0.1402712,0.1099013,0.07530464,0.1869188,0.08350582,0.05687796,0.1694037,0.093622,0.03891481,0.16912850000000001,0.1062509,0.03302868,0.1734032,0.102049,0.07182918,0.20507060000000002,0.07928328,0.04908101,0.1794826,0.09320237,0.02963005,0.1835201,0.1061184,0.02587982,0.1922419,0.09654368,0.06256147,0.2227149,0.07563784,0.04340298,0.19725020000000001,0.09038739999999999,0.02494161,0.19735529999999998,0.1038035,0.02297349,0.20573070000000002,0.09042687,0.05040084,0.23657820000000002,0.0737007,0.04040904,0.21355349999999998,0.08399053,0.02740715,0.2117034,0.09617133,0.02277769,0.21851379999999998,0.11188139999999999,0.05089919,0.20777579999999998,0.15121110000000001,-0.003949091,0.2206289,0.14785020000000001,0.01064304,0.1938397,0.26494059999999997,-0.21938579999999996,0.19465239999999998,0.1654036,-0.008100531999999999,0.2016645,0.1483916,-0.02134132,0.23699570000000003,0.2734466,-0.2127654,0.1769868,0.2564346,-0.2260062,0.21231799999999998
271,17:16:37.987 PM,0.1346622,0.04201917,0.164759,0.11847719999999999,0.0607466,0.1494883,0.103494,0.07172869,0.14217829999999998,0.1091847,0.07507308,0.1877431,0.08256631,0.05743103,0.16976670000000002,0.09253097,0.03938927,0.16925120000000002,0.10513900000000001,0.03349765,0.1735775,0.1011043,0.07144277,0.205763,0.07899766,0.04848395,0.1797913,0.09303583,0.02914162,0.1839357,0.1058632,0.02548517,0.1928251,0.09540576,0.06203498,0.22327039999999998,0.07501813,0.04285298,0.1974089,0.09019083,0.02474691,0.1979902,0.1034895,0.022884,0.20657289999999998,0.08916134,0.04975598,0.2369705,0.07289651,0.03970872,0.2136429,0.08332753,0.02680345,0.2119111,0.09545341,0.0220132,0.21870720000000002,0.11100139999999999,0.05054329,0.20846710000000002,0.15043389999999998,-0.004190773,0.22132310000000002,0.14735209999999999,0.01055133,0.1947635,0.2660462,-0.2180822,0.191224,0.16478579999999998,-0.007796636,0.2023671,0.1476432,-0.02197406,0.2372692,0.2746175,-0.2109935,0.1737729,0.2574749,-0.22517089999999998,0.208675
272,17:16:38.016 PM,0.1345895,0.0424936,0.1658829,0.1179854,0.06117381,0.1510091,0.1027661,0.07202326,0.1439942,0.1081784,0.07502608,0.1885747,0.08120899,0.05800451,0.1705205,0.09164662,0.04022701,0.170193,0.10430919999999999,0.03446893,0.17454170000000002,0.1000371,0.07135998,0.20656069999999999,0.07828277,0.04788317,0.1807523,0.09331391,0.02910174,0.1838743,0.1065965,0.02571417,0.1921846,0.0943172,0.06193133,0.2240508,0.07412555,0.04238038,0.1983098,0.09047364,0.02531688,0.1983238,0.1042153,0.02330257,0.2061425,0.08808747,0.04962446,0.23773360000000002,0.0720657,0.0393642,0.2143292,0.08262453,0.02654959,0.21270160000000002,0.09476189,0.02169017,0.2194288,0.11005530000000001,0.05052678,0.2093308,0.1497667,-0.003943428,0.2222286,0.14672570000000001,0.01075676,0.1958342,0.2659752,-0.2168786,0.1879285,0.1640509,-0.007169196,0.20315329999999998,0.1471033,-0.02201118,0.2378739,0.274449,-0.2094576,0.1705682,0.2575014,-0.22429960000000002,0.20528870000000002
273,17:16:38.040 PM,0.1353508,0.04420654,0.167353,0.1194136,0.06335059999999999,0.1523418,0.10452449999999999,0.07447325,0.1450531,0.1086325,0.07644601,0.1902616,0.08215371,0.06013085,0.1708831,0.09213173,0.04210551,0.1701219,0.10453130000000001,0.0358714,0.1745685,0.09990288,0.07232468,0.20786770000000002,0.07875812,0.04987814,0.180678,0.0934156,0.03080679,0.1838101,0.10634790000000001,0.02688394,0.19242889999999999,0.09357268,0.06244017,0.2248877,0.07402904,0.04386811,0.1979536,0.09019051,0.02662946,0.1980782,0.10368859999999999,0.02386557,0.2060857,0.08683553,0.04979174,0.2380049,0.07146719,0.04031022,0.2138487,0.08207921,0.02755754,0.2120868,0.09403976,0.02240323,0.2189097,0.10969669999999998,0.051349,0.21034770000000003,0.1486502,-0.003749013,0.22287270000000003,0.146524,0.01171854,0.1968682,0.2655985,-0.21576679999999995,0.1855491,0.1635283,-0.006404278,0.20416700000000002,0.145467,-0.02229553,0.237846,0.2746292,-0.2078212,0.1687096,0.2565679,-0.22371239999999998,0.2023887
274,17:16:38.078 PM,0.1402789,0.04683925,0.17220970000000002,0.127494,0.06728633,0.155941,0.1139875,0.07922705,0.14735839999999997,0.1122231,0.07967035,0.1960375,0.08830746,0.06489407,0.1725205,0.09713505,0.0463091,0.171183,0.10850719999999998,0.03875537,0.1762894,0.1013798,0.07464062,0.21217579999999997,0.0822633,0.05611326,0.1808356,0.09485803,0.03565846,0.18422950000000002,0.10620739999999998,0.02991737,0.193992,0.09275766,0.06379969,0.22753089999999998,0.07565703,0.04868637,0.19700179999999998,0.09002466,0.029955700000000002,0.1980991,0.1020365,0.02480297,0.2072243,0.08406832,0.05052422,0.23874949999999998,0.07123864,0.04367946,0.2123203,0.08137172,0.03051235,0.2107985,0.09219235,0.02415638,0.2184637,0.1099895,0.05308582,0.2140125,0.14527920000000002,-0.004489347,0.22627579999999997,0.1465251,0.01286484,0.2015192,0.26520429999999995,-0.2140406,0.1846938,0.16219,-0.0057498440000000005,0.2092243,0.1403608,-0.02418398,0.239169,0.276119,-0.2048236,0.1697214,0.2542897,-0.22325770000000003,0.1996661
275,17:16:38.117 PM,0.1470192,0.05018072,0.1846101,0.1422642,0.07347567,0.1678634,0.1370667,0.08917542,0.1566845,0.114569,0.08195548,0.2091422,0.09189193,0.07580669,0.1810639,0.09480132,0.05617668,0.17562149999999999,0.10232669999999999,0.04412599,0.1787037,0.1018201,0.07575957,0.22335850000000002,0.08275982,0.06790309,0.18782020000000002,0.09046254,0.04523687,0.1841523,0.09968448,0.03401206,0.1908596,0.09120283,0.06377794,0.23643649999999997,0.07395479,0.05761911,0.2030404,0.08456402,0.03721331,0.1977905,0.09523582,0.02679183,0.2032671,0.08092296,0.04979719,0.24516500000000002,0.06861231,0.0494145,0.21764760000000002,0.07691061,0.03612877,0.2119564,0.08695374,0.02635972,0.21634589999999998,0.10955350000000001,0.05380549,0.22386260000000002,0.1418988,-0.005911842,0.2342672,0.1461242,0.01362906,0.21133939999999998,0.2660494,-0.2134665,0.1951648,0.1608765,-0.006236809,0.2195012,0.13533610000000001,-0.02634234,0.245123,0.2788196,-0.20341370000000003,0.18235389999999999,0.2532792,-0.2235192,0.2079757
276,17:16:38.150 PM,0.151696,0.05644922,0.2034326,0.1479424,0.08013897,0.1869855,0.1414866,0.09528024,0.17569079999999998,0.1148692,0.08597271,0.2255324,0.09706527,0.09599416,0.19518020000000003,0.09367747,0.08319436,0.1795227,0.09600689,0.06959368,0.17517320000000003,0.09973891,0.07808213,0.2360814,0.08313383,0.08818923,0.19994070000000003,0.08425106,0.07292642,0.1813646,0.08963835,0.05862306,0.1770997,0.08718337,0.06460242,0.2454348,0.07033063,0.07319187,0.2124161,0.0749658,0.05862413,0.1945806,0.08278286,0.04560865,0.18995150000000002,0.07595003,0.04958145,0.2504438,0.06231684,0.05894186,0.22526759999999998,0.06782799,0.05101089,0.2117995,0.07710226,0.04081954,0.20694279999999998,0.1081598,0.05637909,0.2361587,0.1399473,-0.003489435,0.2475377,0.148258,0.01853745,0.22796660000000002,0.2712923,-0.2078971,0.2161689,0.16159479999999998,-0.002655169,0.2371015,0.13143429999999998,-0.02476447,0.254837,0.2863725,-0.1968425,0.2073011,0.2562121,-0.2189518,0.2250366
277,17:16:38.186 PM,0.1586948,0.06598212,0.23005340000000002,0.1581241,0.09146489,0.2160683,0.1517179,0.1066585,0.20481620000000003,0.1143318,0.09119664,0.24753440000000002,0.1014193,0.1206585,0.2301683,0.09504963,0.1325271,0.2147132,0.09331982,0.1319284,0.2004102,0.09765216,0.08126466,0.25261669999999997,0.08045616,0.1129588,0.23307399999999998,0.07309500000000001,0.12660719999999998,0.2146076,0.07357243,0.1259343,0.1987984,0.08413908,0.06608872,0.256363,0.0635163,0.09204365,0.23773470000000002,0.05564117,0.1025657,0.2182956,0.05819147,0.1003025,0.202907,0.07307361,0.05013676,0.2560571,0.05300155,0.06776859,0.2421721,0.04731412,0.07463528,0.2282077,0.05081742,0.07469837,0.21406220000000004,0.10726780000000001,0.06008954,0.2515446,0.1387737,-0.00027544799999999997,0.2617042,0.1506622,0.025253099999999997,0.24812240000000002,0.27441020000000005,-0.20329129999999998,0.241497,0.1624106,0.00115148,0.257513,0.12870050000000002,-0.02200396,0.2638747,0.2912652,-0.19171359999999998,0.2383161,0.2575551,-0.214869,0.24467779999999997
278,17:16:38.218 PM,0.1620088,0.07427792,0.2642521,0.16399999999999998,0.1022538,0.2564752,0.1582001,0.11899069999999999,0.2472618,0.1131664,0.09654234,0.27909759999999995,0.1018908,0.13143239999999998,0.2771302,0.09701567,0.1495398,0.2684973,0.09629472,0.1566909,0.255799,0.09591101,0.08625807,0.2786313,0.07725881,0.1229329,0.2767465,0.06900053,0.1440146,0.267926,0.06847765,0.1530559,0.2546742,0.08204929,0.07109429,0.2761659,0.05832625,0.10095069999999999,0.2741196,0.04688912,0.1195778,0.2650294,0.04562838,0.1281281,0.25160770000000005,0.07132298,0.05606748,0.2700661,0.04705973,0.07385467,0.2673092,0.03623846,0.08481558,0.26078579999999996,0.03330928,0.09340276,0.24916620000000003,0.10572460000000002,0.06562419,0.2741365,0.13465220000000003,0.0029475390000000003,0.27524570000000004,0.1493185,0.031116200000000004,0.26996620000000005,0.2583775,-0.2070406,0.2501595,0.15865929999999998,0.0026402009999999996,0.27659809999999996,0.12301760000000002,-0.01774394,0.2713846,0.2761984,-0.19684849999999998,0.2527663,0.2405567,-0.21723270000000003,0.24755270000000001
279,17:16:38.252 PM,0.17429489999999997,0.06263690000000001,0.2980645,0.1811006,0.0909182,0.2971838,0.1754985,0.1088258,0.29035759999999994,0.1231447,0.0889941,0.312868,0.11639180000000002,0.12297670000000001,0.3249502,0.1146431,0.1430634,0.3205848,0.1160378,0.150819,0.3083218,0.1049923,0.08083566,0.31016459999999996,0.08883125,0.11644569999999999,0.3229973,0.08389158,0.13961329999999997,0.31773409999999996,0.08548331,0.1503058,0.3058901,0.08980419,0.06794231,0.30460970000000004,0.06705482,0.09618922,0.3164318,0.05758975,0.11734380000000001,0.31176420000000005,0.05830171,0.12785439999999998,0.29979809999999996,0.07787307,0.05554898,0.2955643,0.0530135,0.07081468,0.3033249,0.04146797,0.08276854,0.30176240000000004,0.03897504,0.09384780000000001,0.29241409999999995,0.11287830000000001,0.06053127,0.30192040000000003,0.1356049,-0.003972441,0.292231,0.1529792,0.0231155,0.2918248,0.2444955,-0.2196208,0.25131370000000003,0.15936070000000002,-0.006429626999999999,0.2950473,0.12273800000000001,-0.0230801,0.285323,0.26280679999999995,-0.2112956,0.2561759,0.2261841,-0.227946,0.2464515
280,17:16:38.289 PM,0.1838454,0.03223608,0.3263486,0.19700050000000002,0.05797125,0.3295192,0.1929783,0.07696937,0.3249032,0.1338635,0.06642251,0.3447221,0.1322925,0.09711586,0.3646722,0.1327303,0.1177032,0.3654335,0.1339499,0.1300406,0.3578122,0.1147172,0.06068881,0.3428024,0.1018107,0.09297089,0.36474029999999996,0.09678875,0.11647660000000001,0.3678817,0.09640442,0.13124770000000002,0.3617317,0.09773189,0.05021642,0.3373923,0.07835591,0.07622947,0.3573928,0.06911414,0.09782718,0.35983059999999994,0.0670805,0.11207529999999999,0.353037,0.08378559,0.04020767,0.32829640000000004,0.06018136,0.05360217,0.3414472,0.04859895,0.06549640000000001,0.34306090000000006,0.04345901,0.07796662,0.3372417,0.11948769999999999,0.04052876,0.3321827,0.1344105,-0.02480493,0.315934,0.15394829999999998,-2.716482e-05,0.31558070000000005,0.2314453,-0.24379210000000004,0.26446329999999996,0.1581131,-0.02843425,0.31775549999999997,0.1204113,-0.04307434,0.3089655,0.2502962,-0.2364721,0.2688583,0.2125944,-0.2511122,0.2600684
281,17:16:38.318 PM,0.1861174,0.01325212,0.3493805,0.20266729999999997,0.03624831,0.355937,0.2020905,0.05617078,0.3549013,0.13735379999999997,0.05008085,0.3707901,0.137053,0.07784329,0.39470759999999994,0.137574,0.09748499,0.40094250000000003,0.1383935,0.11192080000000001,0.39917009999999997,0.11790930000000001,0.04525028,0.3694511,0.1060296,0.07458748,0.39569109999999996,0.1004228,0.0964732,0.4045134,0.09849153,0.1123684,0.40385079999999995,0.1002481,0.03589128,0.36415929999999996,0.08246952,0.06018145,0.3875338,0.07304972,0.08059748,0.3947965,0.06918325,0.09595554,0.39304229999999996,0.08545599999999999,0.02716811,0.3550723,0.06269348,0.03950001,0.370548,0.05108996,0.05087931,0.37431659999999994,0.04396224,0.06353484,0.372048,0.1212925,0.02582087,0.3570793,0.13277809999999998,-0.03868921,0.3356308,0.1531485,-0.01458794,0.3356177,0.22161799999999998,-0.2595082,0.277595,0.15640620000000002,-0.04304399,0.3366587,0.1180339,-0.05641633,0.3287994,0.2408042,-0.252822,0.2815247,0.2024319,-0.26619440000000005,0.2736653
282,17:16:38.349 PM,0.1860465,-0.008343786,0.37517,0.2052031,0.01074401,0.3858509,0.21024299999999999,0.029456599999999996,0.3905478,0.14053929999999998,0.02732418,0.4037148,0.1419446,0.05023353,0.43226800000000004,0.1432371,0.06751503,0.4434065,0.1443929,0.08146493,0.44739049999999997,0.120806,0.02381407,0.40249959999999996,0.1114309,0.04937108,0.4332977,0.10709880000000001,0.06928702,0.44642829999999994,0.1055132,0.08479129,0.4501232,0.1024333,0.01643942,0.3965406,0.08699547,0.03896229,0.423121,0.07899303,0.05846862,0.4337775,0.07555033,0.07392098,0.4355495,0.08681697,0.01019518,0.3868189,0.06498497,0.02210392,0.40388409999999997,0.05411843,0.03354029,0.4093085,0.04698095,0.04637675,0.40990370000000004,0.1225596,0.006664038000000001,0.3868634,0.12985,-0.05398378,0.35510879999999995,0.1511256,-0.03102836,0.35736609999999996,0.2138509,-0.270649,0.2775719,0.1533999,-0.05883736,0.3554843,0.1147002,-0.07079672,0.3469796,0.2332007,-0.26466940000000005,0.28182429999999997,0.194501,-0.2766287,0.2733195
283,17:16:38.379 PM,0.1858369,-0.02250361,0.39682629999999997,0.2043377,-0.005542576,0.4115138,0.21159360000000002,0.01057355,0.4207817,0.1423536,0.006355047,0.43065410000000004,0.1438246,0.02331053,0.4631037,0.1450438,0.03714921,0.4783326,0.1461415,0.04949836,0.4859893,0.1225818,0.003268942,0.4289907,0.1136999,0.0228547,0.4640268,0.1094672,0.03934319,0.48130029999999996,0.10781580000000002,0.05348353,0.4886613,0.1040998,-0.002738208,0.4219321,0.08936381,0.01544203,0.4520079000000001,0.08168549,0.03257714,0.4663478,0.0782427,0.04723381,0.4715665,0.08835303,-0.006951258,0.41136140000000004,0.06662814,0.00296855,0.42978140000000004,0.0559389,0.01362547,0.43688679999999996,0.04884376,0.026180400000000003,0.4397455,0.12406500000000001,-0.01067549,0.4104097,0.13048510000000002,-0.06485859,0.3684301,0.15207479999999998,-0.04240167,0.37412290000000004,0.20869079999999998,-0.2744235,0.2685125,0.1538986,-0.07034224,0.36822309999999997,0.1148922,-0.08033144,0.3586454,0.22819410000000004,-0.2694289,0.27330129999999997,0.1891876,-0.27941809999999995,0.2637236
284,17:16:38.409 PM,0.1846017,-0.03777369999999999,0.41750429999999994,0.2022888,-0.02307139,0.43531549999999997,0.21112529999999996,-0.01000965,0.4475755,0.14363810000000002,-0.01501077,0.4541513,0.14556989999999997,-0.002992362,0.4887281,0.147137,0.008554786,0.5057418,0.1485529,0.02004777,0.5145930999999999,0.1238031,-0.01741122,0.4521402,0.1156026,-0.0030098409999999996,0.4897787,0.1118569,0.01075134,0.5094067,0.1106837,0.02387358,0.5185426,0.10518499999999999,-0.02189817,0.44434090000000004,0.09127788,-0.008203939,0.4770871,0.08409142,0.006239086,0.49436490000000005,0.08097769,0.01976983,0.5022004,0.08933029,-0.02412842,0.4333295999999999,0.06786963,-0.01617485,0.452978,0.05733144,-0.006653875,0.4617389,0.05040451,0.005380899000000001,0.46658249999999996,0.12495619999999999,-0.02837761,0.4316271,0.1299359,-0.07572401,0.3818417,0.1522239,-0.05473804,0.39074440000000005,0.1989523,-0.27457550000000003,0.2563284,0.153107,-0.08206071,0.3807006,0.1136664,-0.08927245,0.3704315,0.21867260000000002,-0.27096970000000004,0.261463,0.1792321,-0.2781814,0.25119389999999997
285,17:16:38.438 PM,0.1836674,-0.05143516,0.43278199999999994,0.2009558,-0.03877382,0.45244480000000004,0.20963720000000002,-0.02712291,0.46613420000000005,0.1447267,-0.03252468,0.47060740000000006,0.1467862,-0.02507965,0.5064263,0.14874779999999999,-0.01562291,0.5246392,0.15071510000000002,-0.004852906,0.5342579000000001,0.12482919999999999,-0.0336927,0.46817790000000004,0.1173953,-0.024350200000000002,0.5075157,0.11438110000000001,-0.01344924,0.5289693,0.1139796,-0.00166446,0.5398244000000001,0.1061269,-0.03637585,0.45978270000000004,0.09332146,-0.02743952,0.49454269999999995,0.08685318,-0.01643942,0.5144243,0.08450519,-0.004356667,0.5245434,0.0903412,-0.03661567,0.44846140000000007,0.06951643,-0.03009453,0.46928100000000006,0.05934962,-0.02178498,0.47957040000000006,0.05304454,-0.01022635,0.48611040000000005,0.1257337,-0.04244834,0.44662520000000006,0.1290298,-0.08482006,0.3924666,0.1522506,-0.06562851,0.40340590000000004,0.1877502,-0.27679840000000006,0.2520609,0.1518056,-0.09239227,0.3909718,0.112126,-0.09644569,0.3799209,0.20759,-0.2747717,0.2575864,0.16791040000000002,-0.2788251,0.2465355
286,17:16:38.466 PM,0.1818828,-0.06036898,0.4390045999999999,0.1992404,-0.04766659,0.45858109999999996,0.2065592,-0.03506276,0.47222429999999993,0.1449243,-0.04392231,0.4787441,0.1485388,-0.03885154,0.5148587,0.1514676,-0.03050099,0.5334808000000001,0.15414029999999998,-0.01998718,0.5432135,0.1249479,-0.04469757,0.47685730000000004,0.11939649999999999,-0.0383122,0.5170931,0.1175191,-0.02920143,0.5394952,0.1178835,-0.0182713,0.5512151,0.10596889999999999,-0.04675366,0.4689142,0.09492768,-0.04096606,0.5049302999999999,0.08950546,-0.03204529,0.5261296999999999,0.08789946,-0.02084485,0.5373539,0.08985874,-0.046288300000000004,0.45806369999999996,0.07010847,-0.04127777,0.48030259999999997,0.0603696,-0.03408854,0.49178420000000006,0.05450632,-0.02298695,0.49943679999999996,0.1250882,-0.05255416,0.45494120000000005,0.1261939,-0.09261285,0.3989634,0.1499714,-0.07428628,0.4100294,0.17924479999999998,-0.2782995,0.2482015,0.1488425,-0.10031799999999999,0.3965165,0.10885050000000002,-0.1034764,0.386334,0.1992408,-0.27672040000000003,0.25329270000000004,0.1592488,-0.27987870000000004,0.24311020000000003
287,17:16:38.498 PM,0.18169029999999997,-0.06155786,0.4409727,0.1982979,-0.04745562,0.4602379,0.20316410000000001,-0.03316343,0.4732943,0.1450354,-0.04654159,0.4813708,0.14880339999999997,-0.04169135,0.5174998,0.1517157,-0.03329688,0.5361045999999999,0.1542683,-0.02255166,0.5456141,0.1250563,-0.04768035,0.4797112,0.1196411,-0.042026,0.5200744,0.11772930000000001,-0.03325398,0.5426083,0.1179664,-0.02240537,0.5544068,0.106029,-0.05008456,0.4719847,0.09521054,-0.04543962,0.5082327999999999,0.08986977,-0.03687526,0.5295989000000001,0.08829436,-0.02559514,0.5407472,0.08979089999999999,-0.04991707,0.4613178,0.07048028,-0.04617901,0.4841838,0.06084102,-0.03961647,0.4961156,0.05507087,-0.02865322,0.5040337,0.1250906,-0.05554374,0.45779719999999996,0.126216,-0.09539913,0.40163059999999995,0.1498531,-0.07684223,0.412612,0.17896379999999998,-0.2755975,0.24425329999999998,0.1489162,-0.10271179999999999,0.3985428,0.1087906,-0.10610630000000001,0.3889807,0.1990266,-0.2739002,0.24903440000000002,0.158901,-0.2772948,0.2394723
288,17:16:38.527 PM,0.181096,-0.061193,0.4410867,0.1971322,-0.04605415,0.4600483,0.20048,-0.03078416,0.47246499999999997,0.1445807,-0.04627994,0.4814569,0.14830420000000002,-0.04110444,0.5175454,0.15117,-0.03255729,0.5360878000000001,0.15367579999999997,-0.02172996,0.5455164,0.1246037,-0.0475082,0.4798356,0.1190963,-0.04156615,0.5201449,0.11711789999999998,-0.03256637,0.5425831,0.11728039999999998,-0.02161756,0.55429,0.1055762,-0.05008294,0.47216440000000004,0.09467649,-0.04527435,0.5083668,0.08933456,-0.0363019,0.5295645,0.08776589,-0.02475885,0.5404415,0.08932627,-0.05011782,0.4615143,0.07010910000000001,-0.04656601,0.48448859999999994,0.06051989,-0.03995548,0.4964343,0.0548303,-0.0288671,0.5042356,0.12464080000000001,-0.055675300000000004,0.4580329000000001,0.1259452,-0.09606835,0.4022509,0.149426,-0.0775173,0.41312029999999994,0.1818207,-0.27298890000000003,0.2422532,0.1487545,-0.1030316,0.3991591,0.1087234,-0.1067972,0.389343,0.2018363,-0.27110619999999996,0.2471612,0.1618052,-0.2748717,0.2373451
289,17:16:38.560 PM,0.18046089999999998,-0.05808027,0.43993459999999995,0.1958838,-0.04202358,0.45864740000000004,0.1980036,-0.0260745,0.4704649,0.1433106,-0.04351737,0.4800776,0.14645239999999998,-0.03787157,0.5161507000000001,0.1489511,-0.0290197,0.5346028,0.1511874,-0.01802336,0.5439024,0.1233654,-0.04496428,0.47825779999999996,0.11731789999999999,-0.03867701,0.5184369000000001,0.114999,-0.02938771,0.5407239,0.11492809999999999,-0.01825535,0.5522571,0.1044483,-0.04781966,0.4704151,0.09304392,-0.04244444,0.5063813,0.08745445,-0.03274404,0.5271906999999999,0.08576707,-0.02075377,0.5375536,0.08831561,-0.04814304,0.4595932,0.0688558,-0.04446708,0.48234259999999995,0.05919111,-0.03751951,0.49403329999999995,0.053524199999999994,-0.02615696,0.5014467,0.12371869999999999,-0.05338816,0.456556,0.12602950000000002,-0.09429733,0.401175,0.1492022,-0.07551159,0.4121752,0.1856455,-0.2697837,0.2409491,0.1489501,-0.100978,0.39828969999999997,0.10907049999999999,-0.1051653,0.3880377,0.2055853,-0.26769,0.24607510000000002,0.1657057,-0.27187740000000005,0.23582310000000004
290,17:16:38.589 PM,0.1797352,-0.05399421,0.4372371,0.1949257,-0.03676291,0.4550762,0.1964463,-0.02020355,0.4661232,0.14240260000000002,-0.03933887,0.4775674,0.14561,-0.03224659,0.5133789000000001,0.14798060000000002,-0.02256419,0.5314269,0.1499676,-0.01109417,0.5401967,0.1224866,-0.04134648,0.47597170000000005,0.1166496,-0.03372061,0.5159502,0.1143382,-0.02351882,0.5378357,0.11415050000000002,-0.01181126,0.548784,0.10358540000000001,-0.04492535,0.4683912,0.09240919,-0.03827505,0.5042161000000001,0.08685884,-0.02762596,0.5245677,0.08507972,-0.01510356,0.5342655,0.08737858,-0.04599778,0.457729,0.0680928,-0.04188967,0.4805526,0.05847854,-0.03452814,0.4920299,0.05279103,-0.02287181,0.4989559,0.1228786,-0.05043909,0.4545419,0.1257675,-0.09288146,0.4003368,0.14855739999999998,-0.07329991,0.41064979999999995,0.1880116,-0.26867620000000003,0.2414529,0.1488172,-0.09900764,0.3972563,0.1089422,-0.1043347,0.3875289,0.2079491,-0.2660126,0.24631660000000002,0.1680741,-0.2713397,0.23658920000000003
291,17:16:38.621 PM,0.1794132,-0.04971771,0.4338484,0.1942803,-0.03152372,0.45098940000000004,0.1954885,-0.01456104,0.4614464,0.14193429999999999,-0.03442383,0.4737147,0.1449373,-0.02557336,0.5091498,0.14701070000000002,-0.01514857,0.5268164000000001,0.148651,-0.003440946,0.5353397,0.1220688,-0.03699099,0.4723057,0.11620599999999999,-0.02741233,0.5118572,0.113726,-0.01615424,0.533199,0.11325510000000001,-0.004012495,0.5436541,0.1032306,-0.04133068,0.4649707,0.09222122,-0.03300774,0.5004959,0.08658497,-0.02161494,0.5204161,0.08449728,-0.008939639000000001,0.5298493000000001,0.08700852,-0.04321647,0.454446,0.06800085,-0.03845134,0.4773749,0.05841473,-0.03088787,0.4887438,0.05247792,-0.01926985,0.49552299999999994,0.12259460000000001,-0.04688202,0.4512357,0.1262278,-0.09109811,0.39849,0.14864660000000002,-0.07074812,0.4081055,0.1904605,-0.26776120000000003,0.24137129999999998,0.14936860000000002,-0.09676907,0.39522579999999996,0.1095103,-0.10309349999999999,0.3860422,0.21038969999999999,-0.264599,0.2459631,0.17053139999999997,-0.27092340000000004,0.23677960000000003
292,17:16:38.655 PM,0.178643,-0.04709631,0.4313357,0.1933971,-0.0284403,0.4480732,0.19486889999999998,-0.01137793,0.45833240000000003,0.1409745,-0.03113605,0.4705729,0.1438256,-0.02069323,0.5055849,0.1456701,-0.009620771,0.5228789,0.1470408,0.002309695,0.5311368000000001,0.12116589999999999,-0.03417675,0.4693122,0.1150597,-0.02275294,0.5083337,0.1123039,-0.01051044,0.5290918000000001,0.11152580000000001,0.002064809,0.5390019,0.1024059,-0.03914498,0.4621778,0.09125724,-0.02928227,0.49726279999999995,0.08536124,-0.01726511,0.516736,0.08291174,-0.004445538,0.5258829,0.08619854,-0.04170011,0.45177219999999996,0.06728345,-0.03631707,0.4746407999999999,0.05764074,-0.02858745,0.485849,0.05142761,-0.01702666,0.4924768,0.121847,-0.04468453,0.44854740000000004,0.12621179999999999,-0.09023736,0.39698579999999994,0.14829,-0.06926642,0.40606190000000003,0.1919897,-0.2671088,0.24074310000000002,0.14941600000000002,-0.09552111,0.3935281,0.10958530000000001,-0.10264080000000002,0.38481909999999997,0.21190509999999999,-0.263549,0.2450976,0.1720744,-0.2706686,0.2363886
293,17:16:38.683 PM,0.178432,-0.04561079,0.430429,0.19317320000000002,-0.02702251,0.44725299999999996,0.1950135,-0.01013365,0.4577375,0.1407631,-0.02978866,0.46950020000000003,0.1436225,-0.01895505,0.5043926999999999,0.14540279999999997,-0.007782534,0.5216291000000001,0.1466718,0.004165977,0.5298772,0.12098510000000001,-0.03304707,0.4683024,0.11480410000000002,-0.02107072,0.5071462,0.111943,-0.00851953,0.5277050999999999,0.11104539999999999,0.004219487,0.5373935000000001,0.10226,-0.038233300000000005,0.4612317,0.09102458,-0.02780743,0.4961259,0.08501596,-0.01551084,0.5153890999999999,0.08244269,-0.002568319,0.5243267,0.0860518,-0.04098538,0.4508777,0.06714926,-0.0353837,0.4737042,0.05749501,-0.0275515,0.4848309,0.05121423,-0.01598077,0.4913772,0.12172129999999999,-0.04358853,0.4475564,0.126393,-0.08917896,0.39604570000000006,0.148309,-0.06796689,0.4050439,0.1925944,-0.26550619999999997,0.2393672,0.14961629999999998,-0.09428035,0.3924448,0.10978989999999998,-0.1017103,0.3839787,0.2125076,-0.2617912,0.24360029999999996,0.1726812,-0.2692212,0.23513409999999998
294,17:16:38.715 PM,0.1782276,-0.04375598,0.42946769999999995,0.19292020000000001,-0.02531341,0.44649340000000004,0.1951084,-0.008680657,0.4573148,0.14081529999999998,-0.02864969,0.46868190000000004,0.1438225,-0.01760139,0.5034946,0.14562020000000003,-0.006333619,0.520667,0.14683529999999997,0.005661979,0.5288546,0.12106230000000001,-0.03208287,0.46756390000000003,0.1150693,-0.01981898,0.5063475000000001,0.11227619999999999,-0.007070348000000001,0.5267938,0.1113765,0.005784421999999999,0.5363279000000001,0.1023472,-0.03738156,0.46055029999999997,0.09122251,-0.02659558,0.4953705,0.08525989,-0.01404154,0.5144813,0.08269809,-0.0009493679,0.5232013,0.08610777,-0.04019347,0.4502616,0.06727156,-0.03437896,0.4730897,0.05767522,-0.02639039,0.48415509999999995,0.05144079,-0.01474862,0.4906192,0.1217809,-0.04243197,0.4467207,0.1265426,-0.08759119,0.3948333,0.14835689999999999,-0.06618041,0.40384590000000004,0.19239979999999998,-0.2635835,0.23763420000000002,0.1497622,-0.09257933,0.39105429999999997,0.1099087,-0.10020230000000001,0.38289229999999996,0.21232649999999997,-0.2597721,0.2417151,0.17247300000000002,-0.267395,0.23355320000000002
295,17:16:38.746 PM,0.17851570000000003,-0.04131819,0.4275939,0.1930556,-0.02272579,0.4445879,0.1953491,-0.006136298,0.45545399999999997,0.14132720000000001,-0.02747546,0.4673753,0.1442879,-0.01638372,0.5021783,0.1460441,-0.004985407,0.5192687,0.14721270000000003,0.007111534,0.5273128,0.12157639999999999,-0.03090839,0.46621809999999997,0.1156047,-0.01853484,0.5049701,0.1128418,-0.005649418000000001,0.5253346999999999,0.1119778,0.007303745,0.5347381,0.1028624,-0.03612332,0.45913919999999997,0.09173115,-0.02504519,0.49386549999999996,0.08582663,-0.01217017,0.51278,0.08336487,0.001120001,0.5212253,0.08662053,-0.03880392,0.44881909999999997,0.06772204,-0.03261973,0.47149830000000004,0.05819094,-0.02432898,0.48239679999999996,0.05210732,-0.01250549,0.4886723,0.12229380000000001,-0.04096428,0.4452317,0.1270429,-0.08553456,0.39283779999999996,0.14886939999999999,-0.06408939,0.4020172,0.1922797,-0.26285440000000004,0.23687600000000003,0.1502447,-0.0906311,0.3890947,0.1103647,-0.09817000000000001,0.3809847,0.2122197,-0.2590849,0.240931,0.1723397,-0.26662379999999997,0.232821
296,17:16:38.777 PM,0.1792069,-0.03639005,0.42414799999999997,0.193157,-0.01690954,0.44063270000000004,0.1949727,3.856421e-05,0.4510246,0.1424579,-0.02491817,0.46498409999999996,0.14521660000000003,-0.01357231,0.49972159999999993,0.14685720000000002,-0.001771241,0.5165479000000001,0.1479402,0.01059411,0.5241854,0.12271099999999999,-0.02833016,0.4637045,0.11671889999999999,-0.01578061,0.5023967,0.1139857,-0.002722651,0.522655,0.11317160000000001,0.01031543,0.5319448,0.10402360000000001,-0.03344576,0.4564843,0.09294933,-0.02216475,0.4911634,0.08715986,-0.009056195999999999,0.5099524999999999,0.0848223,0.004330918,0.518279,0.08782148,-0.03598496,0.4460665,0.06878921,-0.02931556,0.4684947,0.05929238,-0.02072181,0.4791863,0.053316300000000004,-0.008755386,0.4852916,0.12350799999999999,-0.03810708,0.4425897,0.1283779,-0.08228804,0.3898801,0.1502466,-0.06066418,0.39917620000000004,0.1920566,-0.2641594,0.23859,0.151532,-0.08772565,0.386326,0.11159169999999999,-0.09503756,0.3783051,0.21202670000000004,-0.2605035,0.2426004,0.1720865,-0.26781540000000004,0.2345795
297,17:16:38.810 PM,0.17910879999999998,-0.02562091,0.41606809999999994,0.1913889,-0.0036527070000000003,0.43063450000000003,0.1918032,0.01418318,0.4395877,0.1443448,-0.01774217,0.4592271,0.1468644,-0.005815908000000001,0.49378710000000003,0.14809,0.006558001,0.5102323000000001,0.1486537,0.01923232,0.5174047,0.1246992,-0.02181579,0.45841899999999997,0.11900639999999998,-0.008904234,0.4970365,0.1162096,0.004399806,0.517125,0.1151134,0.017521099999999998,0.5262673000000001,0.10604369999999999,-0.02764328,0.4516732,0.09561745,-0.01593548,0.48641080000000003,0.09005915,-0.002284959,0.5048806,0.08763288,0.01127617,0.5128942,0.08971942,-0.03086118,0.44164200000000003,0.07078025,-0.02374117,0.46400990000000003,0.06125773,-0.01480235,0.4743907,0.05515029,-0.002668023,0.4800151,0.1253751,-0.03186598,0.4374292,0.1303945,-0.07692015,0.38546240000000004,0.1519262,-0.05416307,0.3937672,0.1918047,-0.26525040000000005,0.2413038,0.1534986,-0.08225723,0.3814587,0.11343139999999999,-0.0904161,0.3750502,0.21183829999999998,-0.261171,0.2445081,0.171771,-0.26932979999999995,0.23809960000000002
298,17:16:38.840 PM,0.1772606,-0.01495707,0.40630570000000005,0.1876816,0.009172112,0.4187619000000001,0.187299,0.02763183,0.4263548,0.1454248,-0.009403154,0.45141329999999996,0.1479831,0.004034057,0.48541270000000003,0.14893979999999998,0.01721524,0.5012379,0.14910810000000002,0.03009675,0.5080531,0.12590839999999998,-0.01412532,0.4512273,0.1208957,0.00018909569999999999,0.48944350000000003,0.1182565,0.01413158,0.5091165,0.1169805,0.02729382,0.5181764,0.107296,-0.02076182,0.44513919999999996,0.09783143,-0.007910624,0.47974880000000003,0.09261614,0.006268889000000001,0.4979182,0.09005598,0.01976044,0.5060073,0.09084893,-0.02482419,0.4356268,0.07198174,-0.01661275,0.4576800999999999,0.06238668,-0.007213563,0.4675769,0.05593362,0.0049384979999999995,0.4727607,0.1264078,-0.02482876,0.43055720000000003,0.13157020000000003,-0.07150479,0.38004740000000004,0.1526171,-0.04768166,0.3869758,0.1934595,-0.2649829,0.2430827,0.15467550000000002,-0.07649682,0.3756281,0.1146537,-0.08586057,0.37077020000000005,0.21347039999999998,-0.2603011,0.24551170000000003,0.1734486,-0.2696648,0.2406538
299,17:16:38.870 PM,0.17537479999999997,-0.00274621,0.3941314,0.18356820000000001,0.0230736,0.4047064,0.18227420000000003,0.04197367,0.4109979,0.1462124,0.0019285079999999998,0.4401831,0.1486672,0.01784848,0.4730977,0.1493877,0.03229649,0.48778599999999994,0.1493058,0.04557563,0.4937892,0.1268051,-0.003222585,0.4403558,0.12219260000000001,0.01368056,0.47754830000000004,0.1196961,0.02910174,0.49610190000000004,0.1183961,0.04278673,0.5043452,0.10830039999999999,-0.01051208,0.4347038,0.09935942,0.004484907,0.4685791,0.09436967,0.01975273,0.4859088,0.09179689,0.0335293,0.49349670000000007,0.09187802,-0.01532589,0.4255058,0.07287943,-0.005288571,0.44667070000000003,0.06322361,0.00485149,0.455741,0.05658869,0.01720099,0.46017240000000004,0.1273894,-0.01476464,0.420145,0.1331425,-0.06343372,0.3716156,0.1537768,-0.03883556,0.3773342,0.19663670000000003,-0.2625675,0.24381279999999997,0.15627729999999998,-0.06829969999999999,0.36720929999999996,0.11635710000000002,-0.07848112,0.3632417,0.2165967,-0.2574768,0.24579659999999998,0.17667660000000002,-0.2676582,0.241829
300,17:16:38.899 PM,0.17378120000000002,0.009634599,0.3790509,0.1798754,0.03682201,0.38738720000000004,0.1772067,0.05603381,0.392108,0.1476114,0.01463522,0.4261763,0.1498905,0.0336936,0.4573932,0.15029700000000001,0.04983516,0.47021130000000005,0.14990320000000001,0.06372784,0.4745939,0.1282818,0.009241164,0.42687429999999993,0.12399539999999999,0.029633600000000003,0.46231579999999994,0.12163130000000001,0.04724811,0.4788209,0.1203662,0.06192102,0.485145,0.1098114,0.001420319,0.4218549,0.10132189999999999,0.01981159,0.45413580000000003,0.09660963,0.03704377,0.4695995,0.09421309,0.051687699999999996,0.47540920000000003,0.09334351,-0.0040852729999999995,0.4131385,0.07441912,0.008295655,0.4330945,0.06494947,0.01957898,0.4409255,0.05861329,0.03251062,0.4438863,0.1287733,-0.003329515,0.40728400000000003,0.13460460000000002,-0.05441812,0.36132159999999997,0.1549546,-0.02924369,0.3654335,0.1994908,-0.2594697,0.243997,0.1577547,-0.05920146,0.3569054,0.11794310000000001,-0.07013994,0.3540054,0.2193966,-0.2540004,0.24544699999999997,0.1795851,-0.26493890000000003,0.24254699999999998
301,17:16:38.931 PM,0.1713333,0.01960634,0.3582829,0.1756625,0.04800276,0.36281220000000003,0.17215450000000002,0.06750141,0.3652565,0.14856960000000002,0.027610700000000002,0.40669040000000006,0.1493487,0.05179696,0.4341911,0.1482516,0.07020842,0.4433764,0.14654679999999998,0.08461513,0.4446731,0.1295813,0.0214511,0.40884240000000005,0.12417750000000001,0.04783781,0.4398791,0.12070619999999999,0.06882577,0.45147309999999996,0.1185296,0.08455653,0.4534969,0.1113393,0.01230414,0.4055331,0.10202649999999999,0.03737773,0.43264759999999997,0.09672710000000001,0.0585679,0.4415558,0.09400097,0.07423823,0.441672,0.09482861,0.00514847,0.39821490000000004,0.07603575,0.02136134,0.4153354,0.06699134,0.03459145,0.41992640000000003,0.06118783,0.04808696,0.4195177,0.1299053,0.006877974,0.3906913,0.13632139999999998,-0.04840955,0.3499364,0.1556271,-0.02217825,0.35066020000000003,0.2044201,-0.2595657,0.2460493,0.1594131,-0.05258913,0.3446794,0.1200395,-0.06534559,0.3448047,0.22410679999999997,-0.2531875,0.24598670000000003,0.1847333,-0.2659439,0.246112
302,17:16:38.960 PM,0.1694289,0.03099842,0.34085240000000006,0.1704892,0.05995591,0.3433303,0.16550499999999999,0.07923748,0.3447088,0.1491203,0.04132511,0.3882434,0.1451834,0.07201873,0.40785079999999996,0.14022,0.09200269999999999,0.4085071,0.13592089999999998,0.10498800000000001,0.40351,0.1309595,0.03363596,0.3920198,0.12201120000000001,0.06792681,0.4128332,0.1160136,0.0913433,0.41116309999999995,0.1126172,0.1048047,0.40319279999999996,0.11357650000000001,0.022532299999999998,0.3905951,0.1014092,0.05429713,0.40775500000000003,0.09490492,0.07664378,0.40379349999999997,0.09215587,0.08923231,0.394436,0.09752595,0.01318043,0.38490490000000005,0.07958532,0.03442611,0.39657220000000004,0.0729268,0.04939489,0.39349229999999996,0.07051972,0.06143908,0.3854433,0.1318613,0.01748134,0.3752789,0.1412247,-0.0408026,0.3394316,0.1584011,-0.01273109,0.33666090000000004,0.2107099,-0.25836359999999997,0.2507716,0.1640203,-0.04460711,0.3327833,0.1253777,-0.05875419,0.3372138,0.2300312,-0.25129009999999996,0.2485563,0.1913886,-0.26543720000000004,0.2529869
303,17:16:38.990 PM,0.16581479999999998,0.03136744,0.3177982,0.1627816,0.06024866,0.3159132,0.1550865,0.07866158,0.3151226,0.1527252,0.04916824,0.363202,0.1450217,0.08484675,0.3674445,0.1369951,0.10133239999999999,0.3579345,0.1307921,0.1087951,0.34701329999999997,0.1356634,0.04162274,0.3706667,0.1244498,0.08140115,0.370145,0.1170117,0.0970061,0.3528862,0.11327830000000001,0.1005924,0.337571,0.1189506,0.02977319,0.373579,0.10504260000000001,0.06536965,0.3704565,0.09955207,0.07659824,0.3499731,0.09873105,0.07629453,0.33374349999999997,0.1029308,0.01889078,0.3718367,0.08802526,0.0452394,0.37026240000000005,0.08618637,0.05423491,0.3560571,0.08874451,0.05578886,0.3414105,0.1355189,0.02263592,0.3571658,0.1440577,-0.04076852,0.33110759999999995,0.1589879,-0.01328395,0.3215318,0.2196344,-0.26037129999999997,0.2530452,0.16591270000000002,-0.0434771,0.32145229999999997,0.1297603,-0.06002022,0.3329566,0.23771060000000002,-0.25209970000000004,0.24729299999999999,0.20155820000000002,-0.2686429,0.2587973
304,17:16:39.019 PM,0.1573278,0.03078841,0.2977427,0.14699120000000002,0.05770923,0.2940526,0.1340947,0.07289664,0.29290229999999995,0.15344370000000002,0.05270331,0.34059520000000004,0.14047020000000002,0.08200668,0.32309509999999997,0.13075810000000002,0.08560692,0.3054284,0.12473019999999999,0.08160688,0.29289740000000003,0.1372215,0.04543202,0.34992340000000005,0.1223998,0.07230939,0.32277140000000004,0.1170058,0.0670753,0.2997897,0.1156422,0.05766933,0.2869291,0.12126480000000002,0.03339334,0.3551904000000001,0.10689449999999999,0.05608325,0.3283475,0.1066507,0.04795887,0.3062817,0.10967139999999999,0.03673051,0.2955051,0.1056752,0.02181752,0.3556958,0.09588269,0.0416088,0.33529549999999997,0.09883668,0.03823151,0.31929050000000003,0.1042596,0.02984743,0.3085867,0.1371101,0.02507736,0.33863699999999997,0.1470086,-0.04018758,0.3185759,0.15995910000000002,-0.01369523,0.3057455,0.2295251,-0.26150860000000004,0.2535725,0.1683733,-0.04261949,0.3078072,0.1338955,-0.05988778,0.32284440000000003,0.24676399999999998,-0.2528745,0.24605389999999996,0.21228629999999998,-0.27014279999999996,0.2610911
305,17:16:39.049 PM,0.1551016,0.02872668,0.276959,0.14476129999999998,0.05439506,0.2679815,0.1311757,0.06853543,0.2642131,0.15067629999999999,0.05878942,0.3144085,0.1346011,0.07096423,0.28370850000000003,0.1277604,0.05435063,0.2732165,0.12772709999999998,0.03969292,0.2748883,0.1347247,0.05331321,0.32530820000000005,0.1197767,0.06039779,0.2875922,0.1209204,0.03796236,0.2779821,0.12574739999999998,0.02332477,0.28311149999999996,0.11907580000000001,0.04234169,0.3332002,0.1072662,0.04765014,0.29730059999999997,0.1128779,0.02607898,0.2891022,0.11946869999999998,0.01306784,0.2958187,0.10372060000000001,0.03085504,0.336328,0.09745719,0.039513599999999996,0.30808959999999996,0.1018653,0.02617089,0.29897809999999997,0.10747930000000001,0.01315175,0.303248,0.1348547,0.03106897,0.31841590000000003,0.1460443,-0.03656912,0.31121679999999996,0.1580046,-0.01325844,0.2937343,0.23798829999999999,-0.2597972,0.26930529999999997,0.1671719,-0.03921609,0.300038,0.1341112,-0.05624496,0.3182046,0.2545187,-0.2512828,0.26022199999999995,0.22145789999999999,-0.26831170000000004,0.2783886
306,17:16:39.079 PM,0.1564237,0.03205214,0.2568011,0.14647960000000002,0.05660354,0.2447969,0.1330915,0.07048284,0.23963679999999998,0.14707,0.06633149,0.2892725,0.126725,0.06211184,0.2591464,0.12666960000000002,0.04156978,0.2603498,0.1319609,0.031076599999999996,0.2689092,0.1325694,0.06157048,0.3023105,0.1151101,0.05665071,0.2654335,0.1206549,0.03304492,0.2659331,0.12793759999999998,0.02274369,0.275816,0.1185654,0.0509475,0.3131813,0.10406810000000001,0.04815079,0.278064,0.11232460000000001,0.02607523,0.27639009999999997,0.1205299,0.01591925,0.2855231,0.1045024,0.03909363,0.31941479999999994,0.0957332,0.04161923,0.2906816,0.1020184,0.0265135,0.2874203,0.10896410000000001,0.01616935,0.29521959999999997,0.1339264,0.03859253,0.2988369,0.1493205,-0.02856685,0.3001432,0.1584593,-0.007373556,0.278995,0.24258920000000003,-0.2533921,0.27227779999999996,0.1692277,-0.03204138,0.287107,0.13874,-0.04757484,0.3103929,0.257833,-0.2456254,0.2606348,0.2273453,-0.26115879999999997,0.2839207
307,17:16:39.108 PM,0.1560201,0.03421764,0.23525189999999999,0.14722420000000003,0.05754246,0.2202698,0.13555620000000002,0.0720063,0.21297570000000002,0.1417737,0.07131068,0.26446970000000003,0.1177589,0.05986874,0.2392621,0.12543089999999998,0.04075263,0.24015999999999998,0.13582020000000003,0.03331749,0.2471737,0.129607,0.06737183,0.2799512,0.1079563,0.05609332,0.2468672,0.1156454,0.03325029,0.2495987,0.12498789999999999,0.02459462,0.2593329,0.11817839999999999,0.05737649,0.2939872,0.09949115,0.04865639,0.2619354,0.10943210000000002,0.02721895,0.2619495,0.11961489999999998,0.01863016,0.2706991,0.10619260000000001,0.04551376,0.30363640000000003,0.09363955,0.04310106,0.27631700000000003,0.1008719,0.02820276,0.2742949,0.1097046,0.01916744,0.2818137,0.1325802,0.04428943,0.27929879999999996,0.1536929,-0.0208618,0.2863237,0.15837279999999998,-0.0020964000000000004,0.2622216,0.252092,-0.24318710000000002,0.2561297,0.1713841,-0.02437023,0.27041709999999997,0.14584149999999999,-0.03958591,0.2992108,0.26486329999999997,-0.2355792,0.24173289999999997,0.23932070000000003,-0.2507949,0.27052659999999995
308,17:16:39.135 PM,0.1555841,0.03807552,0.2181741,0.1477776,0.06101809,0.202069,0.13722089999999998,0.07572351,0.1935989,0.13850810000000002,0.07547410000000002,0.2460502,0.1142332,0.06212224,0.22202510000000003,0.12250989999999999,0.04328044,0.22335929999999998,0.13320320000000002,0.03600247,0.23007950000000002,0.12692730000000002,0.07174183,0.262031,0.1043981,0.05817921,0.23038179999999997,0.1162615,0.03685106,0.23115660000000002,0.1279185,0.02947401,0.2395009,0.11626860000000001,0.06192587,0.2767941,0.09702589999999998,0.05120172,0.2456655,0.1077555,0.03014778,0.24627020000000002,0.1184751,0.02214892,0.25494970000000006,0.10500029999999999,0.05004163,0.2872667,0.09190109,0.04580812,0.2604058,0.09969963,0.03112806,0.2589073,0.10908050000000001,0.022756799999999997,0.2665467,0.13073669999999998,0.04876374,0.2622381,0.15678720000000002,-0.01422131,0.2726499,0.1577563,0.002651155,0.2463297,0.2645893,-0.2317734,0.23862080000000002,0.1733931,-0.01711064,0.25550029999999996,0.1509614,-0.03308719,0.2863967,0.27580509999999997,-0.22378510000000001,0.2231726,0.25337339999999997,-0.2397616,0.25406910000000005
309,17:16:39.177 PM,0.1560743,0.044045999999999995,0.1968033,0.1471539,0.0657077,0.17956229999999998,0.136738,0.07956581,0.1696596,0.128806,0.07900204,0.2214475,0.10589960000000001,0.06148992,0.19882729999999998,0.11583099999999999,0.04347001,0.2001751,0.1274016,0.03746696,0.206696,0.1180522,0.07482453,0.2378841,0.09762192,0.05582492,0.20767629999999998,0.111483,0.03613712,0.2106574,0.12362680000000001,0.03100355,0.21978119999999998,0.1091003,0.0646923,0.2535295,0.09137952,0.04895766,0.2236759,0.1051134,0.02981748,0.2255871,0.11697339999999999,0.02426179,0.23467190000000002,0.09981316,0.05210893,0.2650614,0.08719641,0.04406731,0.2388694,0.09704523,0.03061087,0.23824179999999998,0.10765330000000001,0.02400734,0.2459936,0.12522460000000002,0.0527425,0.23968040000000002,0.15803720000000002,-0.006389692,0.2517539,0.158629,0.01004282,0.22661779999999998,0.273685,-0.218933,0.2128487,0.1745958,-0.008336372,0.234421,0.1530434,-0.02569735,0.2651962,0.2844612,-0.21025259999999998,0.1974611,0.2629088,-0.22761350000000002,0.22823629999999998
310,17:16:39.219 PM,0.1488823,0.04677792,0.1814664,0.1352897,0.06680496,0.1653434,0.12209300000000001,0.07898580000000001,0.1566303,0.11760219999999999,0.0777794,0.20652820000000002,0.09471077,0.05731426,0.1865238,0.1067347,0.04057844,0.187173,0.1194462,0.03585272,0.1925105,0.10890630000000001,0.07295839,0.22397399999999998,0.08825248,0.05071087,0.19624439999999999,0.1046001,0.03291143,0.19831970000000002,0.1180763,0.02896042,0.2060482,0.10272919999999999,0.06244431,0.2406715,0.08387951,0.04429565,0.2129616,0.09973377,0.0267861,0.21361839999999999,0.1130124,0.02231829,0.22121559999999998,0.0962135,0.0492758,0.2533843,0.08102524,0.04036577,0.22889690000000001,0.09175466,0.02776118,0.22681179999999998,0.1037681,0.02162774,0.2326616,0.11912069999999998,0.05212246,0.2258659,0.1590258,-0.002601698,0.236891,0.1567933,0.01367112,0.2113481,0.2762015,-0.21334740000000002,0.19356779999999998,0.17392349999999998,-0.0047019670000000005,0.21813049999999998,0.1558456,-0.021575999999999998,0.2513191,0.28524040000000006,-0.2049104,0.17697349999999998,0.2671626,-0.2217844,0.21016210000000002
311,17:16:39.269 PM,0.1435249,0.04718523,0.1706185,0.12780070000000002,0.06563139999999999,0.15454579999999998,0.11282180000000001,0.07603322,0.14642560000000002,0.11167629999999999,0.07681133,0.19525720000000002,0.08913033,0.05590345,0.1753183,0.1016314,0.03950919,0.1755069,0.1146019,0.03535388,0.1806937,0.1032425,0.07161237,0.2127232,0.08344141,0.04851954,0.18506270000000002,0.10060380000000001,0.03148459,0.1869699,0.1142798,0.02842088,0.1947499,0.09768479,0.06088431,0.2295022,0.07971627,0.04171543,0.20189400000000002,0.09648126,0.02507423,0.2025109,0.1099471,0.02188383,0.2104165,0.09197050000000001,0.04744886,0.2423208,0.07736763,0.03746818,0.21788979999999997,0.08883836,0.02551793,0.21589899999999998,0.1011528,0.02067162,0.222306,0.11474649999999999,0.05148236,0.2148417,0.1572386,-0.001061723,0.2268859,0.154823,0.0153565,0.2007962,0.2684871,-0.21706199999999998,0.19544820000000002,0.1722943,-0.0045186409999999995,0.2084555,0.1533076,-0.01920483,0.24217260000000002,0.2779804,-0.20971889999999999,0.1785896,0.2589937,-0.2244051,0.2123067
312,17:16:39.314 PM,0.1371761,0.04608245,0.1683775,0.12017639999999999,0.06392168,0.1529295,0.105027,0.07409059,0.14482979999999998,0.1074181,0.07514806,0.192188,0.08418857,0.05516706,0.1720846,0.09641439,0.03857766,0.171452,0.1094248,0.03404851,0.1762085,0.09907468,0.06965207,0.20960610000000002,0.07953710000000001,0.04658253,0.18173979999999998,0.09696244,0.02978985,0.18339629999999998,0.1107108,0.02682273,0.1910861,0.09374037,0.058701199999999995,0.22631350000000003,0.07600722,0.03953399,0.1985526,0.09305134,0.02317144,0.1989368,0.1066135,0.01998805,0.206679,0.08832268,0.04506199,0.23904539999999996,0.07378716,0.03510438,0.21456509999999998,0.08544677,0.02336924,0.2123992,0.09786829,0.01864441,0.2186893,0.1110531,0.04979159,0.21164000000000002,0.1544567,-0.0020115520000000002,0.2237993,0.15201289999999998,0.01471332,0.1974866,0.2630455,-0.22022750000000002,0.1990554,0.1696927,-0.006125146999999999,0.20565389999999997,0.1500796,-0.01971955,0.23947020000000002,0.2728521,-0.2134303,0.18214729999999998,0.253239,-0.22702470000000002,0.2159636
313,17:16:39.356 PM,0.1325967,0.0440589,0.16847379999999998,0.116129,0.06178565,0.1523362,0.1008362,0.07167698,0.14416170000000003,0.1036942,0.07382978,0.19298320000000002,0.08046627,0.05332042,0.17341679999999998,0.09203111,0.03629495,0.1722058,0.104952,0.03099306,0.1763699,0.09567308,0.0684302,0.2105821,0.07630594,0.04480441,0.183065,0.0930677,0.02748607,0.1856057,0.10652339999999999,0.024354,0.1937156,0.0906648,0.05757977,0.22745520000000002,0.07284666,0.03784867,0.2001471,0.09008111,0.02168737,0.2005526,0.10376569999999999,0.0187483,0.20817489999999997,0.08551189,0.04401316,0.24037329999999998,0.07093222,0.03348415,0.2161596,0.08274198,0.02188514,0.2140757,0.09525759,0.01758496,0.22048270000000003,0.1077455,0.04861937,0.21254250000000002,0.1515976,-0.002912611,0.22444940000000002,0.1485582,0.0135639,0.1979161,0.26289840000000003,-0.22011779999999997,0.2031105,0.1667188,-0.007192726,0.2062466,0.1476066,-0.02035302,0.2405183,0.27245440000000004,-0.2135377,0.18597470000000002,0.25334229999999996,-0.226698,0.22024639999999998
314,17:16:39.392 PM,0.1293108,0.04290248,0.17023770000000002,0.1135661,0.06083103,0.15360810000000003,0.09841867,0.0707735,0.1452269,0.1009688,0.07301839,0.195828,0.07822013,0.05214159,0.1760877,0.08964399,0.03504448,0.1745807,0.1025308,0.02954204,0.1785882,0.09304482,0.06737651,0.2133949,0.07409739,0.04379015,0.18555339999999998,0.09002657,0.02578063,0.1887625,0.10308160000000001,0.02208431,0.1972981,0.08812283,0.05629136,0.2301403,0.07055066,0.036573400000000006,0.202664,0.08788353,0.02051441,0.2029146,0.1015832,0.0176331,0.2105322,0.08302966,0.04254718,0.2428933,0.06859760000000001,0.03207938,0.218565,0.08051088,0.02059759,0.21642170000000002,0.09303235,0.01645045,0.2229176,0.1051048,0.0475262,0.2150005,0.1492162,-0.004041448,0.2259635,0.1457888,0.01263796,0.1996336,0.2670663,-0.2175061,0.20218010000000003,0.16445,-0.007656262,0.2077105,0.1457674,-0.0217731,0.2418382,0.27640770000000003,-0.21044770000000004,0.1851162,0.257725,-0.2245645,0.2192439
315,17:16:39.421 PM,0.1275628,0.0419739,0.172555,0.11210360000000001,0.06005646,0.15582449999999998,0.09667025,0.06978361,0.1477166,0.09981558,0.07245578,0.1987335,0.07705237,0.05206965,0.1785028,0.08832896,0.03488468,0.1768896,0.1011255,0.029219400000000003,0.1809593,0.09173354,0.06660886,0.21616079999999996,0.07293423,0.04343201,0.1878783,0.08880783,0.02537252,0.1910822,0.1017694,0.02158056,0.1997178,0.08660801,0.05530466,0.2326976,0.06919932,0.03602563,0.20480860000000004,0.08649061,0.01992212,0.2050779,0.1000971,0.01692159,0.21281550000000002,0.08131097,0.04140706,0.24519899999999997,0.0670791,0.03131483,0.22059539999999997,0.07896145,0.01980574,0.2184268,0.09139656,0.01552437,0.2250011,0.10359990000000001,0.04662378,0.2175203,0.14735620000000002,-0.005384639,0.22792929999999997,0.1440526,0.01160686,0.2018385,0.26862509999999995,-0.2166348,0.2016721,0.1627964,-0.008468293,0.20975229999999997,0.14404289999999997,-0.023426,0.2434806,0.2780018,-0.20915589999999998,0.184808,0.2592483,-0.22411370000000003,0.2185362
316,17:16:39.452 PM,0.1274149,0.04068901,0.17446029999999998,0.1119058,0.05866127,0.1576575,0.09638602,0.0682648,0.1495673,0.09943331,0.07151245,0.1999901,0.07652239999999999,0.05142476,0.1796283,0.08783351,0.03423814,0.1783023,0.1006063,0.02871634,0.1826342,0.0910596,0.06587325,0.217348,0.07222178,0.04289432,0.18893,0.08801094,0.02486531,0.1926759,0.10080089999999998,0.02133007,0.2016686,0.08560506,0.05474387,0.233898,0.06824566,0.03556029,0.2059127,0.08533651,0.01925154,0.206465,0.09883839999999999,0.01597892,0.21427480000000002,0.08001124,0.0409915,0.2464306,0.06598773,0.03087793,0.22171639999999998,0.07777716,0.01923354,0.2197756,0.09009825,0.01478265,0.2264511,0.1027254,0.0457945,0.21902420000000003,0.145972,-0.006436691,0.23033070000000003,0.1430729,0.01029812,0.204172,0.2683162,-0.2171341,0.2046331,0.16159089999999998,-0.009410474,0.21228870000000002,0.1425874,-0.02453265,0.24580300000000002,0.277818,-0.2095731,0.187876,0.2588145,-0.2246952,0.22139029999999998
317,17:16:39.481 PM,0.12763319999999997,0.04028575,0.1754844,0.1117859,0.05825733,0.15899929999999998,0.09631097,0.06797235,0.1509563,0.0989922,0.07069819,0.2000719,0.07576116,0.05091931,0.1797705,0.08737335,0.03390814,0.17884129999999998,0.1002173,0.02879553,0.1834566,0.09050407,0.06523465,0.21743049999999997,0.07085218,0.0424843,0.1893822,0.08806778,0.02548106,0.1910834,0.10172080000000001,0.02249672,0.1989346,0.08494386,0.05427475,0.23405839999999997,0.06719603,0.03528918,0.2061819,0.08424352,0.018927799999999998,0.20644570000000004,0.0978555,0.01534252,0.21392020000000003,0.07927329,0.04065003,0.24669560000000001,0.06508843,0.03061394,0.2220419,0.07675644,0.01884763,0.2201022,0.08907902,0.01407894,0.2265518,0.1021704,0.04518227,0.2193953,0.1453086,-0.0069437330000000005,0.2315585,0.1426394,0.009560019,0.20518850000000002,0.26628709999999994,-0.2188201,0.2093178,0.1610325,-0.01025186,0.2136665,0.1416826,-0.02482324,0.2472265,0.2759621,-0.2115344,0.19253779999999998,0.2566122,-0.2261058,0.22609780000000002
318,17:16:39.511 PM,0.1277547,0.0397072,0.17604460000000002,0.1119933,0.05788736,0.1597064,0.09677278,0.0679218,0.15157,0.09870939,0.06986,0.19944460000000003,0.07501273,0.05051933,0.179259,0.08655379,0.03344898,0.1785557,0.09936601,0.02836503,0.1832894,0.090074,0.0646738,0.21681570000000003,0.07000723,0.04214107,0.1888855,0.08692606,0.02484889,0.19065179999999998,0.1005321,0.02165531,0.1985025,0.08434653,0.05396871,0.23355259999999997,0.0663942,0.03505333,0.20575929999999998,0.08307648,0.01832215,0.2063448,0.09656344,0.01438254,0.213871,0.07852472,0.04054455,0.246335,0.06417879,0.03054042,0.2217616,0.07568074,0.01860051,0.2198913,0.08796865,0.01344353,0.22610479999999997,0.1016346,0.04459842,0.21913870000000002,0.1443954,-0.00757432,0.2323788,0.1420401,0.008603469,0.20571109999999998,0.263393,-0.220967,0.2143027,0.16021110000000002,-0.01131742,0.21465399999999998,0.14047939999999998,-0.02517048,0.24829589999999999,0.2732589,-0.2140404,0.19748179999999999,0.2535272,-0.2278935,0.23112370000000002
319,17:16:39.540 PM,0.1271789,0.03918688,0.1757154,0.1113586,0.0574321,0.15950720000000002,0.09637361,0.06772842,0.1512624,0.09750807,0.06877725,0.1980386,0.0735243,0.04918958,0.17843979999999998,0.08462824,0.0318401,0.1775606,0.09750073,0.02686466,0.1822447,0.08902360000000001,0.06390731,0.2155745,0.06921872,0.040356199999999995,0.1883081,0.08612645,0.02305977,0.1901355,0.09973235,0.02083857,0.1983142,0.08348402,0.05352755,0.232577,0.06569574,0.03369553,0.2053245,0.08256014,0.01717396,0.20631359999999999,0.09603816,0.01412062,0.214243,0.07784501,0.04034276,0.24568579999999998,0.06343631,0.02968116,0.22142889999999998,0.07502328,0.01779522,0.219754,0.08739223,0.0128255,0.2259563,0.1007485,0.04397283,0.21825660000000002,0.1439424,-0.007623225,0.23228379999999998,0.1413345,0.007991835,0.20534760000000002,0.2630292,-0.2212147,0.2174893,0.1596255,-0.01169909,0.2145147,0.14016800000000001,-0.024906499999999998,0.2485734,0.272758,-0.21461100000000002,0.20046,0.2533005,-0.22781839999999998,0.23451860000000002
320,17:16:39.568 PM,0.1271586,0.0387782,0.174474,0.11192919999999999,0.05714156,0.15783870000000003,0.09750583,0.0677705,0.149033,0.09680352,0.06812651,0.19528589999999998,0.07273574,0.04846023,0.175869,0.08287678,0.03054617,0.1747098,0.09533128,0.02422594,0.1788762,0.08813658,0.06362872,0.2128322,0.06948755,0.03865178,0.1860205,0.08642413,0.02145486,0.1884293,0.09999939,0.01899914,0.1965924,0.08243614,0.05361958,0.23000320000000002,0.0656618,0.03249748,0.20307679999999997,0.08281202,0.01635845,0.2050236,0.09596927,0.01485476,0.21389210000000003,0.07668808,0.04071759,0.24334429999999999,0.0631053,0.028924599999999998,0.21913310000000003,0.07496230000000001,0.01722746,0.2181621,0.08722787,0.01302512,0.2250967,0.09988777,0.04379661,0.2160969,0.14311179999999998,-0.007305488000000001,0.2316976,0.1407195,0.0076588540000000005,0.2044621,0.2641279,-0.22005479999999997,0.22095900000000002,0.15896300000000002,-0.01150761,0.214108,0.1393623,-0.02437829,0.2482134,0.2739282,-0.2136194,0.20390629999999998,0.2543275,-0.22649009999999997,0.23801170000000002
321,17:16:39.598 PM,0.126853,0.03920873,0.1728874,0.11182980000000001,0.05772518,0.1562346,0.09782846,0.06866239,0.1471307,0.09634416,0.06817789,0.1923493,0.07129437,0.04981978,0.172897,0.07951367,0.03106262,0.17053220000000002,0.09109391,0.02277215,0.1736023,0.08747431,0.06386729,0.20984099999999997,0.07014251,0.03767671,0.1833055,0.08725335,0.02075689,0.1863585,0.1007528,0.01824088,0.1946281,0.08158503,0.05404703,0.2270573,0.06603179,0.03179686,0.20030799999999999,0.08342633,0.01603992,0.2030499,0.09643209,0.01485527,0.2121853,0.07569939,0.04128958,0.2404772,0.06298929,0.02863915,0.2162257,0.07509312,0.017162900000000002,0.215852,0.08722498,0.01351587,0.22331489999999998,0.09922031,0.04409687,0.21347710000000003,0.1423636,-0.006730855,0.23015120000000003,0.140253,0.007904679,0.202755,0.2642997,-0.21909810000000002,0.22281959999999998,0.1584212,-0.01104283,0.21277670000000004,0.1384997,-0.02365561,0.24679250000000003,0.2742605,-0.2127917,0.20581170000000001,0.254339,-0.2254045,0.2398275
322,17:16:39.627 PM,0.1263616,0.03920288,0.17136120000000002,0.1116162,0.05785494,0.15461170000000002,0.09783083,0.06894819,0.145368,0.09642251,0.06846808,0.18998900000000002,0.07068475,0.05188577,0.1698498,0.07692283,0.03241275,0.1672155,0.08726875,0.02253948,0.1700201,0.08729198,0.06432499,0.20738679999999998,0.07006257,0.03816079,0.18075870000000002,0.08691365,0.02102248,0.18402960000000002,0.10028610000000002,0.01837464,0.1924626,0.08109012,0.0546418,0.22457080000000001,0.06585992,0.03223585,0.197765,0.08310346,0.01637985,0.2008677,0.09592298,0.01534261,0.21028000000000002,0.07491010000000001,0.04200439,0.2379717,0.06259447,0.02915938,0.2136188,0.07466704,0.01764412,0.21357070000000003,0.08666146,0.01398988,0.2212492,0.09879374,0.04445572,0.21125700000000003,0.14127720000000002,-0.0066812930000000005,0.2286499,0.1395942,0.007810101,0.2012104,0.262928,-0.2192527,0.22261199999999998,0.1575059,-0.01102321,0.2114428,0.1372136,-0.02359652,0.24525329999999998,0.27307420000000004,-0.21296610000000002,0.2057067,0.2527818,-0.22553939999999997,0.2395173
323,17:16:39.656 PM,0.125835,0.03990148,0.16968429999999998,0.11098050000000001,0.05866884,0.1531614,0.09706143,0.06975798,0.1441151,0.09632116,0.06928508,0.1886141,0.07049806,0.05368139,0.16781189999999999,0.07595025,0.0340053,0.16494620000000002,0.08588683,0.023735,0.1678086,0.08706976,0.06495486,0.20590219999999998,0.06972989,0.03936444,0.1787922,0.08648109,0.0221063,0.1819442,0.09971728,0.01991887,0.1907178,0.08071560000000001,0.05507062,0.22291529999999998,0.06519812,0.033413599999999995,0.19566240000000001,0.08231955,0.01739798,0.1986186,0.09516866,0.01578955,0.2079098,0.07438698,0.04228501,0.23610479999999998,0.06194621,0.03003706,0.21150909999999998,0.0738822,0.01838277,0.211259,0.08586868,0.01421171,0.2186828,0.09843297,0.04496555,0.20955820000000003,0.1405235,-0.006645471,0.2266192,0.1390729,0.00822106,0.19922579999999998,0.2611091,-0.2198636,0.22223289999999998,0.1569543,-0.01107879,0.2096285,0.1361513,-0.02353396,0.24317139999999998,0.2715106,-0.21363600000000002,0.20546140000000002,0.2507076,-0.22609120000000002,0.23900429999999998
324,17:16:39.686 PM,0.1250952,0.04117815,0.16774460000000002,0.10976480000000001,0.05970772,0.1513891,0.09540123,0.07043414,0.1426046,0.09593252,0.07063286,0.18687910000000002,0.07020952,0.05576654,0.165424,0.07506726,0.03595696,0.1624154,0.08489316,0.02568527,0.165632,0.08657458,0.06610246,0.20405810000000002,0.06923778,0.04098047,0.1765119,0.085857,0.02354495,0.1793729,0.09894416,0.02190571,0.1884828,0.08013218,0.05602959999999999,0.22092670000000003,0.06466858,0.03478943,0.1933177,0.08174645,0.01869743,0.19610629999999998,0.09461988,0.01666136,0.205279,0.07375044,0.04309393,0.23394310000000001,0.06134111,0.03123267,0.209143,0.07324771,0.0195521,0.2087556,0.08524147,0.01502298,0.21595419999999999,0.09797155,0.04611059,0.2075926,0.1401086,-0.005524635,0.22456199999999998,0.1387911,0.009589717,0.1971755,0.26190990000000003,-0.21808089999999997,0.22207939999999998,0.1567878,-0.00989019,0.2077973,0.1356096,-0.02241471,0.2410786,0.272499,-0.2118187,0.2054388,0.2513208,-0.22434320000000002,0.2387201
325,17:16:39.714 PM,0.12381389999999999,0.04241855,0.1668113,0.10766500000000001,0.06045632,0.15069570000000002,0.09268595,0.07060541,0.1422606,0.09514727,0.07191516,0.186506,0.06951524,0.05740727,0.16469879999999998,0.07400867,0.03756504,0.161355,0.08364017,0.02707253,0.1644447,0.08584692,0.06709467,0.2036373,0.06876711,0.042094900000000005,0.1758204,0.08551098,0.02473386,0.1783924,0.0986672,0.02286534,0.18735770000000002,0.07951982,0.05676638,0.2203947,0.06429800000000001,0.03564478,0.19256099999999998,0.08155653,0.01971839,0.1951826,0.09439284,0.01798131,0.2044681,0.07328116,0.04361941,0.23326799999999998,0.06118839,0.03170703,0.2083362,0.07329132,0.02023067,0.20793320000000004,0.08533259,0.01582114,0.2151266,0.09745455,0.04718496,0.2069422,0.1401532,-0.004171163,0.223462,0.1386483,0.01121296,0.1960979,0.26451020000000003,-0.2152547,0.222458,0.1570072,-0.00838034,0.20683270000000004,0.1357349,-0.02107034,0.23999099999999998,0.27514629999999995,-0.20890970000000003,0.2058788,0.253874,-0.22159970000000004,0.23903720000000003
326,17:16:39.746 PM,0.1219297,0.04245733,0.16809200000000002,0.1049002,0.0598786,0.1522058,0.0892544,0.06930007,0.14414449999999998,0.09361158,0.07186268,0.18829210000000002,0.06841207,0.05684955,0.166324,0.07353423,0.03717171,0.1629145,0.08340676,0.02687989,0.16591760000000003,0.08437046,0.0666893,0.2053524,0.06775959,0.04172228,0.17722420000000003,0.08477132,0.02459531,0.179601,0.09789714,0.02307878,0.1886764,0.07819184,0.05606173,0.2219776,0.06339857,0.03498231,0.19388239999999998,0.08092649,0.01933105,0.1963705,0.09387418,0.01731004,0.2054413,0.07215182,0.04266365,0.23468560000000002,0.06018133,0.03094943,0.2096015,0.07243344,0.01964019,0.20901999999999998,0.08455168,0.01523493,0.21608579999999997,0.09629507,0.04693203,0.2084369,0.1398169,-0.003896847,0.2245085,0.13807850000000002,0.01176223,0.197223,0.2683749,-0.21244829999999998,0.22356529999999997,0.1568568,-0.007708151999999999,0.207973,0.13563270000000002,-0.02094068,0.24094970000000002,0.278987,-0.20583200000000001,0.20707689999999998,0.2577629,-0.2190645,0.2400536
327,17:16:39.776 PM,0.12381120000000001,0.04152478,0.17310029999999998,0.10778499999999999,0.05904154,0.1563013,0.09254723,0.06832759,0.14735009999999998,0.09542947,0.07185413,0.1930512,0.07202635,0.0566697,0.16928629999999997,0.07857515,0.03771208,0.16450979999999998,0.08900627,0.02781783,0.166898,0.08457822,0.06606324,0.20892399999999997,0.07046313,0.04258622,0.1782628,0.08688987,0.02500339,0.1813271,0.09925104,0.02204476,0.19109489999999998,0.07671478,0.05477698,0.2243616,0.06458238,0.03504594,0.1940951,0.08139609,0.01870911,0.1970606,0.0933873,0.01607795,0.2072244,0.06929487,0.04091354,0.2357741,0.06034463,0.02986588,0.20917329999999998,0.07251737,0.01845707,0.20930259999999998,0.08365637,0.01425943,0.21793339999999997,0.09580424,0.04590847,0.212058,0.136891,-0.006502150999999999,0.2295617,0.13777709999999999,0.01037754,0.2028729,0.266567,-0.2143165,0.2339984,0.1555345,-0.009627484,0.21469670000000002,0.1312151,-0.02415825,0.24487029999999999,0.27872670000000005,-0.2070511,0.2189116,0.2544073,-0.2215819,0.24908520000000003
328,17:16:39.808 PM,0.1277903,0.03977026,0.1827802,0.1133818,0.05805187,0.1653437,0.09875717,0.06753717,0.1556128,0.0989002,0.07090254,0.2032935,0.07902595,0.05699645,0.1758316,0.08703721,0.03836291,0.1721365,0.097458,0.02914871,0.1764828,0.08613893,0.064348,0.21733829999999998,0.07476082,0.04403605,0.1834594,0.09003606,0.02545799,0.1866037,0.1011874,0.02082236,0.19714179999999998,0.07620317,0.05222489,0.23081639999999998,0.066879,0.03552429,0.1978601,0.08244376,0.01794685,0.2005306,0.09320747,0.01370388,0.21148899999999998,0.0670715,0.03783692,0.2401405,0.06083215,0.02931289,0.21189539999999998,0.07231953,0.01721661,0.21164850000000002,0.08232409,0.0117249,0.2209163,0.09623545,0.04353593,0.21997310000000003,0.133458,-0.01166146,0.2378404,0.13771589999999997,0.007043943,0.2124759,0.2595522,-0.2213127,0.25081820000000005,0.15390079999999998,-0.014445600000000001,0.22548520000000002,0.1256247,-0.02984244,0.2514933,0.2736902,-0.2136143,0.2378141,0.2454141,-0.2290111,0.2638222
329,17:16:39.841 PM,0.1347155,0.04085602,0.1976611,0.1220981,0.05999969,0.17976199999999998,0.1081389,0.06942768,0.169044,0.103573,0.07092525,0.218969,0.08848124,0.05970825,0.18748299999999998,0.09778068,0.04165871,0.1838935,0.10768989999999999,0.03242706,0.1892816,0.08901001,0.06282876,0.23020079999999998,0.08203454,0.04767282,0.19258720000000001,0.09635452,0.02822588,0.1948906,0.1060325,0.02128004,0.20563520000000002,0.07738718,0.04925264,0.24062729999999996,0.07302693,0.03656904,0.20492449999999998,0.08819083,0.0186107,0.2073629,0.09756537,0.01253642,0.21874050000000003,0.06717668,0.03390945,0.24681720000000001,0.06491729,0.02898239,0.2171246,0.07637001,0.01686303,0.2165612,0.08521729,0.009936213000000001,0.2260521,0.09886359,0.04179417,0.2318011,0.1336835,-0.01538685,0.2483667,0.14141099999999998,0.006217286,0.22607689999999997,0.25938920000000004,-0.2253726,0.2596194,0.1558934,-0.01686912,0.2392672,0.12404420000000001,-0.03490315,0.25859139999999997,0.2753138,-0.2163556,0.2499574,0.2434645,-0.23438960000000003,0.2692814
330,17:16:39.870 PM,0.1439809,0.04602589,0.2149085,0.13371670000000002,0.06718381,0.1977991,0.1212781,0.07778813,0.18633970000000002,0.11029449999999999,0.07359450000000001,0.2382685,0.1005824,0.0679044,0.2034039,0.11090719999999998,0.05062728,0.198936,0.1200243,0.04066239,0.20441070000000003,0.09435374,0.0638112,0.24556060000000002,0.09249823,0.05768637,0.20496060000000002,0.1049009,0.03684665,0.20454879999999998,0.1124171,0.02646188,0.21416710000000003,0.08153665,0.04874639,0.2515638,0.08151775,0.04417105,0.21373979999999998,0.09637289,0.02579801,0.2134587,0.10474380000000001,0.01668637,0.2234989,0.07078742,0.03266834,0.2533568,0.07206412,0.03417881,0.22326959999999998,0.08359282,0.02229197,0.2212381,0.09162973,0.01309772,0.22942270000000003,0.10421889999999999,0.04273234,0.24495429999999996,0.1371228,-0.01675317,0.2568207,0.1477453,0.008293271,0.23967159999999998,0.2613834,-0.227883,0.2590331,0.16053689999999998,-0.01724516,0.25135589999999997,0.1261348,-0.03737415,0.2625067,0.27858449999999996,-0.2178185,0.2534577,0.2441823,-0.2379474,0.2646085
331,17:16:39.899 PM,0.1555509,0.04820649,0.2378163,0.14927390000000001,0.07174782,0.2219062,0.1393871,0.08427887,0.20989870000000002,0.12039189999999998,0.0755242,0.2609126,0.11669829999999999,0.07669161,0.22444760000000002,0.1266967,0.05947287,0.21909210000000004,0.1340714,0.04800259,0.22425479999999998,0.1027964,0.06618289999999999,0.2635571,0.10684729999999999,0.06834771,0.2226783,0.11896910000000001,0.04757337,0.219533,0.1250888,0.03494634,0.22729270000000001,0.08819227,0.05156283,0.26461799999999996,0.09372398,0.05465962,0.22701590000000002,0.10755410000000001,0.03566529,0.22448070000000003,0.1142214,0.02374528,0.23271079999999997,0.07634702,0.03640939,0.2617851,0.08224881,0.0437635,0.23311550000000003,0.09330555,0.03165783,0.2300181,0.09987018,0.02020724,0.2365134,0.1113306,0.04464777,0.26118589999999997,0.1379737,-0.01856057,0.2686635,0.15297439999999998,0.007694408000000001,0.2579649,0.25583049999999996,-0.23313240000000002,0.2587295,0.16198379999999998,-0.01930582,0.26757179999999997,0.12574929999999998,-0.03927252,0.2687617,0.2739477,-0.2231491,0.2581345,0.2377133,-0.2431158,0.2593244
332,17:16:39.929 PM,0.1659029,0.04554541,0.27294850000000004,0.1679233,0.07239409,0.26201199999999997,0.16415539999999998,0.08889858,0.2514529,0.12981700000000002,0.0744359,0.29264759999999995,0.13611879999999998,0.08507971,0.258166,0.1442153,0.06780122,0.2503709,0.1479055,0.05410402,0.2536819,0.11108239999999998,0.06835167,0.2887818,0.1253589,0.07890345,0.2517098,0.136356,0.05811448,0.2457938,0.13955710000000002,0.0432841,0.2509439,0.0949038,0.05689774,0.28293140000000006,0.1096145,0.06731899,0.2493645,0.1226681,0.04812483,0.24496210000000002,0.12681330000000002,0.03390105,0.2508184,0.08234818,0.04511394,0.2739502,0.09581268,0.05733739,0.24989679999999997,0.10675810000000001,0.04526667,0.24631710000000004,0.1113397,0.03202559,0.2507623,0.11689400000000001,0.04640155,0.2836597,0.13224460000000002,-0.0207644,0.2830572,0.1522942,0.0033656059999999997,0.28214240000000007,0.23134929999999998,-0.2438399,0.2623601,0.15547460000000002,-0.02436768,0.288128,0.11892509999999999,-0.03946867,0.2759167,0.24962399999999998,-0.23628939999999998,0.2684658,0.2130746,-0.2513904,0.2562545
333,17:16:39.957 PM,0.1718401,0.04376732,0.2961656,0.1772611,0.07174931,0.2904219,0.1752019,0.09001006,0.28262929999999997,0.13505479999999997,0.07295527,0.3156361,0.1396819,0.09786718,0.2892584,0.1462943,0.09155957,0.2709057,0.1507865,0.08241464,0.2606965,0.1160246,0.06838585,0.31114749999999997,0.1253565,0.09489287,0.2812725,0.1372844,0.08395602,0.26335240000000004,0.14353039999999997,0.07053699,0.2574494,0.09925666,0.05856542,0.30408779999999996,0.1074153,0.08330418,0.2763974,0.1215346,0.07315148,0.2605641,0.1294011,0.06007899,0.2562368,0.08610156,0.04856358,0.29387440000000004,0.09326465,0.07000448,0.27400209999999997,0.10551869999999999,0.06438227,0.26430590000000004,0.1147765,0.05363683,0.2607175,0.12063010000000002,0.04684682,0.3036171,0.1325344,-0.02053106,0.29565240000000004,0.1535967,0.0023388560000000003,0.29729120000000003,0.2248618,-0.24365820000000005,0.2543058,0.15557910000000003,-0.02535335,0.30055149999999997,0.11872239999999999,-0.03802148,0.2866187,0.2432902,-0.2373241,0.2612721,0.2064335,-0.24999229999999997,0.2473394
334,17:16:39.988 PM,0.1776848,0.03891097,0.3230774,0.18418210000000002,0.06692795,0.3271934,0.1812602,0.08653368,0.32507600000000003,0.13576459999999999,0.06145339,0.34763130000000003,0.1360719,0.09765531,0.3510311,0.1388645,0.1161737,0.34328059999999994,0.14180820000000002,0.1266062,0.3338977,0.11694739999999999,0.05699317,0.3422357,0.11168139999999999,0.09739952,0.34388470000000004,0.11704880000000001,0.11626569999999999,0.3302426,0.12435139999999999,0.11819489999999998,0.31637220000000005,0.1006427,0.04836492,0.332899,0.09093667,0.08493204,0.3316111,0.09423988,0.104599,0.31934309999999994,0.1023109,0.10917539999999999,0.3065619,0.08786311,0.04067992,0.3204514,0.07514749,0.06763978,0.3178414,0.07662991,0.08191471,0.3099538,0.08458601,0.08910207,0.30027,0.12267629999999999,0.03874396,0.32900799999999997,0.13811089999999998,-0.02374175,0.30439340000000004,0.158158,0.0001165122,0.31032109999999996,0.23308720000000002,-0.2416686,0.24520370000000002,0.1610749,-0.02885357,0.3093712,0.12464449999999999,-0.04042263,0.2934965,0.2513024,-0.23588409999999999,0.2531411,0.21487199999999998,-0.24745309999999998,0.2372663
335,17:16:40.016 PM,0.18056860000000002,0.02710469,0.34343029999999997,0.1905749,0.05185278,0.3549203,0.18961660000000002,0.07117094,0.3597659,0.1398297,0.04343276,0.3775153,0.1401162,0.06906961,0.4035446,0.1407136,0.08639874,0.41456679999999996,0.1416084,0.1006987,0.41702849999999997,0.12047060000000001,0.03919105,0.37429229999999997,0.1098402,0.06726478,0.40217329999999996,0.1054969,0.08845650000000001,0.41275909999999993,0.106245,0.10391210000000001,0.40936350000000005,0.10301010000000001,0.03199573,0.3658788,0.08677817,0.058389199999999995,0.3878472,0.08050381,0.08033971,0.3931091,0.08185366,0.09467815,0.3867516,0.08846963,0.02667357,0.35415,0.0677273,0.04434247,0.3669182,0.05886519999999999,0.05799653,0.37028320000000003,0.05606064,0.07216762,0.3679832,0.12427819999999999,0.024974,0.3562695,0.137146,-0.02986869,0.3167958,0.1569411,-0.00584282,0.3232777,0.23411880000000002,-0.2412984,0.2399323,0.1607097,-0.03408509,0.31908569999999997,0.1232796,-0.04679526,0.3068195,0.2528338,-0.2349433,0.2460654,0.2154038,-0.2476535,0.2337992
336,17:16:40.045 PM,0.1806335,0.005359381,0.36473259999999996,0.1944027,0.02552556,0.38053459999999995,0.1970252,0.04261132,0.3905258,0.143691,0.01595233,0.405326,0.147483,0.02697916,0.44007570000000007,0.14978039999999998,0.03775503,0.457506,0.1513882,0.04949979,0.4659894,0.12401110000000001,0.01226835,0.4037912,0.1168895,0.02333994,0.44275059999999994,0.1133183,0.03506739,0.4636871,0.11210830000000001,0.04817455,0.4728476,0.1055115,0.006769255,0.39637140000000004,0.09238891,0.01896344,0.4300191,0.08541375,0.03324346,0.4475135,0.08268905,0.04759465,0.45390559999999996,0.08951938,0.0038094820000000003,0.3857415,0.06922065,0.01184615,0.4065591,0.05909158,0.02106528,0.4160906,0.05277161,0.03342284,0.4209516,0.12528319999999998,0.002059057,0.38290409999999997,0.1327875,-0.04435214,0.3330175,0.1530234,-0.02107385,0.3404283,0.22868049999999998,-0.2505194,0.2417891,0.15655750000000002,-0.04798732,0.3333204,0.1186068,-0.06133369,0.3235918,0.2476558,-0.24384619999999999,0.24665340000000002,0.2097052,-0.2571926,0.2369248
337,17:16:40.076 PM,0.18043389999999998,-0.01249044,0.38510570000000005,0.19591820000000001,0.0027228440000000003,0.4044523,0.2012533,0.01590626,0.4184518,0.1466772,-0.01109859,0.4291643,0.15280339999999998,-0.009538114,0.4652554,0.1560705,-0.002697259,0.4844274,0.15812400000000001,0.005338475,0.496406,0.12702280000000002,-0.01515383,0.42849079999999995,0.1231018,-0.01502241,0.4694076,0.12114870000000001,-0.008560866,0.4927027,0.12022870000000001,-6.1839819999999995e-06,0.5062186,0.1080406,-0.01958843,0.42159719999999995,0.09779171,-0.01618072,0.4581429,0.09241773,-0.004863396,0.478178,0.08967689,0.006572619,0.4889269,0.09120639999999999,-0.02071956,0.4119651,0.0729813,-0.02012959,0.4359763,0.06382836,-0.01352121,0.44825640000000005,0.05754464,-0.003409058,0.4568793,0.126584,-0.02028564,0.4057937,0.1307133,-0.055222,0.3473309,0.1507807,-0.03197873,0.356968,0.22350770000000003,-0.25501779999999996,0.24016710000000002,0.15450350000000002,-0.05842856,0.34591020000000006,0.1162026,-0.07199503,0.33803520000000004,0.24265820000000005,-0.2482346,0.24410460000000003,0.2043573,-0.2618011,0.23622960000000004
338,17:16:40.106 PM,0.1800744,-0.02827363,0.3993516,0.1961012,-0.01629615,0.4204608,0.2007563,-0.005154818,0.4363595,0.147202,-0.03187628,0.4445198,0.1545086,-0.03274308,0.48042109999999993,0.1580635,-0.02547984,0.49938679999999996,0.1600326,-0.01666595,0.5108258,0.1275762,-0.03609748,0.44404129999999997,0.1244094,-0.03849405,0.48496459999999997,0.12286789999999999,-0.03162754,0.5081779000000001,0.1221057,-0.02312893,0.5217484,0.10837519999999999,-0.03980832,0.4373277,0.09824122,-0.03882940000000001,0.4740549,0.09304119999999999,-0.0276712,0.49422510000000003,0.0905707,-0.01584417,0.5046189,0.09117728,-0.03982939,0.4282874,0.07449202,-0.04211242,0.4533103,0.06662232,-0.03562424,0.4665138,0.0619818,-0.02500135,0.475559,0.12627370000000002,-0.03799054,0.42087209999999997,0.1287205,-0.06464522,0.3582781,0.1485989,-0.04232629,0.3699657,0.22570259999999998,-0.2522213,0.2340393,0.15256889999999998,-0.06694223,0.3562052,0.1145703,-0.08110581,0.3479271,0.2447018,-0.2451396,0.23817829999999998,0.20670329999999998,-0.2593032,0.2299002
339,17:16:40.139 PM,0.1777417,-0.0410247,0.4096194,0.1944125,-0.0311707,0.4313183,0.1990935,-0.02163012,0.4482178,0.1465683,-0.04819316,0.4558207,0.1564267,-0.04679334,0.49108859999999993,0.16086570000000003,-0.03768563,0.5090439999999999,0.1630692,-0.02759334,0.5193222,0.1270169,-0.05277126,0.4558457,0.1266096,-0.05386476,0.49694390000000005,0.12655750000000002,-0.04632342,0.5199975,0.1266452,-0.03671816,0.5328285,0.10758689999999999,-0.05626197,0.4496969,0.09899493,-0.05561894,0.4868223,0.09445857,-0.04587495,0.5078661,0.09242468,-0.03411996,0.5184345,0.0899848,-0.05582379,0.4414838,0.07488210000000001,-0.05825689,0.46747829999999996,0.06804335,-0.051902,0.48130559999999994,0.06435613,-0.04125571,0.49075219999999997,0.1246558,-0.05256468,0.4326851,0.12502560000000001,-0.07358742,0.3680988,0.1446262,-0.05174795,0.3806381,0.2274069,-0.24960970000000002,0.23188560000000003,0.1488981,-0.07466842,0.3654072,0.1113913,-0.09010863,0.35716909999999996,0.24616020000000002,-0.2418896,0.23600460000000004,0.2086535,-0.2573298,0.2277666
340,17:16:40.175 PM,0.1760495,-0.0453625,0.4144594,0.19202850000000002,-0.0351436,0.4365076,0.1962095,-0.02563222,0.4535545,0.14538120000000002,-0.05472054,0.4607848,0.1558424,-0.0501724,0.4956122,0.1605252,-0.04056959,0.5132458,0.1626848,-0.02999382,0.5230385000000001,0.1258963,-0.05957393,0.4608209,0.1263124,-0.05695830000000001,0.5018516,0.1266216,-0.04823302,0.5244824,0.1268509,-0.03775504,0.5366114000000001,0.1064746,-0.06318022,0.4547122,0.09838962,-0.06038126,0.49185209999999996,0.09405228,-0.05047104,0.5128606,0.09210066,-0.03856468,0.523274,0.08881138,-0.06278038,0.44662920000000006,0.07407025,-0.06341086,0.47293609999999997,0.06740166,-0.05684172,0.4867465,0.06374917,-0.04624365,0.49626099999999995,0.12337139999999999,-0.05880651,0.4376887,0.1236491,-0.07802996,0.3725211,0.14296589999999998,-0.05637205,0.385548,0.2291687,-0.24579810000000002,0.22849989999999998,0.14752739999999998,-0.07848123,0.3697034,0.1103229,-0.0943555,0.3609367,0.247771,-0.2378609,0.23288320000000004,0.2105665,-0.25373520000000005,0.2241165
341,17:16:40.210 PM,0.17522379999999999,-0.04488808,0.415917,0.1906445,-0.03362252,0.4378527,0.1948788,-0.023616599999999998,0.45460079999999997,0.14501779999999997,-0.05473705,0.46222170000000007,0.1554014,-0.04883078,0.49686759999999996,0.16030129999999998,-0.04000492,0.5148451,0.1626751,-0.02994001,0.5251155,0.12556099999999998,-0.05970158,0.4623062,0.1259221,-0.05561367,0.5032164000000001,0.1261547,-0.04757725,0.5261021,0.12631199999999998,-0.03763923,0.5386789000000001,0.1061671,-0.06350495,0.45622920000000006,0.09815544,-0.05920403,0.49324090000000004,0.09374735,-0.04940826,0.5142883,0.09167908,-0.03763026,0.5248245,0.08851063,-0.06332026,0.44812349999999995,0.07361927,-0.06248236,0.4743396,0.0666408,-0.05610387,0.48808630000000003,0.06254303,-0.04581358,0.49775600000000003,0.123057,-0.05927326,0.439163,0.1233867,-0.07907103,0.37405770000000005,0.14269400000000002,-0.05745772,0.387013,0.22790900000000003,-0.24209899999999998,0.22399270000000002,0.1472388,-0.07938112,0.37100900000000003,0.10998689999999998,-0.09506374,0.36209990000000003,0.24653490000000003,-0.2342577,0.2284473,0.2092831,-0.2499404,0.21953809999999999
342,17:16:40.236 PM,0.17520650000000002,-0.04215245,0.41550940000000003,0.19023800000000002,-0.03005973,0.43728100000000003,0.1945726,-0.01971431,0.4537974,0.1454904,-0.05256033,0.4617615,0.1556142,-0.04629147,0.4964215,0.1604399,-0.03799634,0.5146731,0.1628457,-0.02853158,0.5255025999999999,0.1261258,-0.05787627,0.4618862,0.1262462,-0.05339946,0.5027579000000001,0.12624200000000002,-0.04588914,0.5258254,0.1261704,-0.03667532,0.5389543000000001,0.1068101,-0.06210485,0.45583559999999995,0.09864609,-0.05733965,0.49275810000000003,0.09396267,-0.04785906,0.5138918,0.09150375,-0.03663713,0.5249498,0.08916179,-0.06233898,0.4477098,0.07422052,-0.06106304,0.47388109999999994,0.06701299,-0.0548816,0.48760070000000005,0.06243644,-0.04499966,0.497487,0.1236415,-0.0577741,0.4387363,0.12443989999999999,-0.07901959,0.3739342,0.1433047,-0.05623467,0.38658709999999996,0.2266382,-0.24021990000000001,0.2202854,0.1482076,-0.07907465,0.3702594,0.11089189999999999,-0.09508456,0.3622442,0.24529610000000002,-0.232215,0.22429290000000002,0.2079804,-0.24822489999999997,0.2162778
343,17:16:40.273 PM,0.1729915,-0.03573725,0.41181940000000006,0.1858858,-0.01963392,0.4323232,0.188754,-0.006898626999999999,0.44742829999999995,0.14541220000000002,-0.045144199999999995,0.4584714,0.1558906,-0.03776537,0.49280559999999995,0.1611609,-0.030167799999999998,0.5112340999999999,0.16393,-0.02121551,0.5223969,0.1262131,-0.05099407,0.45909880000000003,0.1253941,-0.04433517,0.49966350000000004,0.12472730000000001,-0.03648742,0.522606,0.1241089,-0.02723908,0.5356843000000001,0.1070498,-0.05634879,0.45347550000000003,0.09840581,-0.04905528,0.489871,0.09316082,-0.03905319,0.5106276,0.09008785,-0.02782145,0.5215097,0.08944188,-0.05787766,0.4454062,0.07427989,-0.05374837,0.4711513,0.06669741,-0.04672864,0.48425050000000003,0.06151441,-0.03649668,0.4934501,0.12379780000000001,-0.05317084,0.4360446,0.12472539999999999,-0.07916597,0.37286030000000003,0.1435656,-0.05602476,0.3839905,0.2248699,-0.2417696,0.21938760000000002,0.148418,-0.07914222,0.3687402,0.1110473,-0.09545008,0.36163320000000004,0.24355520000000003,-0.2336157,0.2229411,0.2061846,-0.24992350000000002,0.2158341
344,17:16:40.313 PM,0.1709403,-0.02958846,0.40942940000000005,0.1825981,-0.01190045,0.4293567,0.1855042,0.001508281,0.4438584,0.1450764,-0.04129723,0.4559286,0.1545369,-0.0351176,0.4907902,0.15907220000000002,-0.02770969,0.5094889,0.16124860000000002,-0.0188318,0.5208402,0.1260443,-0.04767641,0.45648009999999994,0.12446689999999999,-0.04223499,0.4972034000000001,0.12319569999999999,-0.03450599,0.5201604000000001,0.12206900000000001,-0.02515094,0.5331283,0.10708889999999999,-0.0536485,0.45077520000000004,0.09829077,-0.04725078,0.4873019,0.09277694,-0.03748135,0.5080995,0.08940673,-0.02625903,0.5189027,0.08960223,-0.05578761,0.44258220000000004,0.0736784,-0.05184157,0.4678920999999999,0.0655603,-0.04483329,0.48067209999999994,0.05986292,-0.03455582,0.4895093,0.1238931,-0.05024777,0.4334407,0.12550319999999998,-0.07717086,0.3705211,0.1441883,-0.05328272,0.38160040000000006,0.2181734,-0.24256190000000002,0.215344,0.1490526,-0.07756553,0.36566540000000003,0.11122069999999999,-0.0933153,0.35985900000000004,0.2370893,-0.23468699999999998,0.2182471,0.19925739999999997,-0.2504368,0.21244079999999999
345,17:16:40.353 PM,0.1698247,-0.02534136,0.4080237,0.1808058,-0.00668484,0.4274446,0.1840915,0.007177383000000001,0.44142929999999997,0.1447812,-0.0381211,0.45432209999999995,0.15287699999999999,-0.03209811,0.4895528,0.1564922,-0.02425243,0.5082730999999999,0.15805479999999997,-0.0152421,0.519621,0.1258047,-0.04467809,0.4546611,0.1236942,-0.03892769,0.4953178,0.1220318,-0.03034107,0.5179425999999999,0.1206488,-0.02050316,0.5305225,0.1070046,-0.050924199999999996,0.4487401,0.09828826,-0.04419555,0.4852269,0.09280954,-0.03375994,0.5057076,0.08943898,-0.02238479,0.5163497,0.08967733,-0.05336204,0.44029579999999996,0.0730957,-0.04897642,0.465106,0.06465715,-0.04154085,0.47742879999999993,0.05866471,-0.03110725,0.4858792,0.12405999999999999,-0.04762699,0.4316325,0.12657870000000002,-0.07557629,0.3691093,0.1452388,-0.05126432,0.3801859,0.2145084,-0.24489770000000002,0.21542060000000002,0.1500685,-0.07650235,0.36404169999999997,0.1118818,-0.09158238,0.358808,0.23360170000000002,-0.23735770000000003,0.2180374,0.1954151,-0.2524377,0.21280370000000004
346,17:16:40.388 PM,0.1682733,-0.02019346,0.40667040000000004,0.17745439999999998,-0.0001796931,0.42566940000000003,0.1793968,0.0143549,0.43921459999999996,0.1456902,-0.0347081,0.45322629999999997,0.1528854,-0.02906674,0.4887147,0.1557789,-0.021006,0.5074692,0.156691,-0.01168038,0.5186316,0.1268394,-0.04160963,0.4537098,0.1247664,-0.03613259,0.49440609999999996,0.1229614,-0.027125599999999996,0.5168558,0.1213768,-0.01673357,0.5289568,0.1081344,-0.04826039,0.4479299,0.1000605,-0.04127927,0.4845169,0.09486648,-0.02995726,0.5045966,0.09162578,-0.01803884,0.5146683,0.09082173,-0.05110216,0.43958240000000004,0.07439282,-0.04625802,0.4644089,0.06616203,-0.03791682,0.4762835999999999,0.06049580000000001,-0.0267165,0.4839388,0.12505819999999998,-0.04482299,0.43071940000000003,0.12752819999999998,-0.07348861,0.368467,0.1460965,-0.04859011,0.37922449999999996,0.21053379999999997,-0.24613890000000002,0.2157464,0.15088220000000002,-0.0746801,0.3628564,0.11247470000000001,-0.08956213,0.35880559999999995,0.2297375,-0.23869780000000002,0.2177718,0.19133,-0.2535799,0.213721
347,17:16:40.426 PM,0.1671461,-0.01617341,0.4034331,0.17456529999999998,0.004807472,0.422158,0.1747205,0.01978202,0.435359,0.1465,-0.03217568,0.4502272,0.1530001,-0.02662762,0.4858643,0.1552768,-0.01804881,0.5044736,0.1556432,-0.008241832,0.5152482,0.1277086,-0.03923485,0.45074840000000005,0.1253795,-0.03348841,0.4913936,0.1232809,-0.02348515,0.5133915,0.12146620000000001,-0.01229893,0.5247284000000001,0.10905539999999998,-0.04606062,0.4450052,0.10123480000000001,-0.03832211,0.48149480000000006,0.09617756,-0.02573732,0.5008447,0.09307054,-0.01302713,0.5099441,0.09175989999999999,-0.04907337,0.43668190000000007,0.07545599,-0.04352972,0.46144440000000003,0.06753204,-0.03415887,0.47274679999999997,0.06237096,-0.02213867,0.47945909999999997,0.1259342,-0.0425313,0.4277692,0.1284022,-0.07151631,0.3656474,0.146958,-0.04627305,0.3762665,0.2081029,-0.24741839999999998,0.21488870000000002,0.15167809999999998,-0.07301110000000001,0.35979,0.1130964,-0.08761172,0.356429,0.22739369999999998,-0.2401181,0.2165692,0.18881199999999998,-0.25471869999999996,0.2132081
348,17:16:40.458 PM,0.16666660000000003,-0.01255073,0.3997412,0.1725722,0.009151414,0.4181782,0.1708291,0.02438061,0.4309639,0.1470433,-0.02900755,0.44669840000000005,0.15301270000000003,-0.023169799999999997,0.48238190000000003,0.1548256,-0.01397379,0.5007455,0.15478470000000003,-0.003638759,0.5110207999999999,0.1282791,-0.03614011,0.4471958,0.1254639,-0.02961394,0.487692,0.1229865,-0.01847085,0.5090939,0.1209383,-0.006520614,0.5195784999999999,0.1096841,-0.04310194,0.4414276,0.10172780000000001,-0.034101400000000004,0.4775964,0.09663861,-0.02003317,0.49588519999999997,0.09362372,-0.006454945,0.5036630999999999,0.09244406,-0.04627132,0.4330478,0.0762423,-0.0398955,0.45767650000000004,0.06863861,-0.02955586,0.4683349,0.06401283,-0.01681492,0.4740288,0.1266359,-0.03967586,0.4242425,0.1294843,-0.06934188,0.3624575,0.14793779999999998,-0.04384901,0.3728875,0.2092371,-0.24780100000000002,0.2147638,0.1527704,-0.07096757,0.3566764,0.11417329999999999,-0.08556211,0.3534692,0.22853560000000003,-0.2405038,0.21636729999999998,0.18993859999999999,-0.25509829999999994,0.21316020000000002
349,17:16:40.486 PM,0.1654136,-0.008203194,0.3963802,0.1688934,0.01391865,0.41493559999999996,0.16463989999999998,0.02894722,0.42736549999999995,0.1468887,-0.02562681,0.44291140000000007,0.1518275,-0.01999404,0.47878459999999995,0.15286229999999998,-0.01045899,0.4970352,0.1521846,0.0002639443,0.5068818,0.12819589999999997,-0.03295719999999999,0.4431594,0.124133,-0.02587244,0.4834552,0.1207847,-0.01353197,0.5040671,0.11822269999999999,-0.0007920712,0.513451,0.1097509,-0.04010698,0.4371447,0.10095549999999999,-0.02928489,0.47261309999999995,0.09552409,-0.01294304,0.4887902,0.09255072,0.001727819,0.49425329999999995,0.09265417,-0.04344688,0.42854040000000004,0.0766364,-0.03592098,0.45296400000000003,0.06967852,-0.02411276,0.462475,0.06608108,-0.01041426,0.4664157,0.1268847,-0.03648035,0.42018279999999997,0.1308677,-0.06617475,0.3585038,0.1488867,-0.04036248,0.369101,0.2145551,-0.24635549999999998,0.2151405,0.1542598,-0.06769569,0.353137,0.1158442,-0.08267187,0.34953429999999996,0.2337629,-0.2388674,0.21694179999999996,0.1953473,-0.2538436,0.2133391
350,17:16:40.516 PM,0.16192279999999998,-0.0015429110000000001,0.3929322,0.16084479999999998,0.02045648,0.41194129999999995,0.1525694,0.03428866,0.42373710000000003,0.1454433,-0.02188112,0.4383898,0.14807420000000002,-0.01527032,0.474343,0.1470906,-0.003723875,0.4914064,0.1448597,0.008314803,0.49933009999999994,0.1269732,-0.02974993,0.43796670000000004,0.1207912,-0.02101257,0.4776678,0.11593889999999998,-0.005706772,0.49586359999999996,0.11263800000000002,0.008700565,0.5020977,0.10889510000000001,-0.03724842,0.4312965999999999,0.09834142,-0.02372105,0.46533359999999996,0.09237017,-0.0042867059999999995,0.4774022,0.0896419,0.01136866,0.4787762,0.09211423,-0.04082581,0.4221805,0.07608179,-0.031576599999999996,0.44599799999999995,0.07026105,-0.01770818,0.453241,0.06837289,-0.003149733,0.454246,0.1263158,-0.03263743,0.4148732,0.13254670000000002,-0.06081773,0.35272309999999996,0.1496376,-0.03439361,0.36426,0.220586,-0.24345770000000003,0.2151881,0.15606710000000001,-0.06231032,0.34793959999999996,0.11783030000000001,-0.07758915,0.3437531,0.23970439999999998,-0.2358183,0.2172813,0.20146760000000002,-0.2510971,0.21309479999999997
351,17:16:40.546 PM,0.1558985,0.01041983,0.386079,0.15077020000000002,0.03204198,0.40483579999999997,0.14006649999999998,0.04460718,0.4160603,0.14238779999999998,-0.01172365,0.43097170000000007,0.1393221,0.002412573,0.4646013,0.1334035,0.019409700000000002,0.4744947,0.1280988,0.03288148,0.47380649999999996,0.1248387,-0.021437,0.4300912,0.11521660000000002,-0.005300595999999999,0.466638,0.10793779999999999,0.01474112,0.47815280000000004,0.103599,0.030151499999999998,0.4779,0.10780539999999998,-0.03074451,0.422975,0.09389941,-0.01010978,0.45181409999999994,0.08726356,0.01240341,0.4541262,0.08506271,0.02705954,0.4484143,0.09172562,-0.03602059,0.4134353,0.07599182,-0.02065526,0.43405699999999997,0.07272063,-0.0043292190000000005,0.434608,0.07411423,0.008982614,0.42861179999999993,0.125086,-0.02438536,0.406998,0.1350127,-0.05250056,0.3452615,0.1497812,-0.02376984,0.3570176,0.22655509999999998,-0.23915140000000001,0.2156388,0.1585211,-0.053617700000000004,0.3403195,0.1206585,-0.0700485,0.3372412,0.2454864,-0.230936,0.217178,0.20762379999999997,-0.24736679999999997,0.21409970000000003
352,17:16:40.576 PM,0.15257179999999998,0.02308719,0.3715217,0.1454063,0.04483591,0.3894537,0.1333683,0.05662002,0.4001683,0.14144600000000002,0.003649458,0.4171514,0.12865639999999998,0.031655,0.43723140000000005,0.1198866,0.04692729,0.4260978,0.11646780000000001,0.05137925,0.41243620000000003,0.12478800000000001,-0.007571741999999999,0.4173098,0.110845,0.02493997,0.4384941,0.1043827,0.04487394,0.4258896,0.10316480000000001,0.05129223,0.4110942,0.10850080000000001,-0.01876339,0.411208,0.09398473,0.01270615,0.42724470000000003,0.09044927,0.03134619,0.41293779999999997,0.09167481,0.03689156,0.3979219,0.09277186,-0.02602689,0.40240240000000005,0.08057167,-0.001744568,0.41561359999999997,0.08113188,0.01226094,0.4063901,0.08536842,0.01826985,0.39354429999999996,0.12489089999999999,-0.01203121,0.3944557,0.13578410000000002,-0.04348694,0.33445349999999996,0.1485794,-0.01265608,0.3439831,0.23404439999999999,-0.23235540000000002,0.21321220000000002,0.15910510000000003,-0.04347709,0.3285878,0.1222892,-0.06238364,0.32819509999999996,0.25245239999999997,-0.22290210000000002,0.2134085,0.21563649999999998,-0.2418087,0.21301579999999998
353,17:16:40.606 PM,0.16260139999999998,0.028698400000000002,0.3436665,0.1586269,0.05462055,0.356163,0.14930279999999999,0.07066892,0.36342220000000003,0.1467145,0.02291836,0.3903812,0.1345252,0.05576344,0.3804798,0.1342362,0.05628328,0.3599522,0.1370219,0.04852529,0.3480787,0.12826980000000002,0.01512708,0.3915515,0.1210682,0.05283669999999999,0.37768979999999996,0.1241,0.05205186,0.35375890000000004,0.1279594,0.04092245,0.3431031,0.1104633,0.0058463809999999995,0.38667090000000004,0.1053394,0.04117121,0.3740803,0.1108751,0.03975148,0.3512749,0.11570050000000001,0.02851163,0.34125279999999997,0.09406215,-0.00040708480000000005,0.37835359999999996,0.09309345,0.028797700000000002,0.37179829999999997,0.09845512,0.03021802,0.3561528,0.10326569999999999,0.02194951,0.3451268,0.1285114,0.00554432,0.37035359999999995,0.137001,-0.03900374,0.3188597,0.15377000000000002,-0.01087865,0.32354829999999996,0.23201129999999998,-0.2419111,0.2198528,0.1606372,-0.04073513,0.314799,0.12286580000000001,-0.05756309,0.3130196,0.250897,-0.2334971,0.2207425,0.2131256,-0.2503251,0.2189631
354,17:16:40.635 PM,0.16568650000000001,0.03549205,0.3187408,0.1615179,0.06381662,0.3238513,0.15287279999999998,0.08175121,0.32530040000000005,0.15032279999999998,0.04052012,0.36425799999999997,0.1495276,0.06851603,0.3406298,0.1511721,0.06081359,0.3215783,0.15253329999999998,0.04960175,0.31236820000000004,0.1305554,0.03706594,0.3635408,0.13691620000000002,0.06486095,0.3339296,0.14143150000000002,0.05182026,0.31399040000000006,0.14212679999999997,0.03602342,0.3113769,0.111864,0.03076239,0.3573432,0.12023969999999999,0.05626203,0.33029640000000005,0.1267685,0.04295464,0.3119018,0.1279235,0.02721123,0.30973259999999997,0.09569626,0.02633576,0.34752009999999994,0.1056873,0.04847433,0.3296461,0.11253230000000002,0.04146038,0.3161489,0.11460260000000001,0.02770035,0.3114095,0.13138,0.02331154,0.3447751,0.13729770000000002,-0.03122811,0.303539,0.1581524,-0.007556811,0.3068479,0.22626350000000003,-0.24935660000000004,0.23625170000000004,0.1609715,-0.03544006,0.3038922,0.12252049999999999,-0.048829000000000004,0.2964571,0.24548899999999999,-0.24266210000000002,0.2399692,0.207038,-0.2560511,0.2325342
355,17:16:40.666 PM,0.1587957,0.0485784,0.29218459999999996,0.1512782,0.07649814,0.2953078,0.1410534,0.09363197,0.2959472,0.1461514,0.05566068,0.3376577,0.14190070000000002,0.07829355,0.3091665,0.1415737,0.06596519,0.2926532,0.1423115,0.05230097,0.2876667,0.127152,0.04919006,0.33813649999999995,0.1288776,0.07324703,0.3048484,0.13321429999999998,0.05572234,0.2886553,0.13518550000000001,0.039825599999999996,0.28814409999999996,0.1094994,0.03954278,0.33338029999999996,0.11305830000000001,0.06313668,0.3036712,0.12098010000000002,0.04750319,0.28782929999999995,0.1243201,0.031923400000000005,0.28777290000000005,0.09394114,0.03176819,0.324733,0.09977372,0.05341513,0.30456409999999995,0.107097,0.04487328,0.2922484,0.11058779999999999,0.030768200000000002,0.2900248,0.12956189999999998,0.03394727,0.3207078,0.1417626,-0.02320684,0.2844565,0.1596964,0.003937319,0.2846588,0.2391195,-0.2423862,0.2344775,0.1656205,-0.02612334,0.2836763,0.1276405,-0.04220828,0.2802387,0.2581095,-0.23434380000000002,0.23619629999999997,0.2201295,-0.2504287,0.23275869999999999
356,17:16:40.695 PM,0.1498556,0.05348043,0.2669503,0.1390076,0.08045711,0.267477,0.127131,0.09650089,0.26746149999999996,0.1433307,0.06616499,0.31221040000000005,0.13157270000000001,0.08398719,0.28243509999999994,0.1313325,0.07065152,0.2667156,0.1339372,0.05693351,0.2625403,0.1257328,0.05752437,0.3165349,0.119372,0.07602461,0.2803828,0.12395679999999999,0.05698963,0.2660657,0.12814,0.04152264,0.26650630000000003,0.1092133,0.04511039,0.3159696,0.10520170000000001,0.06395425,0.2830959,0.11306210000000001,0.04732724,0.26825920000000003,0.1187507,0.03244509,0.268629,0.09394305,0.03417577,0.3110132,0.09382043,0.05276816,0.28727270000000005,0.1006552,0.04285122,0.27572800000000003,0.10594660000000002,0.02918299,0.2745714,0.1279785,0.04013099,0.301224,0.1430783,-0.02013355,0.2715338,0.1570424,0.008790105999999999,0.2654259,0.25622,-0.233502,0.23038560000000002,0.16669389999999998,-0.02081051,0.2670435,0.1307769,-0.04079345,0.2719094,0.2741785,-0.2235105,0.22795259999999998,0.2382616,-0.2434935,0.23281860000000001
357,17:16:40.722 PM,0.14349360000000003,0.05362709,0.2449689,0.1310059,0.07986812,0.24379139999999996,0.1174982,0.09456696,0.24399980000000002,0.1421165,0.07253845,0.28821820000000004,0.1234317,0.0855272,0.2594804,0.1214396,0.06890284,0.247441,0.12459160000000001,0.05471317,0.2463147,0.1266265,0.06346442,0.29722790000000004,0.1117031,0.07527812,0.2607696,0.1159902,0.05398975,0.2499535,0.1219786,0.03940775,0.2528835,0.1116594,0.04995386,0.3018364,0.09961266,0.06281422,0.26802990000000004,0.1066495,0.04404806,0.2555065,0.1138849,0.03002407,0.2577563,0.09693433,0.03726982,0.30172129999999997,0.09043368,0.05165882,0.2760123,0.09618633,0.04001148,0.2655396,0.1025386,0.02675568,0.26595559999999996,0.12773389999999998,0.04400103,0.2844938,0.1428573,-0.01910417,0.2613162,0.1526286,0.009404048,0.24854570000000004,0.2631147,-0.2289118,0.2220576,0.16498870000000002,-0.01896239,0.2519099,0.13275150000000002,-0.04022672,0.2667966,0.2792333,-0.2182797,0.2146143,0.24699610000000002,-0.239544,0.2295009
358,17:16:40.752 PM,0.1443624,0.04942341,0.22009179999999998,0.1353932,0.07611836,0.21290279999999998,0.12286079999999999,0.09152324,0.2109685,0.139824,0.07756321,0.25770570000000004,0.1155111,0.0808128,0.23052240000000002,0.1163586,0.0608959,0.2253725,0.12328980000000002,0.04885714,0.229692,0.126839,0.07048444,0.2712724,0.10530230000000002,0.07188417,0.23631279999999996,0.11060299999999999,0.04864652,0.2319156,0.11880160000000001,0.03669761,0.2387355,0.11410029999999999,0.05799194,0.2816933,0.09581586,0.06077333,0.2484033,0.10375839999999999,0.03943779,0.2421243,0.112856,0.02784164,0.2481629,0.1007904,0.04504816,0.28737379999999996,0.08904509,0.0517884,0.260448,0.09499102,0.03751893,0.2541949,0.102724,0.02586289,0.2586989,0.1277723,0.0484276,0.2639256,0.1443856,-0.01769212,0.2539839,0.14990810000000002,0.0067870019999999994,0.23422070000000003,0.26403109999999996,-0.2284972,0.21837489999999998,0.16391889999999998,-0.01847617,0.2399788,0.1368169,-0.03798858,0.264428,0.2775821,-0.218741,0.20615029999999998,0.25048000000000004,-0.2382534,0.23059960000000002
359,17:16:40.782 PM,0.14707720000000002,0.04286985,0.2002265,0.13943370000000002,0.06772207,0.1872003,0.128027,0.08317114,0.18174970000000001,0.1369216,0.07868667,0.2319157,0.1109173,0.07405074,0.206517,0.11302380000000001,0.05354287,0.20656010000000002,0.1211954,0.04363324,0.21344520000000003,0.1251033,0.07458885,0.2476226,0.10131369999999999,0.06760819,0.2148272,0.1072557,0.04410206,0.2154973,0.1164212,0.03448696,0.224467,0.11354489999999999,0.0645044,0.26148499999999997,0.09295657,0.059511800000000004,0.229807,0.1012395,0.03746678,0.22787670000000002,0.1111664,0.02785634,0.2358183,0.10113580000000001,0.05287959,0.2708822,0.08714762,0.05379416,0.2441785,0.09300147,0.03859262,0.24057710000000002,0.10140539999999999,0.02835609,0.24696039999999997,0.1264369,0.05145065,0.2454295,0.1445565,-0.01485218,0.24799960000000001,0.1482773,0.004634097,0.22446839999999998,0.2598161,-0.2278621,0.2110682,0.16207149999999998,-0.0166233,0.23161679999999996,0.1385674,-0.03438206,0.2606893,0.2715681,-0.21898270000000003,0.19653199999999998,0.24806399999999998,-0.2367415,0.22560439999999998
360,17:16:40.811 PM,0.1470704,0.03808184,0.1836625,0.1399436,0.06095959,0.1671685,0.128609,0.075646,0.15978789999999998,0.13220020000000002,0.07812695,0.2112639,0.104923,0.06760107,0.1891193,0.11058299999999999,0.04773445,0.18948979999999999,0.121003,0.03953211,0.1956099,0.12133060000000001,0.07592298,0.2280074,0.09634215,0.06330957,0.1978737,0.10332930000000001,0.04038395,0.20164749999999998,0.11338030000000002,0.03274618,0.2115324,0.11086120000000001,0.0675406,0.24375039999999998,0.08900028,0.05734928,0.21422739999999998,0.0980674,0.03553854,0.2150163,0.10878879999999999,0.02773596,0.2238629,0.09938341,0.0569741,0.2553382,0.08403918,0.05375721,0.2295616,0.09025601,0.03837757,0.22776350000000004,0.09939352,0.02969192,0.2353361,0.12344719999999999,0.05275299,0.2290047,0.1438004,-0.01206824,0.2388944,0.1460277,0.004135489,0.2136512,0.2522962,-0.2280712,0.198945,0.1597787,-0.01464861,0.22110729999999998,0.1386717,-0.03108817,0.25268670000000004,0.2628497,-0.2198514,0.1831553,0.2417427,-0.23629099999999997,0.21473470000000003
361,17:16:40.839 PM,0.1472374,0.03788067,0.1706343,0.1402535,0.05952461,0.1525062,0.13007470000000002,0.07390873,0.14312660000000002,0.12798900000000002,0.07877432,0.19545220000000002,0.10108510000000001,0.06463493,0.1749778,0.1074799,0.04509036,0.1764596,0.1180001,0.03697552,0.18244929999999998,0.11767439999999998,0.07724015,0.2126125,0.09242045,0.06106071,0.1844914,0.10276469999999999,0.03935231,0.1876632,0.11441689999999999,0.03280078,0.19650920000000002,0.10808239999999998,0.06950296,0.22921479999999997,0.08602373,0.05616729,0.2011437,0.0962425,0.03495823,0.2031634,0.1075375,0.02803065,0.2120196,0.09750549,0.05922751,0.2418643,0.08157464,0.053648900000000006,0.2168688,0.08846071,0.03848733,0.21584740000000002,0.09819658,0.03054638,0.2234846,0.12111489999999998,0.05436505,0.21523609999999999,0.1446374,-0.00865984,0.22850399999999998,0.14601070000000002,0.0060475469999999995,0.2028326,0.2496193,-0.226343,0.18831989999999998,0.1599359,-0.01168919,0.21019859999999999,0.13983710000000002,-0.02739881,0.24279099999999998,0.25966880000000003,-0.2184882,0.1720237,0.2395699,-0.2341978,0.2046161
362,17:16:40.867 PM,0.1472638,0.04148073,0.159619,0.1392344,0.06269927,0.141423,0.12934790000000002,0.07679392,0.1313177,0.1245347,0.08102553,0.1830331,0.09782310000000001,0.06585686,0.1630481,0.1043395,0.04631762,0.1639599,0.11497460000000001,0.03801523,0.16947060000000003,0.1144963,0.0792654,0.20033470000000003,0.08975177,0.06139238,0.1727906,0.1012293,0.04027875,0.17608189999999999,0.11330899999999999,0.03437574,0.1848096,0.1055724,0.07134904,0.21722260000000002,0.08385714,0.056192,0.1898153,0.09610364,0.03604363,0.1912245,0.10832819999999999,0.03025039,0.19964129999999997,0.09579277,0.06073816,0.2302317,0.07994032,0.05369516,0.2055583,0.08771259,0.03895484,0.2047556,0.09799686,0.03179918,0.21244920000000003,0.119423,0.05673008,0.20348010000000002,0.1465818,-0.004541919,0.2178462,0.147258,0.009808376,0.1919971,0.2525853,-0.221644,0.1772029,0.1616674,-0.007538729,0.19935970000000003,0.1420965,-0.02325531,0.2322685,0.2623708,-0.2137857,0.1607485,0.24279989999999999,-0.2295022,0.19365729999999998
363,17:16:40.897 PM,0.14494749999999998,0.04323833,0.15038189999999999,0.13503270000000003,0.06370713,0.132253,0.12426969999999998,0.07713185,0.122129,0.1208256,0.08160536,0.17257170000000002,0.09412979,0.06520389,0.153561,0.10056989999999999,0.04562278,0.1539991,0.1114464,0.03737997,0.1591145,0.11127000000000001,0.07982783,0.190143,0.08683329,0.06001277,0.16367020000000002,0.09896294,0.03922655,0.1667026,0.11148599999999999,0.03385042,0.1751427,0.1031626,0.07195492,0.2074583,0.08148824,0.05485334,0.18118299999999998,0.09550902,0.03583355,0.181417,0.10871680000000002,0.03119944,0.1890394,0.09426934,0.06122555,0.2209969,0.07841776,0.05238153,0.196907,0.08679169999999999,0.03797634,0.1960562,0.09761295,0.0313745,0.2035066,0.1175155,0.05770557,0.1938426,0.14805539999999998,-0.001655325,0.2092105,0.1476833,0.01205875,0.1831243,0.2562547,-0.2174469,0.16738820000000001,0.16267089999999998,-0.004576834,0.1903383,0.1442599,-0.02031298,0.22390059999999998,0.26546020000000004,-0.20957889999999998,0.150607,0.24704920000000002,-0.22531500000000002,0.1841693
364,17:16:40.927 PM,0.14404470000000003,0.04626955,0.14262239999999998,0.1330149,0.06676133,0.1251786,0.12164589999999999,0.08004431,0.115543,0.11959080000000001,0.08368303,0.1651485,0.09258731,0.06785546,0.14609070000000002,0.09854502,0.04812549,0.1455781,0.10927460000000001,0.03935762,0.1500919,0.11020619999999999,0.08152597,0.1827691,0.08606005,0.06137259,0.156288,0.09845879,0.04067893,0.1588206,0.1111345,0.03532244,0.1670415,0.102394,0.0733081,0.20005910000000002,0.08093849,0.05596249,0.17376660000000002,0.09525928,0.03716744,0.1735882,0.10861689999999999,0.0327308,0.1810645,0.09382707,0.06225736,0.2135487,0.0779191,0.05311806,0.18960870000000002,0.08719074,0.0393597,0.18786129999999998,0.09868319,0.03323542,0.1946866,0.1169366,0.05950238,0.18619059999999998,0.1485879,0.0005046129,0.2006596,0.14796289999999998,0.01460803,0.1747743,0.2567522,-0.21462579999999998,0.1554808,0.1630822,-0.0021673960000000003,0.1816574,0.14491010000000001,-0.01833642,0.215144,0.26583829999999997,-0.2065413,0.1387375,0.2476661,-0.2227103,0.17222420000000002
365,17:16:40.957 PM,0.14406960000000002,0.04836605,0.1371171,0.13285479999999997,0.06883784,0.1197671,0.12133920000000001,0.08202739,0.11017660000000001,0.1191683,0.08520649,0.15959089999999998,0.09190051,0.07029088,0.1401736,0.09749917,0.05048157,0.1390168,0.1080549,0.04133441,0.1431779,0.10968499999999999,0.08280145,0.1771267,0.08608823,0.062386199999999996,0.1503514,0.0987721,0.04186226,0.1528558,0.111463,0.03664531,0.16114320000000001,0.10186260000000001,0.07436071,0.1943047,0.08089134,0.05683507,0.16774129999999998,0.09552475,0.03828152,0.16760550000000002,0.10888740000000001,0.03405292,0.17519300000000002,0.09335409,0.06310146,0.2076585,0.07762231,0.05372505,0.1836933,0.08788263,0.04079969,0.18123329999999999,0.09995846,0.03532423,0.187589,0.1167028,0.06085326,0.1804571,0.148997,0.002175972,0.1946483,0.1484493,0.01647837,0.16898559999999999,0.2574596,-0.2119154,0.1454233,0.1635546,-9.687711e-05,0.1756425,0.14528570000000002,-0.01696032,0.20873160000000002,0.2665941,-0.20348370000000002,0.1288787,0.24832510000000002,-0.22034720000000002,0.1619679
366,17:16:40.988 PM,0.1440991,0.05022021,0.1333021,0.1328349,0.07088993,0.1162213,0.12096880000000002,0.08404551,0.1070197,0.11996660000000002,0.08692963,0.1562026,0.09209248,0.07477392,0.1357531,0.09576967,0.05457143,0.1339307,0.1052876,0.0442843,0.13792100000000002,0.1102629,0.08425654,0.17357809999999999,0.08692455,0.06439726,0.14616629999999997,0.09965232,0.04389878,0.1486554,0.1122193,0.03850318,0.15701679999999998,0.1021893,0.07554556,0.1905032,0.08147597,0.058588999999999995,0.16337449999999998,0.09608149,0.04001443,0.1631656,0.1093306,0.03545429,0.1707601,0.09345877,0.06409176,0.2035443,0.07787426,0.05518104,0.1793069,0.08855948,0.04268266,0.1764849,0.1008,0.03736927,0.182659,0.11711410000000001,0.06220885,0.17658139999999997,0.14894970000000002,0.003111988,0.1901162,0.1487373,0.017865400000000003,0.1646588,0.2587757,-0.20997689999999997,0.1395854,0.1637676,0.001132178,0.1712795,0.1451145,-0.01621709,0.2038999,0.26810229999999996,-0.2013023,0.1232752,0.2494492,-0.2186515,0.1558955
367,17:16:41.021 PM,0.1443678,0.05100544,0.131705,0.13326570000000001,0.07174517,0.1146029,0.1213066,0.0848829,0.10549669999999998,0.12123199999999999,0.08778505,0.15404279999999998,0.09339985,0.07806446,0.13227629999999999,0.09478695,0.05754681,0.1308181,0.1028787,0.04634614,0.1354481,0.11130860000000001,0.08519487,0.1713064,0.08836604,0.06518613,0.1436701,0.10105689999999999,0.04474749,0.146765,0.11343989999999998,0.03942938,0.1554443,0.10297360000000001,0.07655422,0.1881404,0.08263085,0.05951194,0.16078599999999998,0.09726635,0.04096089,0.1609789,0.1103897,0.03640641,0.1687918,0.09400504,0.06517415,0.20108420000000002,0.07870433,0.05615152,0.1767078,0.08977556,0.04399239,0.17389179999999999,0.102121,0.03898959,0.1801162,0.1179536,0.06309612,0.174396,0.1492735,0.00381276,0.1883606,0.149367,0.01850377,0.16285360000000002,0.2606189,-0.2090444,0.140238,0.1643393,0.001807925,0.1697243,0.14534229999999998,-0.01546812,0.2021846,0.27011740000000006,-0.20040629999999998,0.1240078,0.2511203,-0.2176824,0.1564681
368,17:16:41.048 PM,0.1446186,0.05110933,0.13155279999999997,0.1336405,0.07186489,0.11439,0.1216155,0.08497109,0.1053253,0.12284269999999999,0.08826025,0.1532269,0.09511966,0.08069845,0.130485,0.09503426,0.06014313,0.1288955,0.10218580000000001,0.04840915,0.1337493,0.11259549999999999,0.08586125,0.17032809999999998,0.09007253,0.06570165,0.14245729999999998,0.1027828,0.04534592,0.1459885,0.1150271,0.04012905,0.1549222,0.1038513,0.07738738,0.1870388,0.08397769,0.06025077,0.1593999,0.09851069999999999,0.04163264,0.1601296,0.1114276,0.0370781,0.16827910000000001,0.09449655,0.06617503,0.1998549,0.07964537,0.0570109,0.1752543,0.09102885,0.04511844,0.17254629999999999,0.10339680000000001,0.04037727,0.1789289,0.1188508,0.06367131,0.17357360000000002,0.1491584,0.004018933,0.18824129999999997,0.1497686,0.018580000000000003,0.16264800000000001,0.2614587,-0.20915250000000002,0.14387560000000002,0.16456389999999999,0.0018735029999999999,0.16990070000000002,0.1449829,-0.01515278,0.2021453,0.2712491,-0.2006394,0.12775330000000001,0.2516682,-0.21766570000000002,0.1599979
369,17:16:41.076 PM,0.1448969,0.05148540000000001,0.1323312,0.1332546,0.07218595,0.1155441,0.120269,0.08485056,0.1072069,0.12386480000000001,0.08858581,0.15382120000000002,0.09630331,0.08242314,0.130467,0.09513593,0.06200404,0.1278647,0.1015605,0.04966392,0.1322059,0.11332049999999999,0.08608525,0.1707263,0.09127353,0.06612487,0.14233629999999997,0.10392570000000001,0.04575749,0.1460069,0.11600619999999999,0.04051061,0.155144,0.1042661,0.07750814,0.1872178,0.08488582,0.06056292,0.1591144,0.09942292,0.04195718,0.1600539,0.1121796,0.03742848,0.16846629999999999,0.09465878,0.06622557,0.19978320000000002,0.08036537,0.057036800000000006,0.1748634,0.09215161,0.04554404,0.1721522,0.1045625,0.04114829,0.1786966,0.11944849999999999,0.06384934,0.1738999,0.1493471,0.003996581,0.18871329999999997,0.1504029,0.01874305,0.1631405,0.2627001,-0.2092355,0.1474196,0.1651321,0.001801023,0.17070429999999998,0.14489739999999998,-0.01513107,0.2025929,0.27281740000000004,-0.2007695,0.1314753,0.25258270000000005,-0.2177016,0.16336389999999998
370,17:16:41.106 PM,0.14518689999999998,0.05244635,0.1344026,0.1319557,0.07289453,0.11850219999999999,0.1184031,0.08521445,0.1105586,0.12383630000000001,0.08864026,0.1556659,0.09637033,0.08235122,0.1322329,0.09568989,0.06200992,0.128932,0.1025159,0.04975556,0.13289289999999998,0.11316520000000001,0.08573265,0.1724258,0.0918654,0.06560634,0.14358529999999997,0.10495139999999999,0.04550974,0.1472312,0.1170499,0.04056792,0.15651429999999997,0.10411960000000002,0.07678665,0.1887251,0.08541735,0.05972908,0.1602323,0.1004268,0.04150625,0.1612652,0.11317460000000001,0.03732099,0.16986779999999999,0.0946225,0.06516607,0.20106429999999997,0.08072504,0.05585797,0.17596520000000002,0.09325904,0.04527457,0.1728924,0.10598030000000001,0.04152785,0.1792494,0.1197383,0.06360094,0.1754346,0.15073599999999998,0.00423944,0.1900709,0.1517778,0.01928861,0.1645488,0.2671877,-0.2075635,0.1500506,0.1668063,0.002265195,0.1722899,0.1463109,-0.01496661,0.20384979999999997,0.2774355,-0.1989476,0.13427070000000002,0.25694,-0.2161795,0.16583050000000002
371,17:16:41.134 PM,0.14585599999999999,0.05336635,0.1364714,0.1316128,0.07365407,0.1212594,0.1175239,0.08565597,0.11377639999999999,0.1240277,0.08900107,0.1583317,0.09691361,0.08084951,0.1350698,0.0984391,0.06051923,0.1320583,0.10662999999999999,0.04921426,0.1362251,0.113245,0.08564816,0.17493620000000001,0.09240698,0.06588088,0.14551660000000002,0.1056594,0.0458398,0.1488494,0.11773389999999999,0.04095106,0.15819070000000002,0.1041601,0.07628559,0.1909776,0.08587781,0.05960737,0.16199260000000001,0.1010718,0.04152717,0.16278779999999998,0.1137862,0.03735788,0.1714463,0.09468868,0.06432132,0.2030039,0.08116373,0.05547141,0.1775386,0.09338133,0.04443748,0.1748359,0.1057841,0.04019694,0.18149579999999998,0.1200424,0.06353717,0.17757379999999998,0.15152349999999998,0.004210591,0.19148959999999998,0.15267579999999997,0.01980714,0.1661167,0.27101620000000004,-0.2061683,0.1529655,0.1678841,0.0024493379999999997,0.1739528,0.1471121,-0.01506605,0.2051739,0.2814022,-0.1974106,0.1373549,0.26063020000000003,-0.21492600000000003,0.168576
372,17:16:41.166 PM,0.1470289,0.05431844,0.13820629999999998,0.1322273,0.07445525,0.12333019999999999,0.11783389999999999,0.08622043,0.116053,0.1244807,0.08979,0.16089170000000003,0.09806397,0.07923712,0.1377862,0.1017721,0.05919029,0.1347026,0.11128779999999999,0.04898225,0.1389082,0.1134992,0.08609478,0.1772922,0.09309319,0.06682883,0.1472436,0.10611269999999999,0.04654978,0.15000829999999998,0.1180833,0.04200546,0.1596529,0.1042411,0.07640634,0.1930384,0.08640227,0.06019561,0.1635166,0.1016207,0.04212897,0.16413239999999998,0.1141683,0.03835307,0.1732055,0.09465516,0.06419106,0.20471689999999998,0.08188901,0.05598857,0.1786497,0.09228306,0.04297091,0.17764229999999998,0.1032171,0.03738852,0.1857395,0.12033089999999999,0.06395747,0.17960050000000002,0.1518336,0.0044721959999999995,0.19301329999999997,0.1532415,0.02054368,0.1677404,0.273171,-0.205393,0.15756660000000003,0.1685751,0.0027526309999999997,0.1758355,0.1472258,-0.01479476,0.2066465,0.28384570000000003,-0.1966193,0.1421611,0.2624964,-0.2141667,0.1729721
373,17:16:41.198 PM,0.148472,0.05469774,0.13967420000000003,0.13429229999999998,0.07486783,0.124248,0.1198047,0.08645727,0.11687650000000001,0.1261113,0.09083451,0.1620165,0.1001193,0.07979159,0.1386608,0.1041493,0.05986057,0.1352554,0.1138431,0.04977988,0.139356,0.1146809,0.08735029,0.1781541,0.09471969,0.06831501,0.14766329999999997,0.10709819999999999,0.04763778,0.15042,0.1187566,0.043063599999999994,0.1604255,0.10489280000000001,0.07784481,0.1936896,0.08751167,0.06185831,0.16377529999999998,0.1020702,0.04325078,0.164203,0.114246,0.03981863,0.1738973,0.09483439,0.06580929,0.2051551,0.08285607,0.05760865,0.1787165,0.09228639,0.04384573,0.17869770000000001,0.1022941,0.03810547,0.1878123,0.1210994,0.06511174,0.1806649,0.15144470000000002,0.005238473,0.19509690000000002,0.1535855,0.02115242,0.1696765,0.2741099,-0.2049012,0.166525,0.1686788,0.0032820379999999997,0.1784396,0.1464771,-0.01381906,0.2088971,0.2852107,-0.19635060000000001,0.1512963,0.263009,-0.21345170000000002,0.1817537
374,17:16:41.232 PM,0.14879520000000002,0.05530863,0.1414866,0.1363832,0.07603307,0.12529089999999998,0.1217507,0.08756585,0.11811949999999999,0.1281021,0.09222262,0.1633807,0.1022991,0.0833125,0.13892979999999996,0.10445439999999999,0.06308834,0.1355512,0.1128341,0.05197398,0.13987020000000003,0.1161746,0.08907317,0.1792248,0.09637175,0.07074128,0.14820429999999998,0.1080576,0.04970737,0.1512697,0.1193133,0.04445986,0.16140510000000002,0.1057115,0.07985441,0.194491,0.08856944,0.06448658,0.164118,0.10243239999999998,0.04535948,0.1647129,0.1142963,0.04123829,0.17452479999999998,0.09499767,0.06812330000000001,0.205675,0.083438,0.06032439,0.1789302,0.09240628,0.04625653,0.17905839999999998,0.101991,0.04025687,0.1884564,0.12181969999999999,0.06663676,0.181832,0.1500985,0.005916819,0.1971089,0.15315209999999999,0.02168657,0.17152260000000003,0.27207020000000004,-0.20568609999999998,0.1779007,0.1678665,0.003429545,0.18109579999999997,0.1445277,-0.0127562,0.21120129999999998,0.2837396,-0.1975932,0.162848,0.2604007,-0.213779,0.1929535
375,17:16:41.266 PM,0.1476355,0.05528744,0.1429226,0.1365953,0.07640509,0.12624849999999999,0.1225432,0.08848481,0.118822,0.1286424,0.09284224,0.1647326,0.102188,0.08530028,0.1405191,0.10294,0.06507735,0.1365772,0.11059069999999999,0.05328093,0.14041320000000002,0.11677830000000002,0.09008293,0.18069649999999998,0.09623668,0.07210894,0.14994839999999998,0.107369,0.0507714,0.152975,0.1185715,0.04521675,0.1630051,0.10621680000000001,0.08121563,0.19610239999999998,0.08841699,0.06613933,0.1659628,0.1017077,0.04660641,0.166411,0.1135443,0.04226016,0.1761584,0.09530392,0.06982236,0.20744200000000002,0.0833113,0.062187,0.1808411,0.09191389,0.04789256,0.18096379999999998,0.1014266,0.0416676,0.19028789999999998,0.12186680000000001,0.06752212,0.18337479999999998,0.148871,0.006265163000000001,0.1989382,0.15193910000000002,0.02172647,0.1730345,0.269409,-0.2065592,0.1848578,0.1665786,0.003250835,0.18294860000000002,0.14321729999999996,-0.01200295,0.2135197,0.2810896,-0.19893229999999998,0.16957220000000003,0.25772829999999997,-0.2141861,0.2001433
376,17:16:41.298 PM,0.14638110000000001,0.05516972,0.1447393,0.1361272,0.07659088,0.1279506,0.1229527,0.08933546,0.1200433,0.12806769999999998,0.09269352,0.1663888,0.10128519999999999,0.08521335,0.14252,0.1023255,0.0649202,0.13907270000000002,0.11025309999999999,0.05342187,0.14322279999999998,0.1163865,0.0900736,0.1825103,0.0951499,0.07246618,0.1520238,0.10614960000000001,0.05104874,0.1549679,0.11742349999999999,0.04527159,0.1647898,0.10595299999999999,0.08133407,0.1980757,0.08765413,0.06630991,0.1682101,0.1009727,0.04680042,0.16882220000000003,0.1129155,0.04221134,0.17832579999999998,0.09509671,0.07005961,0.20958720000000003,0.08270746,0.06244095,0.1831639,0.09123085,0.048099199999999995,0.1832875,0.1008313,0.04161201,0.1923391,0.1213326,0.06748153,0.1851916,0.148055,0.006063163000000001,0.2006655,0.15091310000000002,0.02142204,0.1746078,0.2667251,-0.20786910000000003,0.1875346,0.16557950000000002,0.002745985,0.1845349,0.14239739999999998,-0.01201288,0.2154831,0.27831609999999996,-0.2004896,0.1720605,0.255134,-0.2152485,0.20300870000000001
377,17:16:41.326 PM,0.1453142,0.05512698,0.1463826,0.1351307,0.07675089,0.12981220000000002,0.1224772,0.08987449,0.121674,0.1268871,0.0923012,0.16844979999999998,0.100397,0.08351757,0.14469520000000002,0.10299389999999999,0.06318969999999999,0.14239939999999998,0.1116355,0.05246995,0.14718320000000001,0.11534360000000002,0.08948751,0.1846378,0.09360018,0.07267763,0.1540571,0.1046106,0.05121224,0.15658629999999998,0.11595119999999999,0.0450034,0.1660635,0.10506760000000001,0.08056454,0.20020410000000002,0.08659437,0.06573857,0.17034670000000002,0.1001589,0.046398,0.1709331,0.11221689999999998,0.04149885,0.18013270000000003,0.09434713,0.06914191,0.21169699999999997,0.08176641,0.06173827,0.1853029,0.09033965,0.04742576,0.1852161,0.1000523,0.04065357,0.193934,0.12040060000000001,0.06689201,0.1870741,0.14755,0.0054557469999999995,0.2017386,0.1500803,0.02105056,0.1758392,0.2668609,-0.2079513,0.1860642,0.1649609,0.00232307,0.18544860000000002,0.1420703,-0.01275228,0.2164611,0.2783062,-0.2004136,0.17055789999999998,0.2554156,-0.21548899999999999,0.20157049999999999
378,17:16:41.353 PM,0.1438198,0.05483834,0.1477507,0.13355229999999998,0.07655342,0.13135239999999998,0.12110689999999999,0.08984117,0.12316150000000001,0.12525250000000002,0.0917675,0.17035450000000002,0.09888407,0.08181809,0.1469307,0.10276689999999998,0.06166087,0.1450345,0.1120777,0.05158459,0.14994649999999998,0.11386789999999998,0.08875947,0.18661979999999997,0.09169789,0.07252879,0.15603329999999999,0.10280070000000001,0.05107476,0.1582313,0.11423039999999998,0.04459877,0.16741679999999998,0.10377730000000002,0.07965435,0.2022017,0.08511795,0.06497668,0.17238670000000003,0.09890378,0.04579099,0.172875,0.11107939999999998,0.04071425,0.1818185,0.09321921,0.06808086,0.2136936,0.08040877,0.06088682,0.18735220000000002,0.08903617,0.04661025,0.1870403,0.09886663,0.03965767,0.1954786,0.1190645,0.06617205,0.18882420000000003,0.1466158,0.00475724,0.2028284,0.14888289999999998,0.02058314,0.1769489,0.2672797,-0.20773779999999997,0.1852807,0.1639315,0.001823339,0.18640079999999998,0.1413664,-0.01355836,0.21750129999999998,0.27856220000000004,-0.2000469,0.1697305,0.25599720000000004,-0.2154286,0.20083099999999998
379,17:16:41.386 PM,0.14200190000000001,0.05341317,0.1498885,0.131497,0.07510726,0.1336131,0.11950910000000001,0.08862858,0.1251278,0.1225675,0.09003304,0.1732787,0.09650391,0.07793619,0.1505339,0.1020497,0.05814548,0.1489095,0.11223759999999999,0.04892643,0.1537689,0.1115231,0.08677705,0.18972979999999998,0.08883122,0.07075657,0.15941660000000002,0.10028939999999999,0.04946159,0.16131729999999997,0.1119595,0.04297905,0.17019070000000003,0.1018447,0.07744654,0.20543920000000002,0.08270688,0.06286754,0.1758803,0.09680852,0.04390742,0.1760774,0.1092249,0.03876038,0.18464160000000002,0.09165874,0.06566380000000001,0.21705370000000002,0.07833053,0.05867000000000001,0.1909162,0.08706811,0.04447307,0.1902441,0.0971424,0.03743847,0.1983189,0.11707200000000001,0.06425269,0.19171029999999997,0.1456761,0.003128901,0.20483339999999997,0.1472995,0.01915069,0.1790366,0.2678183,-0.20813330000000002,0.1831235,0.1626995,0.0004898543,0.188054,0.14086700000000002,-0.01535827,0.21944179999999996,0.27873459999999994,-0.2002092,0.1674296,0.256902,-0.2160574,0.1988174
380,17:16:41.417 PM,0.1406572,0.05095534,0.15225120000000003,0.1304779,0.07250418,0.1355804,0.1191984,0.08623038,0.1264739,0.1203125,0.08773296,0.1756003,0.09444364,0.07438461,0.15333650000000001,0.1005613,0.05472015,0.1523486,0.11093650000000001,0.04579915,0.15736660000000002,0.10948989999999999,0.08460562,0.192223,0.08653506,0.06807698,0.1623838,0.09825353,0.04694672,0.1645229,0.1100713,0.04062639,0.17331770000000002,0.1000664,0.07540442,0.2081623,0.08056744,0.06047456,0.1790171,0.0947451,0.04157098,0.17919079999999998,0.1073092,0.03638051,0.18751020000000002,0.09010325,0.06369711,0.2200435,0.07649197,0.05631943,0.19415829999999998,0.08530918,0.04216932,0.1935394,0.09552862,0.03526016,0.2015401,0.11521880000000001,0.06214572,0.1944129,0.1443858,0.001377717,0.20780429999999997,0.1456047,0.01709719,0.18192879999999997,0.2669851,-0.20933179999999998,0.1834522,0.1611108,-0.001158439,0.1907118,0.1399206,-0.01715708,0.22246149999999998,0.2775802,-0.2013325,0.1675774,0.2563899,-0.21733110000000003,0.1993271
381,17:16:41.449 PM,0.1392071,0.04915579,0.1551487,0.1293381,0.07078524,0.1383963,0.11884000000000002,0.08480988,0.12882349999999998,0.1180242,0.08574630000000001,0.17899489999999998,0.09232897,0.07189687,0.1568368,0.09887093,0.05236204,0.1560118,0.1093969,0.04363109,0.1610498,0.10732439999999999,0.08246736,0.1956677,0.08428686,0.06594856,0.1658871,0.09621662,0.04492725,0.167928,0.1081296,0.0386454,0.17662120000000003,0.09805954,0.07312734,0.211619,0.07840233,0.05831362,0.1825211,0.09266324,0.03947206,0.1824547,0.10531660000000001,0.034169599999999994,0.1905655,0.0882466,0.06129728,0.2235036,0.07445227,0.05407397,0.1976719,0.08331644,0.03996255,0.19686879999999998,0.09362739999999999,0.03294002,0.20465029999999998,0.1132144,0.0600356,0.19771329999999998,0.14279389999999997,-0.000643298,0.2106018,0.1438193,0.01524983,0.1848254,0.2650284,-0.21131910000000004,0.1842115,0.159417,-0.003088521,0.193397,0.1383943,-0.01926565,0.2251676,0.27553979999999995,-0.2032305,0.1683262,0.25451710000000005,-0.2194076,0.2000968
382,17:16:41.487 PM,0.1376126,0.04560016,0.1596815,0.1286931,0.06725477,0.14243570000000003,0.1192354,0.08154784,0.1321969,0.1157231,0.08266871,0.1835879,0.09001529,0.06886919,0.1614132,0.09642112,0.04928337,0.1607441,0.1068202,0.04042883,0.1658299,0.1049381,0.07956751,0.2002399,0.08188996,0.06304584,0.170469,0.09369817,0.0419804,0.1727477,0.1055278,0.03565653,0.18152390000000002,0.09553657,0.07038923,0.21620509999999998,0.07581149,0.05565445,0.187113,0.08988529,0.03667264,0.18716010000000002,0.10246400000000001,0.03126545,0.19531779999999999,0.08557864,0.05870579,0.22811410000000001,0.07179680000000001,0.05149616,0.2022719,0.08050266,0.03728445,0.2015057,0.0907234,0.03024973,0.2093945,0.1106215,0.0570948,0.2024162,0.13967290000000002,-0.003750548,0.21553379999999997,0.14087070000000002,0.01197588,0.18985439999999998,0.2616022,-0.21425619999999998,0.1865046,0.15623610000000002,-0.0060298190000000005,0.1982486,0.13530279999999997,-0.02252185,0.2299161,0.27206890000000006,-0.20601020000000003,0.17067079999999998,0.2511356,-0.22250229999999996,0.2023384
383,17:16:41.521 PM,0.1363373,0.04306398,0.1633956,0.1280654,0.06463699,0.1457299,0.1194375,0.07905819,0.13495279999999998,0.1132373,0.08037399,0.18764170000000002,0.0874306,0.06607644,0.1659016,0.09405594,0.04655774,0.165437,0.1045284,0.03774811,0.1704497,0.10267639999999999,0.07734634,0.2044501,0.07954732,0.06013648,0.1751353,0.09155878,0.03919856,0.1775254,0.1035739,0.03344719,0.1864428,0.09351330000000001,0.0682423,0.2205955,0.07368554,0.05295880000000001,0.19185839999999998,0.08794368,0.0341156,0.1920172,0.10063889999999999,0.02911358,0.2002527,0.08375194,0.05660336,0.2327091,0.06964759,0.04920454,0.20709539999999999,0.07841259,0.03502817,0.2063482,0.08875671,0.02825876,0.2143081,0.10847269999999999,0.05491035,0.2067063,0.1379062,-0.005736023000000001,0.21980460000000002,0.138732,0.009819776,0.19406700000000002,0.2597696,-0.21595749999999997,0.1885262,0.1541938,-0.007958585,0.2022523,0.1338049,-0.02453561,0.23422910000000002,0.2699641,-0.207669,0.17253770000000002,0.2495752,-0.224246,0.2045146
384,17:16:41.552 PM,0.13715120000000003,0.040827800000000004,0.1674598,0.1303128,0.06232001,0.14909879999999998,0.12261480000000001,0.07683407,0.1377589,0.11279639999999999,0.07912396,0.19200599999999998,0.08738901,0.06411593,0.17027509999999998,0.09411558,0.04462679,0.17039010000000002,0.10459600000000001,0.036072,0.1758105,0.1021048,0.0763398,0.20877359999999998,0.07955889,0.05814861,0.1795979,0.09159447,0.03730451,0.1826058,0.10353949999999999,0.03221832,0.1920076,0.09271973,0.06745525,0.2249136,0.07296126,0.05213119,0.1961508,0.08697621,0.03311001,0.19654570000000002,0.09951904,0.02865259,0.20531,0.08271758,0.05602641,0.23703049999999998,0.06885806,0.04834186,0.2113676,0.07747749999999999,0.03406794,0.21080839999999998,0.08767559,0.0277283,0.21929279999999998,0.1075403,0.05382757,0.2111634,0.1360973,-0.007138490999999999,0.22455830000000002,0.1371591,0.008214101,0.19888889999999998,0.257828,-0.2172325,0.1919374,0.1523842,-0.009258828,0.2069927,0.13198339999999997,-0.02602755,0.2388617,0.2680285,-0.2088481,0.1760029,0.24762759999999998,-0.22561679999999998,0.2078719
385,17:16:41.580 PM,0.13870570000000002,0.03963609,0.1726291,0.1329081,0.06150387,0.1543517,0.1255046,0.07630889,0.14319179999999998,0.1139086,0.07842813,0.1978547,0.08848643,0.06418936,0.17562850000000002,0.09507634,0.04465379,0.1757807,0.105457,0.03609605,0.1813856,0.1029735,0.07562341,0.21446120000000002,0.08035614,0.05839325,0.1847616,0.09197626,0.03730349,0.1876902,0.1036987,0.03181206,0.1971444,0.09320852,0.06670021,0.23035279999999997,0.07362622,0.05244295,0.20092820000000003,0.08520119999999999,0.03192838,0.2028178,0.09657783,0.02639614,0.2125121,0.08281082,0.05531396,0.2421735,0.06913689999999999,0.04823355,0.2162384,0.077355,0.03373946,0.2153812,0.08731278,0.02709375,0.2239172,0.10785460000000001,0.05295323,0.2165345,0.1349755,-0.008805186,0.2291565,0.1365297,0.006860808,0.20381629999999998,0.2560072,-0.21872339999999998,0.1929928,0.1513908,-0.01062595,0.21167689999999997,0.1306635,-0.02797624,0.2430197,0.2663709,-0.2100482,0.1773215,0.24564360000000002,-0.2273985,0.20866420000000002
386,17:16:41.614 PM,0.14267520000000003,0.03909765,0.1821462,0.1381695,0.06207283,0.1648921,0.1284991,0.07694243,0.15573470000000003,0.11834539999999999,0.07768358,0.2086951,0.09369835,0.06658266,0.18395150000000002,0.0994352,0.0467944,0.18318210000000001,0.1091431,0.03759106,0.1889665,0.1061974,0.0743549,0.22433320000000004,0.08514256,0.06035571,0.19191229999999998,0.09339326,0.03789707,0.1959001,0.1030509,0.03082813,0.2065631,0.09500366,0.06491686,0.23893209999999998,0.07687704,0.0534748,0.20742049999999998,0.08732992,0.03231232,0.20854410000000004,0.09777366,0.02547427,0.2184521,0.08335108,0.05330943,0.2492739,0.07109755,0.04869057,0.22210389999999997,0.07859746,0.03386663,0.22057070000000004,0.08766225,0.026033799999999996,0.22909429999999997,0.10995610000000001,0.05139546,0.2252198,0.1336854,-0.01215634,0.23550520000000003,0.1374396,0.004901394,0.2113823,0.2524323,-0.222475,0.19442910000000002,0.1512066,-0.01332425,0.21907480000000001,0.12803900000000001,-0.03202029,0.2478279,0.264016,-0.213127,0.1800525,0.24084850000000002,-0.231823,0.2088056
387,17:16:41.644 PM,0.1435313,0.03905289,0.19363740000000002,0.1365392,0.06271188,0.1782203,0.1253697,0.07722144,0.17024660000000003,0.1209931,0.07594244,0.22233670000000003,0.09793963,0.06793867,0.194984,0.1032742,0.04815353,0.1926879,0.11240080000000001,0.03828217,0.1983175,0.10764260000000002,0.07156824,0.23668960000000003,0.08862174,0.06167041,0.2015932,0.09590545,0.03861897,0.2036324,0.1045476,0.029948400000000003,0.2139871,0.09525610000000001,0.06117238,0.24958200000000003,0.07904242,0.05352871,0.21593579999999998,0.08881202,0.03201558,0.2154326,0.09838139,0.02359305,0.2250045,0.08271509,0.04896577,0.2580307,0.07215828,0.04751666,0.2298047,0.07937507,0.03269677,0.2272179,0.08768056,0.02356942,0.23521710000000004,0.1110693,0.0485485,0.23597729999999997,0.1331356,-0.01611307,0.24289270000000002,0.1390234,0.002857193,0.2204992,0.25056439999999996,-0.2266379,0.1991645,0.1519946,-0.01675201,0.22798539999999998,0.1260195,-0.03652661,0.2534271,0.263552,-0.2167506,0.18644360000000001,0.23757689999999998,-0.2365252,0.21188539999999997
388,17:16:41.673 PM,0.14365179999999997,0.04265378,0.2056547,0.13807360000000002,0.06795691,0.19245610000000002,0.12805460000000002,0.08373092,0.1854402,0.12359339999999999,0.07697789,0.2377808,0.1008768,0.07874967,0.20914499999999997,0.1020105,0.05906145,0.2032298,0.10835940000000001,0.04643841,0.2066874,0.109447,0.07165636,0.2509946,0.09041131,0.07170685,0.21459499999999998,0.09482479,0.04819949,0.2107311,0.10197139999999999,0.03581394,0.2179169,0.09608345,0.06047644,0.262117,0.07952841,0.061398400000000006,0.2278346,0.08691716,0.03972481,0.2221031,0.09541168,0.02783282,0.22839050000000002,0.08269212,0.04799993,0.2686191,0.07217009,0.05304690000000001,0.24082870000000003,0.07789585,0.03860964,0.23477409999999999,0.08532191,0.02692817,0.2396724,0.11196220000000001,0.048731699999999996,0.2478228,0.131079,-0.01733129,0.24917979999999998,0.1386956,0.003818706,0.22841750000000002,0.2426611,-0.23117,0.20624250000000002,0.15083629999999998,-0.01831046,0.2355049,0.1224798,-0.03773598,0.2585609,0.2568394,-0.22145720000000002,0.19471449999999998,0.22848289999999996,-0.24088270000000003,0.2177705
389,17:16:41.702 PM,0.145753,0.04820754,0.2206516,0.1413404,0.07393773,0.20783049999999997,0.1318854,0.08986153,0.20037370000000002,0.126028,0.08187531,0.2523454,0.1088663,0.1003249,0.2256728,0.1022062,0.08861028,0.2099598,0.10191889999999999,0.07469399,0.20546230000000001,0.109971,0.07670106,0.2632412,0.09452778,0.09190579,0.2282703,0.09351822,0.07309739,0.21292529999999998,0.09665516,0.05739333,0.21171220000000002,0.09471335,0.06573389,0.27187449999999996,0.08018391,0.07856016,0.23904120000000004,0.08321387,0.06042828,0.22414989999999999,0.0888633,0.04554771,0.22300309999999998,0.08000501,0.05367996,0.2758644,0.07090493,0.06617625,0.2499594,0.07528722,0.05470507,0.23864870000000002,0.08167402,0.0414982,0.23751079999999997,0.1118672,0.05383773,0.2592748,0.1274836,-0.01319471,0.2600891,0.13897779999999998,0.00851588,0.24139570000000005,0.23152260000000002,-0.2324386,0.22641889999999998,0.1489183,-0.01506358,0.2493467,0.1164527,-0.03325023,0.26746440000000005,0.24775540000000001,-0.2233453,0.21736,0.21528979999999998,-0.2415319,0.2354778
390,17:16:41.733 PM,0.154063,0.06468888,0.2509651,0.15233020000000003,0.09253602,0.24282070000000003,0.1450786,0.10967360000000001,0.23560570000000003,0.122118,0.08952389999999999,0.2806594,0.11344960000000001,0.12354369999999999,0.2707145,0.1097246,0.1361788,0.25517199999999995,0.1082345,0.1400467,0.2413768,0.1037232,0.08185984,0.2827634,0.09536427,0.1179741,0.2652713,0.09579732,0.1270441,0.24296500000000001,0.09854731,0.1252838,0.22743049999999998,0.08750832,0.06913669,0.28188240000000003,0.0748607,0.1005454,0.26474200000000003,0.07465358,0.11039760000000001,0.2437844,0.07790698,0.11128869999999999,0.22864829999999997,0.07369762,0.05649526,0.2768595,0.06219172,0.07986619,0.2618482,0.06481305,0.08613874,0.24691849999999999,0.07174163,0.08582385,0.234379,0.10925789999999999,0.06068058,0.2748822,0.12897930000000002,-0.00496164,0.26708909999999997,0.1454757,0.02112912,0.25968379999999996,0.2353263,-0.22362579999999999,0.2371335,0.15290879999999998,-0.006848157,0.26562620000000003,0.1156846,-0.02494154,0.2655564,0.2539385,-0.21457910000000002,0.23716839999999997,0.21671420000000002,-0.2326725,0.2370986
391,17:16:41.762 PM,0.1599414,0.06654789,0.28018740000000003,0.15976600000000002,0.09561993,0.2795873,0.1529537,0.1140661,0.2761582,0.12399769999999999,0.08392058,0.3114832,0.117095,0.11788779999999999,0.3232868,0.11364110000000001,0.13818370000000002,0.323747,0.1116969,0.15209070000000002,0.31990749999999996,0.1055296,0.07620977,0.3098454,0.09346431,0.1152734,0.3137572,0.09190612,0.13582639999999999,0.3010384,0.09421089999999999,0.1436498,0.2872565,0.08956610000000001,0.06431045,0.304272,0.07090025,0.0972815,0.30807690000000004,0.06353433,0.1186202,0.3012014,0.06216739,0.1310765,0.29138000000000003,0.07639645,0.05349062,0.2949481,0.05595406,0.07563035,0.2945928,0.04815473,0.08944033,0.2894991,0.04539239,0.101283,0.28127140000000006,0.11199169999999999,0.05757280000000001,0.2974829,0.1329385,-0.004841059,0.2767947,0.1499016,0.02254878,0.2764078,0.24234450000000002,-0.2207565,0.2389462,0.1568105,-0.006987535,0.2787524,0.12000710000000002,-0.02428612,0.2710522,0.2607462,-0.21210720000000002,0.24279629999999996,0.2239428,-0.2294058,0.23509610000000003
392,17:16:41.793 PM,0.1692511,0.04976167,0.2998366,0.1753821,0.07775538,0.30466459999999995,0.17157260000000002,0.09729998,0.3057612,0.13533299999999998,0.06632923,0.3374041,0.13502809999999998,0.09159099,0.3638482,0.1344296,0.109208,0.3744426,0.13361729999999997,0.12357080000000001,0.37659000000000004,0.1162625,0.06006764,0.3377054,0.10585209999999999,0.0907148,0.3629283,0.1008148,0.1139386,0.36749940000000003,0.09924106,0.12885739999999998,0.3619245,0.09870922,0.05014466,0.3331533,0.08186041,0.07667537,0.354616,0.07320677,0.09832712,0.358337,0.0701772,0.11307060000000001,0.3531296,0.08342501,0.04170783,0.3246434,0.06169789,0.05727302,0.33848979999999995,0.0507872,0.0692914,0.3422283,0.04443017,0.08230971,0.339798,0.1191883,0.04324625,0.3218973,0.1323955,-0.01661041,0.29065640000000004,0.15037709999999999,0.009784237,0.290089,0.23725900000000003,-0.23198229999999997,0.23931039999999998,0.1563405,-0.01879226,0.2902725,0.1189369,-0.03596576,0.28590570000000004,0.2559608,-0.2233956,0.2414938,0.2185572,-0.24056910000000004,0.237127
393,17:16:41.820 PM,0.175946,0.03208812,0.3182551,0.18720979999999998,0.05707328,0.32791529999999997,0.18707020000000002,0.07616188,0.3336473,0.14545229999999998,0.04511045,0.3613858,0.1511539,0.0605741,0.3940695,0.15398699999999999,0.07304189999999999,0.4102031,0.1554491,0.08496718,0.4183843,0.1260755,0.04006742,0.36288309999999996,0.1204443,0.05883561,0.3989632,0.11707550000000001,0.07630096,0.41539170000000003,0.11522550000000001,0.09156723,0.4197593,0.1073713,0.03226863,0.3587951,0.09497423,0.05330847,0.3880243,0.08840558,0.07413428,0.3970046,0.08550210000000001,0.08976604,0.3966872,0.09060546,0.02654071,0.3508378,0.0722103,0.03689046,0.3723437,0.06285794,0.04811652,0.38037259999999995,0.0569154,0.06137745,0.3824835,0.1258661,0.02641736,0.3440499,0.13132739999999998,-0.0277341,0.3024079,0.15054489999999998,-0.002193764,0.3031198,0.2269264,-0.24398960000000003,0.238306,0.1551297,-0.03048135,0.3003663,0.11708510000000001,-0.046612400000000005,0.2980394,0.24594870000000002,-0.2359241,0.23946950000000003,0.207904,-0.2520551,0.23714259999999998
394,17:16:41.848 PM,0.179288,0.01433264,0.3385881,0.1949072,0.03464837,0.3523254,0.199702,0.05106254,0.36260529999999996,0.15414160000000002,0.01964901,0.38692150000000003,0.164117,0.02785356,0.42121140000000007,0.16925220000000002,0.03665324,0.43913329999999995,0.1722764,0.04596238,0.4499299,0.1348033,0.01512934,0.3898886,0.13406500000000002,0.02700533,0.42924120000000004,0.1333591,0.04122357,0.4488795,0.1327597,0.054565300000000004,0.45773969999999997,0.1152403,0.009221539,0.3867473,0.10775599999999999,0.02720036,0.41950390000000004,0.1039387,0.04747064,0.4310278,0.1020066,0.0629154,0.43444220000000006,0.09725138,0.006163418,0.3800799,0.08335408,0.01370053,0.4057602,0.07711474,0.02550612,0.41575509999999993,0.07334666,0.0388426,0.4206563,0.1312954,0.006308421,0.36863759999999995,0.1285584,-0.03761394,0.3165272,0.1486247,-0.01278777,0.3192238,0.2172382,-0.24878520000000004,0.2295875,0.15206879999999998,-0.04015106,0.3121561,0.11391589999999999,-0.05619394,0.31220440000000005,0.2363147,-0.24076370000000002,0.2295634,0.1981618,-0.25680660000000005,0.22961170000000003
395,17:16:41.879 PM,0.1798263,-0.004394755,0.36420040000000004,0.1975821,0.01085417,0.3814442,0.20518089999999997,0.02333237,0.3950321,0.1570839,-0.008503288000000001,0.41394780000000003,0.1691825,-0.002437249,0.44800270000000003,0.17489079999999999,0.00662075,0.46562159999999997,0.1779812,0.0160525,0.4762929,0.1379713,-0.01373149,0.41719929999999994,0.1390151,-0.005457908000000001,0.45745509999999995,0.13911379999999998,0.006809666999999999,0.47837479999999993,0.1389321,0.017859299999999998,0.4899772,0.1181663,-0.01886937,0.4142224,0.11191369999999999,-0.00341703,0.4484937,0.10861480000000001,0.01548804,0.46227959999999996,0.1069181,0.03053571,0.4672488,0.09969925,-0.02039592,0.4083839,0.08857805,-0.01415069,0.43571400000000005,0.0845038,-0.001994699,0.4463875,0.08237159,0.01123516,0.45243359999999994,0.1328017,-0.01731469,0.39479359999999997,0.1263492,-0.04867309,0.3349442,0.1462123,-0.02409098,0.3411274,0.21718679999999999,-0.2460691,0.2218465,0.1496943,-0.04990035,0.3293055,0.11208779999999999,-0.06718543,0.3292731,0.23599,-0.23742660000000002,0.22186260000000002,0.1983836,-0.2547116,0.22183029999999998
396,17:16:41.908 PM,0.1793316,-0.02194485,0.3874225,0.196536,-0.01042949,0.4078453,0.20364820000000003,-0.0007549822,0.423791,0.1552809,-0.03241165,0.43509890000000007,0.16649339999999999,-0.02976122,0.4698866,0.1719114,-0.02340069,0.488733,0.17493699999999998,-0.01588595,0.5008459,0.136037,-0.03777625,0.43712219999999996,0.1353831,-0.03180271,0.4777955,0.1346394,-0.02065463,0.4993254,0.1340155,-0.01025639,0.5115085,0.11623030000000001,-0.04204096,0.4329987,0.10883310000000002,-0.02920769,0.4681134,0.1052241,-0.01197392,0.48386769999999996,0.10380430000000002,0.0030331159999999998,0.4890393,0.09786858,-0.04230343,0.426655,0.08625396,-0.03802468,0.4541594,0.08206618,-0.02740732,0.46632559999999995,0.07985277,-0.01530141,0.47436629999999996,0.13128199999999998,-0.03763324,0.4143332,0.1258103,-0.05930416,0.3503728,0.1457019,-0.035937699999999996,0.3605067,0.21891149999999998,-0.2447011,0.22006810000000002,0.14931070000000002,-0.06015325,0.34534040000000005,0.11162000000000001,-0.07699478,0.34237470000000003,0.23775679999999996,-0.2362804,0.2215509,0.2000661,-0.2531219,0.2185853
397,17:16:41.936 PM,0.18010120000000002,-0.03533229,0.40423259999999994,0.19590760000000002,-0.02598523,0.4267866,0.20169520000000002,-0.01786061,0.4440795,0.1544809,-0.04879531,0.449587,0.1647494,-0.04849364,0.4847653,0.16989079999999998,-0.04421276,0.5042674,0.1728418,-0.03806581,0.5171482,0.13507349999999999,-0.05386512,0.45051990000000003,0.1325933,-0.04934718,0.4913112,0.13104000000000002,-0.03964488,0.5134887,0.1300347,-0.02977592,0.5260803000000001,0.1153365,-0.05730477,0.4454072,0.1066721,-0.04764163,0.48124170000000005,0.10217689999999999,-0.03440714,0.5002959,0.10014429999999999,-0.02141772,0.5093062,0.0972008,-0.05660257,0.4384723,0.08427058,-0.05367219,0.46556400000000003,0.0790661,-0.04521358,0.4789702,0.07590581,-0.03484783,0.48890779999999995,0.1311047,-0.05167957,0.4276828,0.12731769999999998,-0.06811658,0.36213959999999995,0.1473892,-0.04575944,0.37468920000000006,0.2184791,-0.2512397,0.22731469999999998,0.1509287,-0.06956443,0.3578114,0.1128228,-0.08498104,0.35298520000000005,0.23753200000000002,-0.24353139999999998,0.2297277,0.19942620000000003,-0.2589481,0.2249016
398,17:16:41.967 PM,0.18146170000000003,-0.044306,0.4173122,0.19565510000000003,-0.03629105,0.4413982,0.2003765,-0.02925169,0.45947250000000006,0.15543420000000002,-0.06069367,0.46046909999999996,0.16512879999999996,-0.06185761,0.4957916,0.17007220000000003,-0.05887656,0.5155842,0.17293229999999998,-0.05353382,0.5288387,0.1359375,-0.06549497,0.4606709,0.1327065,-0.06161807,0.5014755,0.1308535,-0.05362219,0.524301,0.1297208,-0.04521671,0.5379024,0.11626320000000001,-0.06826125,0.4549446,0.1068901,-0.06060927,0.49108450000000003,0.1019673,-0.0494134,0.5113028000000001,0.09951527,-0.03818868,0.5223472,0.09829056,-0.06680027,0.44771049999999996,0.08461016,-0.06444615,0.474488,0.07873698,-0.05749877,0.48847290000000004,0.07505092,-0.04825635,0.4992974,0.1324847,-0.06172583,0.4379572,0.1295893,-0.07410014,0.3715231,0.1499709,-0.05255157,0.385818,0.2152526,-0.2562346,0.23184570000000004,0.15317279999999997,-0.0762948,0.36736290000000005,0.11457200000000001,-0.09011892,0.36171570000000003,0.234553,-0.2493226,0.23466929999999997,0.19595220000000002,-0.2631467,0.2290221
399,17:16:41.996 PM,0.18237420000000001,-0.046115699999999996,0.4226147,0.19546660000000002,-0.03781296,0.44722219999999996,0.199622,-0.03081755,0.46545240000000004,0.15768770000000001,-0.06475027,0.464811,0.1677406,-0.06638047,0.5000149,0.1728907,-0.06394896,0.5198303,0.17584860000000002,-0.05892573,0.5331878999999999,0.1382473,-0.06977604,0.4649857,0.13537449999999998,-0.06544763,0.5057716,0.1336697,-0.05795409,0.5287786,0.13257850000000002,-0.05027196,0.5428053,0.1185792,-0.07263191,0.45928199999999997,0.1095719,-0.06580907,0.4956805,0.1047558,-0.05526911,0.5162742,0.10221060000000001,-0.04474628,0.5279703,0.1005582,-0.07120755,0.4521617,0.08712903,-0.06884052,0.47906509999999997,0.08124653,-0.06226248,0.4932241,0.07756016,-0.05321114,0.5042089,0.13464779999999998,-0.06552026,0.44238059999999996,0.1312553,-0.07642189,0.375639,0.1517894,-0.05494063,0.39039250000000003,0.21148579999999997,-0.2555663,0.2290357,0.1547094,-0.07877214,0.3708755,0.1158242,-0.09198608,0.36574209999999996,0.2309284,-0.2489593,0.23160239999999999,0.1920431,-0.2621732,0.226469
400,17:16:42.027 PM,0.182551,-0.0437277,0.422573,0.194883,-0.03358799,0.4468811,0.1983756,-0.025486900000000003,0.4647883,0.1611984,-0.06332873,0.46518190000000004,0.17266600000000001,-0.06426603,0.4999754,0.1786399,-0.06178258,0.5195512999999999,0.1821547,-0.05679871,0.532788,0.141844,-0.06857978,0.4662004,0.1407726,-0.0630955,0.5069332999999999,0.14004339999999998,-0.05580467,0.5300564,0.1395082,-0.04827465,0.5441971,0.12201689999999998,-0.07180616,0.4613035,0.1148319,-0.06397565,0.49790280000000003,0.11098630000000001,-0.05280299,0.5183657,0.10890430000000001,-0.04213764,0.5300241,0.10372819999999999,-0.07076848,0.454829,0.09150919,-0.06732112,0.4821874,0.08617534,-0.06035247,0.4963764,0.08286119,-0.05102454,0.5072476,0.1373564,-0.06491341,0.44365150000000003,0.1314717,-0.0771405,0.37718809999999997,0.15242560000000002,-0.05538714,0.3908257,0.20539839999999998,-0.2534145,0.2239463,0.1546794,-0.07927965,0.3712611,0.1156566,-0.09262875,0.3677908,0.2249098,-0.24674000000000001,0.2256815,0.185887,-0.2600891,0.2222111
401,17:16:42.057 PM,0.1823201,-0.03931025,0.4208449000000001,0.1938011,-0.02738689,0.4447592000000001,0.1965155,-0.01819918,0.4622738,0.16361979999999998,-0.05947186,0.4637317,0.17571420000000001,-0.05922948,0.498325,0.1820307,-0.05622864,0.5177205,0.1857829,-0.05104448,0.5308145000000001,0.1443546,-0.06490660000000001,0.4653227,0.1443316,-0.05843468,0.5059257,0.14416070000000003,-0.05080558,0.5289505999999999,0.14392220000000003,-0.04281089,0.5428424,0.12446760000000001,-0.06850173,0.4609518,0.1183434,-0.05909432,0.4973734,0.1150532,-0.04687902,0.5173319000000001,0.11322839999999999,-0.03579345,0.5286361999999999,0.10603489999999999,-0.06786537,0.4548433,0.09467625,-0.06298891,0.4823557,0.08980313,-0.05522227,0.4962942,0.08679415,-0.04538374,0.5067981,0.1393481,-0.0619738,0.44277520000000004,0.1319884,-0.07602733,0.3767047,0.1531833,-0.05387954,0.3893749,0.2004405,-0.2518431,0.22041889999999997,0.15497270000000002,-0.07815064,0.36995759999999994,0.11584929999999999,-0.09148561,0.3678232,0.22000219999999998,-0.2451756,0.2214861,0.1808787,-0.25851060000000003,0.21935170000000004
402,17:16:42.091 PM,0.18281660000000002,-0.03233281,0.4163004,0.1940642,-0.01900423,0.439575,0.1970536,-0.009027943,0.4566066,0.1656757,-0.0526413,0.45962879999999995,0.1770079,-0.05059813,0.4944199000000001,0.1827557,-0.04643631,0.5137776,0.1860427,-0.04061846,0.5267295,0.1465712,-0.05854183,0.46147829999999995,0.146798,-0.05193755,0.5020592,0.1466739,-0.044347000000000004,0.5250971999999999,0.1463719,-0.03632449,0.5389716999999999,0.1267713,-0.06280245,0.45731579999999994,0.12082930000000001,-0.0520471,0.49339279999999996,0.11749069999999999,-0.03882121,0.512688,0.11552910000000002,-0.02729081,0.5235143,0.10830330000000002,-0.06284879,0.4512813,0.09725194,-0.05713519,0.4787577,0.09244082,-0.04885869,0.4924217000000001,0.08934979,-0.03872515,0.5026168,0.1413953,-0.05643231,0.438877,0.1337475,-0.07266171,0.37323909999999993,0.1547885,-0.049597,0.3851888,0.1972152,-0.2519152,0.21876610000000002,0.1565187,-0.07498673,0.365865,0.117323,-0.08826205,0.3651659,0.216813,-0.2452775,0.21911570000000002,0.1776174,-0.25855279999999997,0.21841649999999999
403,17:16:42.123 PM,0.1833813,-0.02702384,0.4116151,0.1949576,-0.0127984,0.4341866,0.19856529999999997,-0.002270654,0.45076009999999994,0.16674760000000002,-0.04678114,0.45555920000000005,0.1769756,-0.04331177,0.49057860000000003,0.18194720000000003,-0.03812112,0.5099024000000001,0.1846029,-0.03162105,0.5226729999999999,0.1477825,-0.05307111,0.45755340000000005,0.1476571,-0.04574725,0.498011,0.14718689999999998,-0.03718463,0.5207007,0.1465829,-0.0284832,0.5341491,0.1280943,-0.0579077,0.45349120000000004,0.12192760000000001,-0.04617403,0.489224,0.11831010000000002,-0.03229403,0.5080027,0.1161026,-0.02041855,0.5184,0.109643,-0.05855447,0.44744040000000007,0.09858493,-0.05257596,0.47485770000000005,0.09363031,-0.04415318,0.4883803,0.09029557,-0.03397527,0.4984536,0.14259829999999998,-0.05171975,0.43489629999999996,0.1351003,-0.07001406,0.3697218,0.1559224,-0.04608765,0.3810518,0.1953354,-0.2537591,0.2192866,0.15772579999999997,-0.07260486,0.3619963,0.1184982,-0.08579776,0.36240370000000005,0.2149492,-0.24716269999999999,0.21908289999999997,0.1757216,-0.2603556,0.21949029999999997
404,17:16:42.152 PM,0.18372460000000002,-0.02431843,0.4075919,0.1956707,-0.009464696,0.42955829999999995,0.1994969,0.0015433729999999998,0.4457670999999999,0.1672652,-0.04316448,0.4521582,0.1772977,-0.03899509,0.48715820000000004,0.1820855,-0.03319073,0.5063538,0.1845446,-0.02614163,0.5188705,0.1483266,-0.04946876,0.45435010000000003,0.14808570000000001,-0.04117343,0.49461930000000004,0.1474768,-0.03152861,0.5168675,0.1467567,-0.02203149,0.5297608,0.128649,-0.05447958,0.4504514,0.1225113,-0.0423414,0.4860538,0.1188639,-0.028275099999999997,0.5046875,0.11663119999999999,-0.01616469,0.5148049,0.1101893,-0.05534907,0.44445379999999995,0.09919903,-0.04899105,0.4718129,0.09425879,-0.040313999999999996,0.48517910000000003,0.09093362,-0.029902800000000004,0.4950144,0.1430971,-0.04872325,0.43167520000000004,0.1355125,-0.06871095,0.3669955,0.15630460000000002,-0.04443975,0.3776777,0.19539310000000001,-0.2557275,0.2204994,0.15811,-0.07144582,0.3592377,0.118903,-0.08467775,0.3601037,0.21499659999999998,-0.24911149999999999,0.22006639999999997,0.17578970000000002,-0.2623435,0.2209323
405,17:16:42.190 PM,0.1832664,-0.02118923,0.4033525,0.1949722,-0.00544998,0.4248269,0.1984805,0.006156534,0.44068679999999993,0.1673852,-0.03935049,0.4484262,0.1774135,-0.03441367,0.48332749999999997,0.18216629999999998,-0.02815095,0.5023875,0.1845552,-0.02073771,0.5147060999999999,0.1484963,-0.04572575,0.4508317,0.14818489999999998,-0.03629316,0.4908495,0.1474733,-0.025794799999999996,0.5127050999999999,0.1466649,-0.01582412,0.5252306,0.1288463,-0.05097795,0.44711540000000005,0.12278710000000001,-0.038223,0.4825151,0.11911889999999999,-0.02387467,0.5009285,0.1168415,-0.011589299999999999,0.5108226,0.1103805,-0.05213866,0.44118620000000003,0.09936044,-0.04532723,0.4684241,0.09434255,-0.03645374,0.48163149999999993,0.09090482,-0.02592379,0.49130039999999997,0.1432134,-0.04563056,0.42815690000000006,0.1356832,-0.06736949,0.3640305,0.1562751,-0.04271694,0.3740325,0.1976364,-0.2565964,0.22128,0.15830829999999999,-0.07000397,0.3563183,0.11925350000000001,-0.0836577,0.3574676,0.21716370000000002,-0.2497695,0.2207053,0.178109,-0.26342329999999997,0.22185460000000004
406,17:16:42.226 PM,0.1826141,-0.01895089,0.4003685,0.1939634,-0.002605617,0.4215795,0.1971881,0.009378418000000001,0.437217,0.16722879999999998,-0.03682153,0.44565950000000004,0.1774113,-0.03107616,0.48039209999999993,0.18221579999999998,-0.02432999,0.4992732,0.1846184,-0.01661059,0.5113996,0.1483769,-0.04326361,0.44817399999999996,0.14827939999999998,-0.03355837,0.48812749999999994,0.1477011,-0.02323951,0.5100722,0.1469707,-0.01350303,0.5227854000000001,0.12875630000000002,-0.04868717,0.44454940000000004,0.12278330000000001,-0.03567785,0.47987109999999994,0.1191097,-0.02133325,0.4982863,0.11679439999999999,-0.009089126999999999,0.5082226,0.1102963,-0.050049300000000005,0.4386451,0.09906086,-0.04303193,0.4657423,0.09386273,-0.03414598,0.4788713,0.09023727,-0.0236261,0.48848240000000004,0.1430895,-0.04356892,0.4255022,0.135774,-0.06633525,0.3617176,0.1561249,-0.04146612,0.371334,0.20099229999999998,-0.2562943,0.2214145,0.1584701,-0.06874702,0.3541426,0.1195997,-0.08291938,0.35526230000000003,0.2204275,-0.24920810000000002,0.22085470000000001,0.18155710000000003,-0.26338049999999996,0.22197440000000002
407,17:16:42.260 PM,0.182359,-0.01788162,0.39862309999999995,0.1935318,-0.001272112,0.4197223,0.19665539999999998,0.01089725,0.43523670000000003,0.16707760000000002,-0.03543136,0.4439437,0.1776624,-0.02939023,0.4785054,0.18274820000000003,-0.02259189,0.4972939,0.1853703,-0.0148451,0.5093571,0.1481957,-0.04177937,0.4464729,0.14810820000000002,-0.031714099999999995,0.4863373,0.1475685,-0.02130391,0.5082398,0.1468845,-0.01157826,0.5209636999999999,0.1285652,-0.04716852,0.4428509,0.12255719999999999,-0.03382859,0.4780432,0.1188895,-0.01937099,0.49637120000000007,0.1165931,-0.00704512,0.5062106,0.11011610000000001,-0.04852386,0.4369113,0.0985659,-0.04114296,0.46377870000000004,0.09322254,-0.03210345,0.4767438,0.0894917,-0.02148587,0.4862062,0.14296729999999996,-0.04229598,0.42379120000000003,0.13582560000000002,-0.06561388,0.360197,0.1561537,-0.04079103,0.3696397,0.2029864,-0.25595619999999997,0.22133930000000002,0.1585896,-0.06795725,0.3528065,0.1197777,-0.08230475,0.3537017,0.2223924,-0.2487825,0.2208917,0.18358039999999998,-0.2631299,0.2217868
408,17:16:42.296 PM,0.1821949,-0.01631822,0.3971484,0.1929573,0.0007769763000000001,0.41807269999999996,0.195569,0.01327235,0.43342240000000004,0.1670544,-0.03360821,0.4426388,0.17801370000000002,-0.02755393,0.4770811,0.183304,-0.02063313,0.49576809999999993,0.18603270000000002,-0.01267453,0.5076688,0.1481551,-0.03989702,0.4451852,0.1481215,-0.02982831,0.4850488,0.14761329999999998,-0.0193153,0.5069029,0.1469363,-0.009353966,0.5194437,0.12852950000000002,-0.04530632,0.44156599999999996,0.1225307,-0.032074599999999995,0.47680059999999996,0.11887069999999998,-0.01757286,0.495095,0.11660519999999999,-0.005003273,0.5046286,0.1100991,-0.04671396,0.4355807,0.09821503,-0.03923637,0.4622751,0.09272637,-0.03002644,0.47505820000000004,0.08896717,-0.01912111,0.484176,0.1430039,-0.04070243,0.4224942,0.1361369,-0.06475691,0.359136,0.1563785,-0.03992204,0.3683735,0.20522579999999999,-0.2550496,0.2211585,0.1589602,-0.06699242,0.3518966,0.1202224,-0.08155068,0.3525777,0.2245947,-0.2477705,0.2208179,0.185857,-0.2623287,0.2214991
409,17:16:42.328 PM,0.1794956,-0.01291725,0.3959101,0.188716,0.004985526,0.4168954000000001,0.19027020000000003,0.0178027,0.4321223,0.166494,-0.03193718,0.44088240000000006,0.177397,-0.02639127,0.4754281,0.1825174,-0.0193868,0.4941312,0.18500239999999998,-0.01118095,0.5059167,0.1476792,-0.03849593,0.4433742,0.147549,-0.02904333,0.48338820000000005,0.14686129999999997,-0.01838115,0.505165,0.1459903,-0.008057340999999999,0.5173968,0.1281407,-0.04417644,0.4397,0.12223210000000001,-0.03142555,0.47512659999999995,0.1185355,-0.01661876,0.4931678,0.1162412,-0.003580049,0.5020415,0.1097462,-0.04583536,0.4336683,0.09758942,-0.03868216,0.4603288,0.09202369,-0.02913766,0.47283000000000003,0.08834637,-0.01771788,0.48133050000000005,0.1425943,-0.03934069,0.42066980000000004,0.136205,-0.0634447,0.3573065,0.1560861,-0.03829217,0.36658270000000004,0.20798409999999998,-0.254433,0.2216833,0.15907449999999998,-0.06548534,0.35015559999999996,0.1205135,-0.0805029,0.35089509999999996,0.2272646,-0.24692429999999999,0.22131350000000002,0.1887036,-0.26194179999999995,0.2220531
410,17:16:42.358 PM,0.1724499,-0.008482158,0.3943554,0.17863339999999997,0.01043424,0.4155576,0.17846489999999998,0.02350257,0.4306445,0.16438640000000002,-0.03023352,0.4381164000000001,0.1748381,-0.02442947,0.47275870000000003,0.1794785,-0.01708968,0.4914581,0.18147839999999998,-0.008666679,0.503182,0.1458257,-0.03750697,0.44052700000000006,0.1454171,-0.02783857,0.48048739999999995,0.1442894,-0.01653047,0.5019170000000001,0.1430119,-0.0058613269999999995,0.5138117,0.1265226,-0.04389599,0.4367745,0.12059380000000001,-0.02973408,0.471656,0.1166675,-0.01345438,0.4883228,0.11414049999999999,0.0002582669,0.49603739999999996,0.10821710000000001,-0.04621045,0.4306893,0.09597345,-0.03854711,0.45716709999999994,0.09048666,-0.02796951,0.4688416,0.08701006,-0.01566204,0.47608950000000005,0.1408266,-0.0384167,0.41780609999999996,0.13547279999999998,-0.06252666,0.35437490000000005,0.1543894,-0.03656465,0.3637585,0.2143614,-0.25192960000000003,0.22049499999999997,0.1584247,-0.06382135,0.347315,0.1204098,-0.08017226,0.3480468,0.2333689,-0.24375410000000003,0.22012910000000002,0.195354,-0.26010500000000003,0.2208609
411,17:16:42.387 PM,0.167009,-0.004046768,0.39197529999999997,0.1685419,0.01563929,0.41332920000000006,0.164367,0.02856241,0.4279616,0.1620954,-0.02681229,0.4352387,0.1711447,-0.02046865,0.47018009999999993,0.1747216,-0.0124052,0.48881540000000007,0.17585620000000002,-0.0034641470000000003,0.5002686,0.1436853,-0.03453854,0.437381,0.1423409,-0.02466077,0.4772697,0.1404116,-0.01245618,0.4981433,0.13853139999999997,-0.001062244,0.5092608000000001,0.1246221,-0.04145142,0.43334049999999996,0.1178846,-0.0243732,0.4667394,0.11351030000000001,-0.005130604,0.4797385,0.11082539999999999,0.009909436,0.48427749999999997,0.10649439999999999,-0.04428522,0.4269495,0.09401102,-0.03476721,0.45270429999999995,0.08893999,-0.02219254,0.46242619999999995,0.08628568,-0.008442044000000001,0.4669056,0.1391231,-0.0357668,0.4145833,0.13556629999999997,-0.06053466,0.3512794,0.1536111,-0.03402165,0.36077270000000006,0.2219538,-0.2487859,0.2204324,0.1586731,-0.06127084,0.34465809999999997,0.1210982,-0.07862361,0.34481609999999996,0.2407413,-0.24010949999999998,0.2203534,0.2031664,-0.2574623,0.2205114
412,17:16:42.420 PM,0.16360070000000002,0.004472747,0.38698790000000005,0.1589814,0.02408789,0.40795190000000003,0.14935929999999997,0.03559466,0.4211161,0.15970789999999999,-0.01814097,0.4300414000000001,0.1653961,-0.01128323,0.4655873,0.1666506,-0.0025030820000000002,0.48419700000000004,0.1660195,0.006899341999999999,0.4953117,0.14165870000000003,-0.02683373,0.43140100000000003,0.13701359999999999,-0.01598322,0.47078420000000004,0.1326829,-0.002010569,0.49012910000000004,0.1292093,0.01058286,0.49941220000000003,0.12322770000000001,-0.03484325,0.42653950000000007,0.1135863,-0.01332134,0.4564742,0.10816780000000001,0.009001613,0.4619758,0.10558440000000001,0.02448012,0.4592532999999999,0.10562830000000001,-0.0387643,0.4193048,0.09283678,-0.02390315,0.44221579999999994,0.08954137,-0.007950902,0.4457464,0.08880826,0.006655768,0.4443705,0.1383321,-0.02865297,0.40843,0.138703,-0.05472398,0.3454272,0.1554144,-0.02692272,0.3553861,0.22755340000000002,-0.24536449999999999,0.2197951,0.1619217,-0.05555522,0.3392216,0.1243693,-0.07295679,0.33906959999999997,0.24632960000000004,-0.2366637,0.2198711,0.2087772,-0.2540653,0.21971910000000003
413,17:16:42.448 PM,0.1618,0.01338136,0.3808913,0.15685629999999998,0.03266822,0.4020915,0.1460003,0.04314129,0.4151683,0.1585044,-0.01004525,0.4237863,0.1604579,0.001150936,0.4586262,0.1577377,0.01457885,0.4740312,0.1535596,0.027184800000000002,0.48002910000000004,0.14109539999999998,-0.01999389,0.4248664000000001,0.13425079999999998,-0.005588025,0.4627621,0.12797429999999999,0.01137653,0.47892250000000003,0.1231828,0.02577759,0.4840777,0.12331210000000001,-0.02920786,0.41973069999999996,0.1122749,-0.004608393,0.446667,0.1063597,0.01826258,0.4461526,0.1042153,0.03175248,0.4379436,0.106093,-0.03425509,0.41228000000000004,0.09346168,-0.01613137,0.4328153,0.09159812,0.00038155910000000004,0.43134279999999997,0.09323878,0.01291291,0.4238332,0.13810429999999999,-0.02174629,0.40184380000000003,0.14030789999999999,-0.04745774,0.3387126,0.15548620000000002,-0.01814765,0.34899070000000004,0.22972849999999997,-0.24111999999999997,0.21820520000000002,0.1634612,-0.0482501,0.33226259999999996,0.1260966,-0.06603161,0.3331118,0.2484109,-0.23222929999999997,0.21778070000000002,0.2110462,-0.2500108,0.21862979999999999
414,17:16:42.481 PM,0.16258770000000003,0.02618138,0.3564222,0.16133820000000001,0.04905517,0.37432859999999996,0.152829,0.06199722,0.38691620000000004,0.15981170000000003,0.01059031,0.4033323,0.1491524,0.04100515,0.42053640000000003,0.1385911,0.05287273,0.407674,0.1337445,0.05362879,0.39405100000000004,0.1437021,-0.0007040203,0.40732270000000004,0.130735,0.034680199999999994,0.42340649999999996,0.1227511,0.0498042,0.40662070000000006,0.12051980000000001,0.05135857,0.3910681,0.12678419999999999,-0.01237264,0.40510830000000003,0.1137548,0.0222915,0.41380550000000005,0.1097763,0.03321938,0.3934327,0.11073759999999999,0.03092961,0.3778594,0.1098328,-0.02029493,0.3998958,0.10033610000000001,0.007195815,0.40768540000000003,0.10099019999999999,0.01616164,0.3937192,0.1045604,0.01491548,0.3795993,0.13961110000000002,-0.006634384,0.38519050000000005,0.1405555,-0.04196696,0.32665320000000003,0.1534336,-0.01037319,0.3313196,0.23669659999999998,-0.2376657,0.21494229999999998,0.1629116,-0.0412769,0.31781820000000005,0.1278134,-0.06222689,0.3243172,0.2542457,-0.22719070000000002,0.2116928,0.2191475,-0.24814070000000002,0.21819179999999996
415,17:16:42.515 PM,0.16752229999999999,0.03325169,0.3277889,0.16759079999999998,0.06028487,0.338479,0.1601757,0.07706119,0.3463317,0.1580439,0.0316961,0.3773994,0.1435558,0.06329708,0.36607890000000004,0.1374134,0.05895476,0.3469295,0.1368589,0.04838558,0.33697699999999997,0.14098929999999998,0.02264635,0.3829103,0.128755,0.0576023,0.3653267,0.1271914,0.04921143,0.34270059999999997,0.1294396,0.03563298,0.33459340000000004,0.12353650000000001,0.01156825,0.3825044,0.11346210000000001,0.04366378,0.3647853,0.11586510000000001,0.03472124,0.3431092,0.1200072,0.02083664,0.33658590000000005,0.10650430000000001,0.0032658279999999997,0.37820820000000005,0.10215919999999999,0.03055863,0.3663026,0.10512370000000001,0.02647676,0.35044190000000003,0.1087208,0.014407900000000001,0.34293640000000003,0.1380646,0.01105088,0.36294509999999996,0.1413558,-0.03763737,0.3148674,0.1553196,-0.007935569,0.313477,0.2483031,-0.23868910000000002,0.22458670000000003,0.1640615,-0.03694053,0.3069783,0.1293448,-0.05843938,0.31372849999999997,0.2656615,-0.2279397,0.2212116,0.2309447,-0.24943850000000004,0.2279618
416,17:16:42.547 PM,0.16187390000000001,0.03866889,0.3028603,0.1600346,0.06730847,0.3074825,0.1515388,0.08492155,0.3114696,0.1528683,0.04685481,0.35188,0.13648870000000002,0.06896953,0.32774509999999996,0.13217920000000002,0.05626361,0.3121315,0.1337843,0.0422426,0.3085675,0.1360652,0.03852214,0.35903470000000004,0.123376,0.06156816,0.3274891,0.1239011,0.04347192,0.3113886,0.1275351,0.02787746,0.3112919,0.1190307,0.026956599999999997,0.3608252,0.1093509,0.04955508,0.3317314,0.11353889999999998,0.03296582,0.3154479,0.11854110000000001,0.01784711,0.3158873,0.1023785,0.01730634,0.35823390000000005,0.09843064,0.038455800000000005,0.33712109999999995,0.102136,0.02899574,0.3238938,0.10609660000000001,0.01492761,0.32236620000000005,0.133875,0.02291147,0.3419158,0.13945510000000003,-0.03422695,0.30436409999999997,0.1525799,-0.005325228,0.2976446,0.2515301,-0.242106,0.23923000000000003,0.1620083,-0.03389218,0.2960218,0.1281093,-0.05534964,0.306193,0.2684797,-0.23137729999999998,0.2341444,0.2345806,-0.25283479999999997,0.24431570000000002
417,17:16:42.578 PM,0.1485403,0.03826146,0.2746599,0.14051789999999997,0.06614538,0.2726196,0.1285843,0.08209653,0.27393259999999997,0.1458346,0.05867635,0.3204381,0.1221099,0.06668653,0.2936678,0.12033920000000001,0.04799603,0.2851348,0.1257625,0.03464471,0.28735170000000004,0.1321556,0.05037771,0.3325763,0.1108917,0.06096478,0.2990084,0.11330839999999999,0.03880719999999999,0.28943240000000003,0.12005530000000002,0.02477865,0.2932651,0.11810119999999999,0.03744538,0.340506,0.09989819,0.04897185,0.30905959999999993,0.1073587,0.03024249,0.2967269,0.1163781,0.01737677,0.29942290000000005,0.1034178,0.02512889,0.3437163,0.09246938,0.03854795,0.31901609999999997,0.09646458,0.02568631,0.30916540000000003,0.1028375,0.01255302,0.3109341,0.1305675,0.03036205,0.3207855,0.14061279999999998,-0.03380989,0.2980122,0.14778470000000002,-0.006346524,0.2825123,0.2584875,-0.24098870000000003,0.24139899999999997,0.1605842,-0.03327463,0.28462729999999997,0.1324289,-0.05506302,0.30573579999999995,0.2725651,-0.2300945,0.2308447,0.24440979999999998,-0.25188289999999997,0.2519532
418,17:16:42.609 PM,0.1396433,0.030443,0.2452677,0.12798980000000001,0.05544706,0.23608099999999999,0.1150971,0.07053368,0.23394410000000002,0.13416689999999998,0.06434362,0.2821192,0.1047319,0.05752794,0.2614105,0.11047939999999999,0.03804521,0.2579437,0.1214875,0.02922465,0.2615865,0.12517730000000002,0.05891965,0.2992302,0.0963901,0.05319639,0.27046950000000003,0.1032655,0.03006186,0.26815490000000003,0.1139932,0.01983757,0.2742413,0.11616939999999999,0.04766493,0.31404240000000005,0.09073035,0.04421951,0.2859001,0.09886791,0.02255221,0.28117420000000004,0.10993879999999999,0.01233312,0.2863578,0.1055827,0.03517993,0.3244945,0.08761682,0.03690033,0.3003485,0.0932371,0.02210085,0.2950969,0.10270710000000001,0.01166062,0.2992671,0.1262586,0.03603549,0.2951415,0.14545279999999997,-0.02976893,0.2899204,0.14454129999999998,-0.00873825,0.2674271,0.2665946,-0.23247329999999997,0.22468320000000003,0.16025920000000002,-0.02962593,0.27097209999999994,0.14276070000000002,-0.05018236,0.302345,0.2753438,-0.2221951,0.20899679999999998,0.2578453,-0.24275149999999998,0.24036970000000002
419,17:16:42.638 PM,0.1343984,0.0275142,0.23012,0.1204282,0.05058719,0.2192433,0.10641660000000001,0.06452681,0.2164335,0.124993,0.06456659999999999,0.2627412,0.09497242,0.05211248,0.24581479999999997,0.10301969999999999,0.03317116,0.24458339999999998,0.1151422,0.02596013,0.24824949999999998,0.1180105,0.06063102,0.28115159999999995,0.08774456,0.04816113,0.2562776,0.09812365,0.02630438,0.2545736,0.1109425,0.01829125,0.2599026,0.1114769,0.05063258,0.298028,0.08446731,0.04089721,0.27296729999999997,0.09456272,0.01970099,0.27029190000000003,0.10708250000000001,0.01147681,0.2757321,0.103177,0.03867452,0.31089479999999997,0.08331135,0.03531899,0.2884514,0.09011152,0.02057423,0.2846187,0.1009572,0.01173884,0.28914270000000003,0.1212972,0.03761695,0.2799012,0.1462322,-0.02633838,0.28024720000000003,0.1422215,-0.008460686,0.25650300000000004,0.2591869,-0.2299557,0.20407089999999997,0.15833350000000002,-0.02658993,0.25946729999999996,0.14542639999999998,-0.04644857,0.2934094,0.26564040000000005,-0.22002629999999998,0.1870999,0.2527334,-0.239885,0.22104200000000002
420,17:16:42.670 PM,0.1295293,0.02778469,0.2200625,0.11316269999999999,0.04929946,0.2093382,0.09824981,0.06211801,0.20590370000000002,0.11424010000000001,0.06295039,0.2514748,0.08558266,0.04714926,0.2349837,0.09548959,0.02911995,0.2336302,0.1082674,0.02298753,0.23702529999999997,0.1078941,0.05846412,0.2699888,0.07880193,0.04271166,0.2455786,0.09144945,0.02209361,0.24378139999999998,0.10512160000000001,0.01549549,0.2489274,0.1027758,0.04799931,0.2870699,0.07690443,0.03481881,0.26238429999999996,0.08918483,0.01483104,0.2595598,0.10268030000000002,0.008367643000000001,0.26504570000000005,0.09614693,0.0352924,0.30018540000000005,0.07630672,0.02982621,0.2781356,0.08407728,0.01576777,0.27363259999999995,0.09583084,0.007934675,0.2777151,0.1141395,0.03605582,0.26911240000000003,0.14591400000000002,-0.024676499999999997,0.2697637,0.14079029999999998,-0.0073111059999999995,0.2463853,0.25348960000000004,-0.22638119999999998,0.18165810000000002,0.15720079999999997,-0.02426155,0.24853289999999997,0.1453848,-0.04526191,0.28218390000000004,0.2593976,-0.215881,0.1648326,0.2475817,-0.2368814,0.1984836
421,17:16:42.698 PM,0.1251701,0.02977978,0.21572979999999997,0.10686720000000001,0.05031143,0.20628049999999998,0.09107189,0.06211676,0.2031699,0.1063886,0.06144182,0.24753320000000004,0.07887683,0.04508762,0.22968179999999996,0.08938543,0.02755962,0.2269591,0.1023357,0.02153371,0.22985419999999998,0.1000456,0.05549891,0.26563459999999994,0.07217389,0.03966446,0.23988739999999997,0.08607022,0.02000909,0.23690070000000002,0.1000987,0.01404241,0.2418553,0.09550039,0.04378845,0.28205749999999996,0.07066807,0.03069468,0.25628070000000003,0.08429374,0.01179147,0.2523598,0.09817826,0.006194486999999999,0.2578275,0.08974664,0.02990736,0.2943735,0.07038328,0.02466287,0.2718505,0.07924705,0.01149721,0.2667084,0.0915171,0.004428372,0.270665,0.1083165,0.03380696,0.2638769,0.1446418,-0.02427562,0.26242909999999997,0.1393148,-0.005834863000000001,0.23987579999999997,0.2515397,-0.2222584,0.165489,0.15609879999999998,-0.02291663,0.24132929999999997,0.1438747,-0.04543288,0.2738349,0.2576518,-0.2110002,0.1492363,0.2454276,-0.2335165,0.18174179999999998
422,17:16:42.730 PM,0.1188089,0.02935366,0.21055120000000002,0.09904287,0.04889868,0.2019987,0.08285916,0.06022595,0.199114,0.1001297,0.06009953,0.2422978,0.07256757,0.04283045,0.22541190000000003,0.08272291,0.02527289,0.2217203,0.09604447,0.0199091,0.2241995,0.09463827,0.05391665,0.2605961,0.06686323,0.03727506,0.2352567,0.08017275,0.01703982,0.23392600000000002,0.09395785,0.01142901,0.2398776,0.09116804,0.04205377,0.27717159999999996,0.06577544,0.02825554,0.25232489999999996,0.08003731,0.00994423,0.24788949999999998,0.0943243,0.004893005,0.2528264,0.08646987,0.02795155,0.28968299999999997,0.06645381,0.0220475,0.2679061,0.07588784,0.009323955,0.2626659,0.08850224,0.002449363,0.265796,0.1038867,0.03264169,0.25862229999999997,0.1423522,-0.02399546,0.2562185,0.13600839999999997,-0.0055408919999999995,0.23374699999999998,0.2422232,-0.22488360000000002,0.15777839999999999,0.1529412,-0.02309889,0.2346459,0.1417504,-0.04498084,0.26794709999999994,0.24781860000000003,-0.21394259999999998,0.1411279,0.23662779999999997,-0.23582460000000002,0.174429
423,17:16:42.765 PM,0.11399589999999998,0.02741922,0.2061262,0.09295986,0.04545693,0.19729670000000002,0.07605555,0.05564339,0.1942983,0.09651929,0.05914398,0.2383368,0.06932729,0.04148637,0.2212535,0.07842665,0.0235319,0.2167903,0.09186706,0.01852344,0.2193746,0.09104238,0.05279599,0.256583,0.06369149,0.03580709,0.23101370000000002,0.07724842,0.01573764,0.229669,0.09114064,0.01087324,0.23601689999999997,0.08771227,0.04081546,0.2731026,0.0625091,0.02688722,0.2481357,0.07700243,0.008790269,0.24357220000000002,0.09134641,0.0038494320000000003,0.2484556,0.08322495,0.02658321,0.2855442,0.06358944,0.02017798,0.2635636,0.07308466,0.00760287,0.2580812,0.08582917,0.001016378,0.2613029,0.10073330000000001,0.0317191,0.2546055,0.14008489999999998,-0.02439803,0.2526505,0.13377650000000002,-0.005728975,0.2298203,0.23828289999999996,-0.2302817,0.1632644,0.1509595,-0.02447558,0.2312018,0.13903010000000002,-0.04490884,0.26516059999999997,0.24424749999999998,-0.220065,0.146285,0.23231820000000003,-0.24049829999999997,0.18024379999999998
424,17:16:42.793 PM,0.1115516,0.02651332,0.20373770000000002,0.08981638,0.04365294,0.19481110000000001,0.07251111,0.05314891,0.19183029999999998,0.09508141,0.05909486,0.2359975,0.06820964,0.04111101,0.21874870000000002,0.0772577,0.02313827,0.21425429999999995,0.09070139,0.01816832,0.2168952,0.08955275,0.05271246,0.254216,0.06252939,0.03542088,0.2285018,0.07605575,0.01533671,0.22707170000000002,0.0899505,0.01060757,0.23351570000000002,0.0862156,0.040711300000000006,0.2707192,0.06139979,0.0264128,0.2455743,0.07614284,0.0084721,0.2411976,0.0904993,0.003715053,0.24622460000000002,0.08175635,0.02645095,0.2831387,0.06245659,0.01968633,0.2609691,0.07175408,0.007098168,0.25518579999999996,0.0845095,0.0004988015000000001,0.2583373,0.09938817,0.03169794,0.25228890000000004,0.13903800000000002,-0.02428652,0.2508185,0.1327956,-0.005538642,0.22767379999999998,0.2375669,-0.2330527,0.1687794,0.1502059,-0.02502678,0.22953379999999998,0.1377229,-0.04442288,0.2638993,0.24380839999999998,-0.2233547,0.15159660000000003,0.23132550000000002,-0.2427507,0.18596210000000002
425,17:16:42.820 PM,0.1108123,0.02668615,0.20191389999999998,0.08872302,0.04336487,0.19298310000000002,0.07096961,0.05213736,0.1904517,0.09526230000000001,0.05981855,0.23396820000000002,0.06867691,0.04186009,0.21625529999999998,0.07812148,0.02403547,0.21199229999999997,0.09145412,0.01878802,0.2146594,0.08949202,0.05334292,0.2520786,0.06284955,0.03612573,0.22592070000000003,0.07631806,0.01600112,0.22451350000000003,0.09012119,0.01121062,0.2311073,0.085922,0.04125349,0.2684683,0.06172347,0.02675872,0.24283870000000002,0.07668986,0.00893271,0.2387615,0.09098077,0.004307702,0.24408960000000002,0.08127598,0.02693139,0.2807475,0.06239521,0.02014606,0.2582262,0.07157156,0.007539451,0.2522914,0.08426918,0.0008579344,0.2555025,0.09930387,0.03231733,0.25015160000000003,0.1388386,-0.02381882,0.2491101,0.13293329999999998,-0.004852085999999999,0.2257382,0.2381719,-0.23457929999999996,0.17337850000000002,0.15047879999999997,-0.02502321,0.2281014,0.1371317,-0.04369048,0.26254570000000005,0.2448455,-0.22524570000000002,0.1561563,0.2314984,-0.2439129,0.1906006
426,17:16:42.851 PM,0.11287249999999999,0.02729584,0.20011279999999998,0.09135924,0.04435973,0.1905277,0.07366852,0.05317734,0.18772979999999997,0.09833955,0.06128527,0.23157489999999997,0.07150913,0.04515056,0.21252670000000004,0.08058838,0.02709101,0.20846489999999998,0.09338425,0.02069648,0.21125460000000001,0.09149321,0.05483495,0.24931579999999998,0.06520347,0.03935717,0.2217518,0.07772209,0.01862116,0.2204545,0.09097899,0.01288711,0.22740639999999998,0.08672142,0.04271249,0.2653719,0.0631034,0.029569099999999997,0.23850210000000002,0.0775006,0.01119952,0.23480610000000002,0.09133819,0.005782275999999999,0.24056660000000002,0.08098833,0.02844165,0.2772446,0.06284008,0.02274249,0.2538375,0.07176642,0.009853736,0.24813200000000002,0.08403536,0.00262925,0.2518013,0.1006189,0.03348531,0.24759120000000004,0.1383719,-0.02391711,0.24781220000000004,0.1339952,-0.004632637,0.22431959999999998,0.24055610000000002,-0.23489829999999998,0.1766319,0.1511761,-0.02508369,0.22748979999999996,0.13578610000000002,-0.04384864,0.26101660000000004,0.2482511,-0.22551590000000002,0.1598685,0.23286120000000002,-0.2442808,0.1933953
427,17:16:42.880 PM,0.11346860000000002,0.02771516,0.1975696,0.09177928,0.04444431,0.18779289999999998,0.07390695,0.05290805,0.1850567,0.09952739,0.06235357,0.2284094,0.07306264,0.04577835,0.20922849999999998,0.08262856,0.02785288,0.2057277,0.09540296,0.0215116,0.20872929999999998,0.09252806,0.05605839,0.24614629999999998,0.06664995,0.04006223,0.21848910000000002,0.07938521,0.01943259,0.21770789999999998,0.09260184,0.01397224,0.22495059999999997,0.08760996,0.04407494,0.2622623,0.06441361,0.03046177,0.23525970000000002,0.07895214,0.01212281,0.23198939999999998,0.09274327,0.0069191009999999996,0.23805010000000001,0.08176216,0.02990969,0.2742053,0.06405119,0.02370881,0.2505918,0.07308323,0.0107919,0.2451212,0.08534667,0.00371924,0.24909210000000004,0.101641,0.03468452,0.24467310000000003,0.1394078,-0.02272454,0.2457723,0.13515929999999998,-0.0036640170000000003,0.221992,0.24436739999999998,-0.23388699999999998,0.1793211,0.15250139999999998,-0.02409555,0.22564800000000002,0.13681020000000002,-0.04246977,0.25925149999999997,0.252213,-0.2246998,0.1625193,0.23652179999999998,-0.2430741,0.19612279999999999
428,17:16:42.911 PM,0.1171792,0.02972971,0.1935013,0.09603556,0.04659162,0.1828017,0.07828467,0.05509801,0.17947249999999998,0.103152,0.06504442,0.2236922,0.07687005,0.04936318,0.20353339999999998,0.08617637,0.03124224,0.2003554,0.09862956,0.02445607,0.2037122,0.09532078,0.05892475,0.2411402,0.07015436,0.04357432,0.212479,0.08257121,0.02273814,0.2123036,0.09537576,0.01702316,0.2200705,0.08953048,0.04707552,0.2570645,0.06697211,0.03412659,0.2292083,0.08114956,0.01543353,0.2263908,0.09457958,0.009838775,0.23289720000000003,0.08294161,0.03305082,0.2687853,0.06602507,0.02720837,0.2445076,0.07522604,0.01415126,0.23969200000000002,0.08720478,0.007049739,0.24440860000000003,0.1040927,0.0373845,0.24008070000000004,0.1409568,-0.02055955,0.24280460000000004,0.1377991,-0.0016283839999999999,0.21885970000000002,0.25055700000000003,-0.2306139,0.1804635,0.15493120000000002,-0.02175771,0.2232703,0.1379425,-0.04036683,0.25610479999999997,0.2590513,-0.22130940000000002,0.16404620000000003,0.2420627,-0.2399185,0.1968808
429,17:16:42.939 PM,0.1197873,0.03123386,0.18972020000000003,0.0988102,0.04796217,0.1784953,0.08119421,0.056547900000000005,0.1746874,0.105749,0.06714486,0.2191538,0.07976672,0.05113716,0.1988633,0.08913417,0.03297193,0.1961501,0.1015361,0.02625357,0.1998192,0.09766515,0.06130655,0.23658320000000002,0.07311575,0.04514967,0.20783000000000001,0.08574089,0.024447099999999996,0.2084508,0.09844343,0.01909353,0.21663220000000002,0.09161981,0.04970975,0.2525985,0.06955455,0.03621303,0.2246075,0.08380015,0.01749204,0.222379,0.09712588,0.01214682,0.2292971,0.0848228,0.0358801,0.2644318,0.06837201,0.02952807,0.2399624,0.07782235,0.016439099999999998,0.2357531,0.08973967,0.009639293,0.24103720000000003,0.1063664,0.03972079,0.23594949999999998,0.1431045,-0.01822163,0.2399299,0.1401971,0.0002809167,0.2157383,0.2561326,-0.22730300000000003,0.1805039,0.15734189999999998,-0.01938009,0.220584,0.1401699,-0.03797131,0.25333320000000004,0.26471859999999997,-0.21800740000000002,0.16412929999999998,0.24754659999999998,-0.2365986,0.1968785
430,17:16:42.968 PM,0.12269669999999999,0.03310077,0.18581040000000001,0.1019889,0.04990806,0.1742095,0.08471054,0.05888654,0.16980479999999998,0.1089367,0.06955762,0.2144436,0.0830564,0.05354138,0.1940297,0.09219451,0.03521343,0.19164779999999998,0.1044853,0.02844901,0.1955963,0.1005656,0.06404413,0.2318433,0.07646035,0.04735105,0.2030203,0.08898267,0.02661313,0.20425379999999999,0.1015298,0.02141459,0.2127686,0.09418058,0.05273022,0.2479291,0.07248574,0.03889219,0.21981520000000002,0.08663782,0.02004208,0.2181472,0.09981169,0.01476564,0.22540120000000002,0.08706913,0.03913824,0.2598528,0.07095175,0.03252725,0.2352304,0.08051471,0.01934479,0.2316064,0.09229507,0.01265833,0.2373251,0.1090117,0.04234923,0.23159770000000005,0.1451065,-0.01590325,0.2368228,0.1426116,0.002246976,0.2123255,0.2597558,-0.22529380000000002,0.18174389999999999,0.1596345,-0.01725293,0.2177067,0.1420435,-0.03549263,0.2504311,0.2685513,-0.2161739,0.1653817,0.2509603,-0.2344136,0.1981061
431,17:16:42.999 PM,0.12442470000000001,0.03416674,0.18214,0.1038115,0.05096899,0.1703646,0.08681146,0.06029956,0.16562349999999998,0.1109743,0.07121389,0.20956729999999998,0.08469912,0.05467014,0.1901006,0.09372877,0.03623547,0.18817379999999997,0.1061276,0.02975331,0.19225520000000001,0.1028607,0.06630777,0.22726799999999997,0.07837435,0.0485606,0.1994124,0.09086896,0.02784352,0.20116389999999998,0.103521,0.02275111,0.209587,0.09668931,0.05555268,0.2438138,0.07462507,0.04072626,0.2165029,0.08875383,0.02182193,0.21532489999999999,0.1020216,0.01675244,0.22255500000000003,0.08971632,0.04238831,0.25628629999999997,0.07316335,0.03507505,0.23215639999999998,0.08289815,0.02184908,0.22921460000000002,0.09474728,0.01543702,0.2351024,0.1112174,0.04457952,0.2275979,0.14729360000000002,-0.01355772,0.23413699999999998,0.1443491,0.003722787,0.2091172,0.2630308,-0.2236937,0.1844426,0.16156170000000003,-0.01542436,0.21486910000000004,0.1445993,-0.03270467,0.2484353,0.271512,-0.2150536,0.1676595,0.25454970000000005,-0.23233389999999998,0.2012257
432,17:16:43.028 PM,0.12617830000000002,0.03630222,0.1797311,0.1058445,0.05350737,0.1680523,0.08909973,0.06323709,0.1632059,0.112535,0.07292165,0.2071265,0.0861148,0.05642207,0.1878193,0.09512974,0.03798692,0.1858289,0.10760070000000001,0.03164046,0.1899039,0.10453430000000001,0.06800742,0.2248764,0.0798295,0.05015509,0.19728199999999999,0.09275382,0.02966107,0.19843529999999998,0.10566110000000001,0.02442352,0.20636759999999998,0.09846023,0.05724297,0.241452,0.07626081,0.04238369,0.2142688,0.09039737,0.02348937,0.21302600000000002,0.10370730000000002,0.01841967,0.2201781,0.0915539,0.04407458,0.2539573,0.07474543,0.0369242,0.2299556,0.08450685,0.02371208,0.227039,0.09637592,0.0171452,0.2327121,0.11286410000000001,0.04626779,0.225127,0.1489682,-0.01189773,0.23144610000000002,0.1458161,0.005386874,0.20638040000000002,0.2658055,-0.22169539999999996,0.1829074,0.16319979999999998,-0.0138139,0.21215630000000002,0.1464203,-0.03096132,0.24588220000000002,0.2741953,-0.2131217,0.1660444,0.2574158,-0.23026910000000003,0.19977029999999998
433,17:16:43.055 PM,0.127722,0.03800444,0.1782384,0.1077963,0.05573298,0.1666393,0.09130066,0.06586950000000001,0.161772,0.11374069999999999,0.07412104,0.2056232,0.0872254,0.05772884,0.186355,0.09621757,0.03928529,0.1843395,0.10875979999999999,0.03313978,0.1885027,0.10577539999999999,0.06919648,0.22338609999999998,0.08082492,0.05141409,0.1959681,0.09422188,0.031195799999999996,0.19632729999999998,0.1074066,0.02580874,0.20368250000000002,0.09970627,0.05841608,0.2399532,0.07739505,0.0436707,0.2127995,0.09146812,0.02473329,0.2114935,0.10477830000000002,0.01959418,0.21859539999999997,0.09278089,0.04524626,0.2524465,0.07578389999999999,0.0383455,0.2285045,0.08542769,0.02507447,0.2254665,0.09727041,0.01829378,0.23093979999999997,0.1140073,0.04741882,0.2235529,0.14993120000000001,-0.01088592,0.2295855,0.146713,0.006438701999999999,0.2045926,0.2672595,-0.2200903,0.1796887,0.1641022,-0.01266929,0.21023820000000001,0.14749310000000002,-0.03002299,0.243943,0.2755641,-0.2114134,0.1628363,0.258955,-0.22876710000000003,0.1965411
434,17:16:43.086 PM,0.1292809,0.03907581,0.1774098,0.10989369999999998,0.05732618,0.16570810000000002,0.09365051,0.06782879,0.1607691,0.11462149999999999,0.07476331,0.2045825,0.08808879,0.05843155,0.1852869,0.09704668,0.03996073,0.1833711,0.1097233,0.03435837,0.1878783,0.106592,0.06991599999999999,0.2223377,0.08146922,0.05217128,0.195053,0.09534079,0.03227554,0.1947138,0.1087735,0.02681617,0.2015481,0.10043049999999999,0.05920069,0.23891289999999998,0.07810722,0.04451002,0.2117395,0.09201448,0.02545162,0.210418,0.1052789,0.02016316,0.2174959,0.09340905,0.04609232,0.2514172,0.0763107,0.03940119,0.2274879,0.08581799999999999,0.02604036,0.2244138,0.09761317,0.01927643,0.2300089,0.11470899999999999,0.04809584,0.22256550000000003,0.1503757,-0.01033276,0.2286797,0.1472398,0.006906926999999999,0.2037576,0.26814679999999996,-0.21875279999999997,0.17659260000000002,0.1645095,-0.01189891,0.2092866,0.148019,-0.02960863,0.2428641,0.276392,-0.209898,0.1598039,0.2599015,-0.22760770000000002,0.19338139999999998
435,17:16:43.114 PM,0.1303135,0.03936042,0.177566,0.1113414,0.05795564,0.1657273,0.09523685,0.06865363,0.1607536,0.1150924,0.07481779,0.2043613,0.08862493,0.05852579,0.1849428,0.0975196,0.04000957,0.183176,0.11030350000000001,0.03506164,0.188125,0.1069145,0.07008062,0.22207849999999998,0.08182384,0.05241235,0.1947148,0.09566287,0.03249379,0.1943783,0.10905539999999998,0.026855599999999997,0.20114620000000002,0.1005828,0.059461400000000005,0.2386514,0.07835722,0.04480271,0.21138070000000003,0.09208608,0.02561118,0.21012129999999998,0.10526889999999998,0.02017321,0.2172382,0.09340713,0.04643776,0.2511567,0.07635818,0.039863300000000004,0.22715990000000003,0.08576511,0.02641852,0.22414339999999996,0.09749487,0.01981099,0.2300541,0.1149177,0.04822032,0.2224471,0.150285,-0.01032734,0.2289368,0.147367,0.006793021999999999,0.20402579999999998,0.2683215,-0.21839160000000002,0.1760342,0.164481,-0.01177609,0.20958000000000002,0.14789270000000002,-0.02968501,0.24300329999999998,0.2766157,-0.20943710000000001,0.15932249999999998,0.26002739999999996,-0.227346,0.19274589999999997
436,17:16:43.142 PM,0.1306719,0.039527099999999996,0.17853770000000002,0.11197860000000001,0.05840729,0.1667065,0.095947,0.06923448,0.16177679999999997,0.1148019,0.07457636,0.20548289999999997,0.08844755,0.05834933,0.1858572,0.09733187,0.03983413,0.1840285,0.1102037,0.03546368,0.18928470000000003,0.1065452,0.06974535,0.22313809999999998,0.08149924,0.05233409,0.1955693,0.09528738,0.03238203,0.1951372,0.1086366,0.02660613,0.20187460000000002,0.100136,0.05903761,0.2396241,0.07796383,0.04462133,0.2121812,0.09160779,0.02537929,0.21077739999999998,0.104753,0.01981612,0.217867,0.09289887,0.04594876,0.2520255,0.07586253,0.03964673,0.2279467,0.08521917,0.02618919,0.22483209999999998,0.09692188,0.01969998,0.2309248,0.1145336,0.04787831,0.2234188,0.14986570000000002,-0.01070856,0.2296909,0.1470369,0.006534323000000001,0.2049056,0.26861009999999996,-0.218023,0.1754444,0.1641328,-0.01195795,0.21037260000000002,0.1474731,-0.03019061,0.24358470000000002,0.27694,-0.2089067,0.1588383,0.2602802,-0.2271394,0.19205039999999998
437,17:16:43.172 PM,0.130379,0.03905948,0.1803939,0.11188510000000002,0.05817001,0.1686195,0.09583291,0.06903787,0.1638488,0.1140819,0.07384939,0.20761759999999999,0.08776323,0.05777813,0.18781660000000003,0.09647855,0.03919943,0.1858266,0.1093826,0.03518037,0.19128,0.10576110000000001,0.06893541,0.22521970000000002,0.08065319,0.05189435,0.1974766,0.09428428,0.03183977,0.1968559,0.1075826,0.02587311,0.20352720000000002,0.09927180000000001,0.05814619,0.241621,0.07705632,0.04407401,0.214035,0.09055445,0.02474411,0.21244200000000002,0.10365739999999998,0.01901098,0.2194742,0.09195811,0.04500403,0.2539206,0.07489619,0.03901444,0.2297804,0.08415794,0.02552222,0.22653539999999997,0.09582235,0.01907937,0.23274940000000002,0.11367739999999998,0.04704104,0.22538560000000002,0.14886760000000002,-0.01164582,0.2313093,0.14609629999999998,0.005707055,0.20670300000000003,0.2686461,-0.21750389999999997,0.1738863,0.1631267,-0.0125316,0.21196500000000001,0.14658629999999997,-0.03134586,0.24491129999999997,0.2769164,-0.2080968,0.1574131,0.2603759,-0.22691109999999998,0.19035950000000001
438,17:16:43.201 PM,0.1297025,0.03843327,0.1825058,0.1112609,0.05764018,0.1708065,0.09507374,0.06840925,0.16627360000000002,0.11313599999999999,0.07307263,0.20998029999999998,0.08685398,0.05707394,0.19007220000000002,0.09544849,0.03845356,0.1879504,0.10834469999999999,0.03443708,0.1934244,0.1047876,0.06809039,0.22755010000000003,0.07959075,0.05135252,0.1997033,0.09309454,0.03121839,0.1988999,0.10636179999999999,0.02509587,0.2054915,0.09826289,0.05723567,0.243894,0.07597873,0.04343547,0.2162261,0.08935855,0.02403946,0.2144492,0.10243889999999999,0.01816253,0.2214045,0.09091484,0.04404826,0.2561245,0.07380357,0.03829853,0.2319609,0.08289477,0.02475415,0.2284607,0.09453547,0.01815088,0.2345495,0.11266980000000001,0.04618324,0.2276239,0.14780810000000003,-0.01255143,0.23326550000000001,0.145046,0.004885614,0.2087875,0.2683938,-0.21737929999999997,0.1738799,0.16206220000000002,-0.01319932,0.213908,0.1456126,-0.03238633,0.2466844,0.2766186,-0.20778579999999996,0.1574917,0.260169,-0.2269728,0.1902681
439,17:16:43.234 PM,0.1291125,0.03903769,0.1851691,0.1107655,0.05857573,0.1738764,0.09445479,0.06931837,0.16974160000000002,0.1125243,0.07308058,0.21381020000000003,0.08629833,0.05787022,0.1932227,0.09479356,0.039269099999999994,0.1905936,0.1075674,0.03463586,0.1958621,0.1040106,0.06761406,0.2311551,0.07878238,0.05211385,0.2026294,0.09207071,0.03187148,0.2012009,0.10523510000000001,0.0253738,0.2076375,0.09729281,0.05630378,0.2471069,0.07497821,0.04373203,0.2188844,0.08813635,0.02425362,0.2164701,0.101118,0.017974900000000002,0.22325679999999998,0.0897683,0.04279430000000001,0.25886929999999997,0.07267071,0.03811152,0.2344674,0.08152616,0.02457137,0.23039429999999997,0.09305912,0.01746275,0.236107,0.1117532,0.04566394,0.23061089999999998,0.14652679999999998,-0.01343437,0.23481590000000002,0.1440101,0.004755288,0.21074920000000003,0.2678184,-0.2171067,0.1729465,0.16103489999999998,-0.01370404,0.215639,0.1441479,-0.03353192,0.2478058,0.2762619,-0.2071927,0.1568631,0.25937489999999996,-0.22702060000000002,0.1890299
440,17:16:43.268 PM,0.1268604,0.03891338,0.1877112,0.1080509,0.05835459999999999,0.17702910000000002,0.0913682,0.06877922,0.1736314,0.1106565,0.07268177,0.21747579999999997,0.08405456,0.05743553,0.1974038,0.09297692,0.03905754,0.1946253,0.1057463,0.03365113,0.19910899999999998,0.10263330000000001,0.06697454,0.23497620000000002,0.07664499,0.05179574,0.20696460000000003,0.08992229,0.03160332,0.20487670000000002,0.1032771,0.02505283,0.2108506,0.09640019,0.05544962,0.250971,0.07335019999999999,0.04316013,0.223219,0.08644865,0.02373724,0.2201269,0.09963191,0.01738919,0.226444,0.08926194,0.04176755,0.26277449999999997,0.07151747,0.03731166,0.23879560000000002,0.08014864,0.02382775,0.23410129999999998,0.09183014,0.0164056,0.239064,0.11047730000000001,0.04507609,0.2339813,0.1456632,-0.01389074,0.2367201,0.14241900000000002,0.004574761,0.2128182,0.2662637,-0.217142,0.1721721,0.15974939999999999,-0.01410857,0.2172306,0.143637,-0.03399803,0.24975479999999997,0.2743199,-0.20719720000000003,0.15591,0.25820740000000003,-0.22708670000000003,0.1884342
441,17:16:43.304 PM,0.1250616,0.03893326,0.190968,0.10563130000000001,0.05796094,0.1806588,0.0884776,0.06776339999999999,0.1777957,0.10807660000000001,0.07198678,0.2214208,0.08170297,0.05604474,0.20158900000000002,0.09148473,0.03810735,0.198824,0.1042683,0.03226568,0.202679,0.10046619999999999,0.06592502,0.2389865,0.07454543,0.0501955,0.21121669999999998,0.08828499,0.030361700000000002,0.2087221,0.10189119999999999,0.02408849,0.2144203,0.0947798,0.05410840000000001,0.25497240000000004,0.07174288,0.04131855,0.22743609999999997,0.08522905,0.0222405,0.22389629999999996,0.09866276,0.016125399999999998,0.2299087,0.08818565,0.040144400000000004,0.26676259999999996,0.07033315,0.03523694,0.24295229999999998,0.07914507,0.02201428,0.23786679999999996,0.09106383,0.01462282,0.24228179999999996,0.10888189999999999,0.04425554,0.2376958,0.1455289,-0.0138686,0.23951689999999998,0.1415911,0.004803658,0.2157375,0.26680149999999997,-0.216236,0.1734685,0.15935770000000002,-0.01399026,0.2198431,0.1438273,-0.03398368,0.2525859,0.2745667,-0.20623930000000001,0.1570971,0.2590364,-0.2262327,0.18983989999999998
442,17:16:43.340 PM,0.12414839999999999,0.03824739,0.1952766,0.10445839999999998,0.05670865,0.1844434,0.08695224,0.06583522,0.18147950000000002,0.1053795,0.0709417,0.2253987,0.08005085,0.05352364,0.20544610000000002,0.09054402,0.03592958,0.20311579999999999,0.10333319999999999,0.03007604,0.2069342,0.09779412,0.06482245,0.24295540000000002,0.07311415,0.04740708,0.21506109999999998,0.08764224,0.02808495,0.2130682,0.1013986,0.02244578,0.2190613,0.09232472,0.05299534,0.2590092,0.07029443,0.03879987,0.23133789999999999,0.08444975,0.020144,0.22818049999999998,0.09800866,0.01450883,0.2343781,0.08605427,0.03895189,0.27088140000000005,0.06892072,0.03281425,0.24682929999999997,0.07822962,0.01984935,0.24197039999999997,0.09033288,0.01279329,0.24643220000000002,0.10688810000000001,0.0434127,0.24196479999999998,0.14510399999999998,-0.01364529,0.2447053,0.141009,0.004777297,0.220714,0.2682933,-0.21562620000000002,0.1810636,0.1590323,-0.01383203,0.22510229999999998,0.14349460000000003,-0.03365664,0.2579441,0.27606220000000004,-0.2057139,0.16464260000000003,0.2605245,-0.22553850000000003,0.1974845
443,17:16:43.371 PM,0.1259989,0.03649403,0.2009951,0.1072138,0.0550447,0.18880139999999998,0.08984804,0.06410812,0.1849578,0.1043735,0.06883205,0.23048520000000003,0.08036117,0.05046777,0.2097692,0.09128441,0.033061400000000005,0.2081044,0.1040095,0.02747072,0.2124871,0.09624818,0.06274556,0.2478094,0.07329357,0.04419871,0.21918220000000002,0.08842279,0.02526553,0.2181881,0.10204939999999998,0.02015148,0.2249033,0.09037758,0.05097191,0.2637595999999999,0.06985349,0.03588705,0.23541020000000004,0.08454204,0.01751862,0.2331294,0.09794992,0.01224203,0.23993939999999997,0.08389185,0.03693466,0.2755223,0.06802924,0.02997161,0.2508328,0.07780571,0.01715444,0.2465339,0.08985721,0.01034404,0.2514886,0.10569269999999999,0.04147057,0.24734120000000004,0.1443646,-0.01515438,0.2519826,0.14113910000000002,0.003186062,0.2276888,0.266167,-0.219998,0.1951995,0.1589406,-0.01583897,0.23286779999999999,0.14196879999999998,-0.03495414,0.26541909999999996,0.27465290000000003,-0.2104404,0.1789238,0.257681,-0.2295556,0.21147510000000003
444,17:16:43.399 PM,0.1327409,0.03359269,0.2072721,0.1187777,0.05410890000000001,0.1921318,0.10358599999999998,0.06532855,0.1856994,0.1077555,0.06713824,0.23552489999999998,0.08363171,0.05049287,0.2135275,0.09324303,0.03229342,0.212339,0.10518,0.02549191,0.2171966,0.09821437,0.06179057,0.2523636,0.07588878,0.04456969,0.2224405,0.08918098,0.02428506,0.22266570000000002,0.10177910000000001,0.01803865,0.230356,0.09069836,0.05062096,0.2680548,0.0708691,0.03658716,0.23868920000000002,0.0846405,0.01745732,0.23703520000000003,0.09740027,0.01132976,0.2443578,0.0827153,0.03715308,0.279558,0.06793673,0.03087611,0.2540259,0.07716854,0.01745124,0.2504379,0.08846994,0.00994128,0.2560975,0.1064962,0.04003666,0.2527974,0.14196589999999998,-0.01828025,0.2605755,0.1409932,-0.0004162937,0.2360107,0.2642545,-0.22472029999999998,0.2110842,0.1576847,-0.01914782,0.24239670000000002,0.1384759,-0.03805669,0.2738052,0.2738589,-0.21526579999999998,0.1953799,0.25465,-0.23417470000000004,0.2267884
445,17:16:43.430 PM,0.14228629999999998,0.03560393,0.22220389999999998,0.13580699999999998,0.05962317,0.20708360000000003,0.1270336,0.07510604,0.19798929999999998,0.1127969,0.06697793,0.2505525,0.08854298,0.05835228,0.22440079999999998,0.09408522,0.0392784,0.2186612,0.1037665,0.02863763,0.2212639,0.10097410000000001,0.060421,0.26541129999999996,0.07996543,0.05193622,0.2310367,0.08834974,0.02948068,0.22693609999999997,0.09849619,0.01877077,0.2333306,0.09103643,0.04808767,0.2787185,0.07245632,0.04111601,0.2461381,0.08352359,0.02115564,0.2398248,0.09511439999999999,0.011709899999999999,0.2454367,0.08105777,0.03395069999999999,0.2875757,0.06814984,0.03312574,0.2602994,0.07565483,0.01966582,0.2538337,0.08562492,0.009488732,0.25758179999999997,0.10813239999999999,0.03828724,0.26435890000000006,0.1397161,-0.02257828,0.269983,0.1425886,-0.00210765,0.2473394,0.2627277,-0.22946910000000004,0.22430300000000003,0.1579684,-0.02277513,0.2543263,0.1337649,-0.04307052,0.28107170000000004,0.27482940000000006,-0.2193214,0.2109303,0.250626,-0.23961679999999996,0.2376756
446,17:16:43.459 PM,0.1508773,0.03922875,0.24567519999999998,0.1486289,0.06538089,0.2331686,0.1428767,0.08258705,0.2248489,0.12083219999999999,0.06935792,0.27335770000000004,0.1003678,0.08072282,0.2453458,0.09577946,0.06891151,0.2292859,0.09794669,0.05562256,0.22401089999999999,0.1056451,0.06208895,0.28425009999999995,0.08769944,0.07295297,0.24904369999999998,0.08843856,0.05682902,0.2311777,0.09379523,0.04227205,0.2277086,0.09218261,0.04915704,0.293077,0.07577291,0.05835088,0.2600462,0.07970706,0.04341672,0.24233870000000002,0.08698947,0.02999617,0.2381415,0.07949794,0.03509541,0.29730959999999995,0.06825554,0.04468869,0.2710725,0.07342132,0.03611489,0.2578171,0.08204485,0.02484463,0.2541261,0.11113989999999999,0.03969522,0.2810402,0.1363944,-0.02425557,0.2832715,0.1452103,-0.0013727989999999999,0.2648949,0.258156,-0.2317855,0.23714970000000002,0.157637,-0.02374988,0.2720114,0.1273279,-0.04551426,0.2899193,0.2733105,-0.2209033,0.22819570000000003,0.24300149999999998,-0.24266770000000001,0.24610370000000004
447,17:16:43.490 PM,0.1577401,0.04802431,0.2761272,0.1592817,0.07582881,0.26769149999999997,0.15527879999999997,0.09408014,0.2606561,0.12146620000000001,0.07478289,0.3014696,0.1103037,0.105975,0.2852895,0.1049647,0.1156905,0.26764940000000004,0.10291019999999998,0.1152749,0.253062,0.1036152,0.06664343,0.30586579999999997,0.09121326,0.09919201,0.2836599,0.08885715,0.10663980000000002,0.2604495,0.09091104,0.10248969999999999,0.2449639,0.08795524,0.05322219,0.3076853,0.0726958,0.08203752,0.28755949999999997,0.06980866,0.09077422,0.2654207,0.07293583,0.08836652,0.24979659999999998,0.07438575,0.0395063,0.3051879,0.05984303,0.06088348,0.28938400000000003,0.05912042,0.06759809,0.2738603,0.06515856,0.06638418,0.2602739,0.1095434,0.04491292,0.299951,0.13173479999999999,-0.02022694,0.29642820000000003,0.1464154,0.005348756999999999,0.2863863,0.2473225,-0.23104989999999997,0.24931129999999999,0.1553922,-0.020527200000000002,0.2921342,0.11963620000000001,-0.04100898,0.29601059999999996,0.2652005,-0.220809,0.2473731,0.22944450000000002,-0.2412908,0.2512496
448,17:16:43.521 PM,0.1605808,0.04216526,0.31357929999999995,0.16312379999999999,0.07109456,0.312106,0.1586975,0.09023942,0.3086014,0.1235825,0.06296645,0.3432863,0.1152442,0.09694929,0.3540267,0.1106037,0.11684289999999999,0.35657459999999996,0.107768,0.1305579,0.352694,0.1049856,0.05540331,0.34290790000000004,0.09512933,0.09526928,0.34196040000000005,0.09318184,0.1157856,0.3291978,0.09475809,0.1235531,0.3152722,0.08869904,0.04333992,0.3388271,0.07051763,0.07651643,0.3431574,0.06084691,0.09793259,0.3409273,0.05717235,0.1115241,0.3335243,0.07507426,0.03203844,0.3308263,0.05438028,0.05384471,0.33285329999999996,0.04447087,0.06708445,0.3308601,0.03868873,0.0792333,0.3250157,0.1107808,0.0358222,0.33173779999999997,0.1305115,-0.02768612,0.31350809999999996,0.1474991,-0.00115943,0.31194720000000004,0.24290389999999998,-0.2362212,0.25104099999999996,0.15451879999999998,-0.02907033,0.3132803,0.1177435,-0.04715542,0.3074892,0.2612915,-0.22717870000000004,0.25393649999999995,0.2245163,-0.2452638,0.2481455
449,17:16:43.546 PM,0.1649669,0.0317335,0.3322496,0.1701302,0.06013237,0.3354683,0.1656237,0.07955588,0.3354052,0.1314605,0.04874493,0.3686776,0.12765579999999999,0.07634465,0.3921102,0.1250896,0.09402303,0.4021513,0.12282950000000001,0.10831210000000001,0.4032466,0.11263440000000001,0.04179482,0.36928320000000003,0.102601,0.07671882,0.3876632,0.09779494,0.10003789999999999,0.3893669,0.09661084,0.1135675,0.381221,0.09549442,0.0309514,0.3652857,0.07898926,0.05999424,0.3831829,0.06977634,0.08114387,0.3879154,0.06591872,0.09594984,0.3835401,0.08059503,0.02142881,0.3572591,0.0596649,0.03908189,0.3695199,0.04880523,0.05096255,0.3735466,0.04144891,0.06356440000000001,0.3723631,0.11629300000000001,0.02415819,0.35458759999999995,0.1314399,-0.03630431,0.32529559999999996,0.1489221,-0.009977907,0.3251091,0.2373893,-0.24168710000000002,0.2440989,0.1553614,-0.03780595,0.3233647,0.1181133,-0.05534096,0.3191069,0.2560133,-0.2329196,0.24622779999999997,0.21876529999999997,-0.25045470000000003,0.24197
450,17:16:43.574 PM,0.1743792,0.01510032,0.35504949999999996,0.18437920000000002,0.03986461,0.36654970000000003,0.1838634,0.05855514,0.373528,0.1438335,0.02439244,0.3971897,0.1461565,0.04180594,0.4293464,0.1467385,0.05592741,0.4443549,0.1464645,0.06879260000000001,0.4511821,0.1246521,0.01850511,0.3979815,0.11860280000000001,0.04051505,0.43216450000000006,0.1150594,0.05915661,0.44725459999999995,0.1130841,0.07448165,0.4514434,0.1063886,0.01013798,0.39308899999999997,0.09381615,0.03127564,0.4221985,0.08706982,0.05173381,0.43190839999999997,0.08396832,0.06735717,0.4323407,0.09006387,0.004087508,0.38446690000000006,0.07173032,0.01490928,0.4058266,0.06228503,0.02551003,0.4145856,0.05584343,0.03825085,0.4180938,0.12545710000000002,0.005691140999999999,0.3785643,0.13352809999999998,-0.04576297,0.3336386,0.15227449999999998,-0.02008569,0.3370431,0.2274515,-0.249667,0.2355361,0.157288,-0.04818264,0.3308239,0.1191605,-0.06373371,0.32664309999999996,0.24651520000000002,-0.24189139999999998,0.2376265,0.2083877,-0.2574425,0.23344570000000003
451,17:16:43.612 PM,0.18189539999999998,-0.007909432,0.3866578,0.19571129999999998,0.009950474,0.40501729999999997,0.1993743,0.02431481,0.4184155,0.154367,-0.009116754,0.43215020000000004,0.1600194,0.000667125,0.4670206,0.1621088,0.01187749,0.4842004,0.1629185,0.02234004,0.49431590000000003,0.13507979999999997,-0.01458594,0.4332965999999999,0.1323759,-0.005393758,0.4732995,0.1305274,0.006934315,0.4941143,0.1292528,0.01872982,0.5048991,0.11595719999999998,-0.02057207,0.428192,0.1064316,-0.005266801,0.46177970000000007,0.10188839999999999,0.01478258,0.47343359999999995,0.09987441,0.03032677,0.4763254,0.09848956,-0.02319033,0.42009070000000004,0.08357267,-0.01805462,0.44580990000000004,0.07695883,-0.007190362,0.4566147,0.07325532,0.005908474,0.4621853,0.1330856,-0.02041826,0.41082879999999994,0.133757,-0.05629265,0.3524333,0.15382739999999998,-0.03182343,0.3603095,0.2116549,-0.2531233,0.22901370000000001,0.1571447,-0.05934296,0.3477334,0.11815899999999999,-0.07292541,0.3447913,0.23114780000000001,-0.2463321,0.23048470000000001,0.1921621,-0.2599145,0.22754259999999998
452,17:16:43.645 PM,0.18108310000000002,-0.02632047,0.4054942,0.1948147,-0.0111008,0.4261277,0.1982775,0.0011801119999999999,0.44148240000000005,0.15401779999999998,-0.03328758,0.45121859999999997,0.1598118,-0.02683121,0.4868258,0.1621321,-0.01884066,0.5056927999999999,0.1630178,-0.01036474,0.5175181999999999,0.13488129999999998,-0.03930646,0.45211,0.1319299,-0.03384887,0.49275559999999996,0.1297336,-0.02383792,0.5147417999999999,0.1281226,-0.013813999999999998,0.5271479,0.11573430000000001,-0.04497114,0.44674090000000005,0.1062386,-0.02997667,0.4804685,0.1017495,-0.009980783,0.492233,0.09989759,0.005656704,0.49469250000000003,0.09808887,-0.04685125,0.4388294,0.0846706,-0.04215214,0.46543019999999996,0.07942007,-0.03063194,0.47629620000000006,0.07666895,-0.01750648,0.4823245,0.1323342,-0.04202652,0.42912700000000004,0.13206120000000002,-0.07023147,0.3667896,0.15178229999999998,-0.04586497,0.3770133,0.20782620000000002,-0.2555563,0.22557750000000001,0.15533529999999998,-0.07270035,0.36126329999999995,0.1163636,-0.08629507,0.3581946,0.227312,-0.248759,0.2271119,0.1883404,-0.2623537,0.22404320000000003
453,17:16:43.679 PM,0.18161229999999998,-0.03502668,0.41795299999999996,0.1946489,-0.02063029,0.4396017,0.19774779999999997,-0.009185821,0.455663,0.1532633,-0.04461177,0.4631737,0.1581052,-0.0401707,0.49922740000000004,0.1600291,-0.034339499999999995,0.5189095,0.1605069,-0.02703412,0.5315115,0.13433710000000001,-0.05131653,0.4634247,0.1295365,-0.04707177,0.5040378,0.1261254,-0.03869674,0.5265458000000001,0.12362229999999999,-0.02946971,0.5394124,0.1154844,-0.05734253,0.4574427,0.1044972,-0.04282366,0.4909245,0.09878552,-0.0240729,0.5041220000000001,0.0962771,-0.008640617,0.5072144000000001,0.09803934,-0.05940813,0.44914269999999995,0.08406325,-0.05426992,0.4753726,0.07838114,-0.04300743,0.48629140000000004,0.07517501,-0.03013565,0.4926335,0.1322408,-0.05292265,0.4402928,0.13375410000000001,-0.0778648,0.3765565,0.1526116,-0.05338123,0.3883953,0.21470039999999999,-0.2523971,0.2248692,0.1571095,-0.07943936,0.3710465,0.1184934,-0.09374347,0.36689770000000005,0.23400839999999998,-0.2452451,0.22694360000000002,0.1953923,-0.25954920000000004,0.2227948
454,17:16:43.709 PM,0.1812352,-0.03813912,0.42434970000000005,0.1937802,-0.0236453,0.44622219999999996,0.1969892,-0.01240566,0.46240600000000004,0.1537061,-0.04906985,0.4696902,0.15858629999999999,-0.04412878,0.5056731,0.1605309,-0.03835987,0.5253713000000001,0.1609862,-0.03126046,0.5380911999999999,0.1349329,-0.05618653,0.4700525,0.130404,-0.05056365,0.5105277,0.1271093,-0.04198848,0.5329771,0.1246112,-0.03287634,0.5459261999999999,0.11614560000000002,-0.06252816,0.46419269999999996,0.105397,-0.04759057,0.49756709999999993,0.09940303,-0.02974865,0.5118532,0.09630887,-0.01487106,0.5166519,0.09865326,-0.06484495,0.4560606,0.08514574,-0.05820993,0.4821984,0.07942769999999999,-0.04714224,0.49329609999999996,0.07590721,-0.03462078,0.5001518,0.1326011,-0.05748518,0.44692390000000004,0.1337901,-0.08117144,0.3826378,0.1523681,-0.05671121,0.39479749999999997,0.2148382,-0.2466176,0.2211515,0.1570453,-0.08199523,0.3765703,0.11863969999999999,-0.09689226,0.3725567,0.234041,-0.23916910000000002,0.22315839999999998,0.19563540000000001,-0.2540661,0.2191447
455,17:16:43.739 PM,0.18020139999999998,-0.03760824,0.4249678,0.1919191,-0.022109900000000002,0.4466097,0.1944193,-0.01036966,0.46256149999999996,0.15418900000000002,-0.04888166,0.4707041,0.15972170000000002,-0.04265074,0.5063916,0.16188770000000002,-0.03594342,0.5257670999999999,0.16234389999999999,-0.0280726,0.5380248000000001,0.13556600000000002,-0.05635162,0.47148009999999996,0.1322638,-0.04866023,0.5117347,0.12959589999999999,-0.03895445,0.5338042,0.1273915,-0.02896711,0.5461473000000001,0.11681480000000001,-0.06314452,0.46602390000000005,0.10691300000000001,-0.04814486,0.49963199999999997,0.100999,-0.03103524,0.5148198,0.09762699999999999,-0.01660064,0.5206748999999999,0.09924348,-0.06592453,0.45821309999999993,0.08652364,-0.05819522,0.48444659999999995,0.08088104,-0.047300800000000004,0.4957526,0.07731455,-0.03481534,0.5026503,0.132892,-0.05805714,0.44841499999999995,0.1333478,-0.08239537,0.38427790000000006,0.1518081,-0.05772002,0.3959689,0.21167310000000003,-0.24234429999999998,0.2160407,0.15640720000000002,-0.08269502,0.3774599,0.118121,-0.09809062,0.3742723,0.2308163,-0.2346465,0.2176344,0.19253,-0.25004210000000004,0.2144469
456,17:16:43.770 PM,0.17984229999999998,-0.034362000000000004,0.42237240000000004,0.1906224,-0.01793715,0.44381679999999996,0.1924965,-0.005693495,0.45947299999999996,0.1544089,-0.04570647,0.4679388,0.1599618,-0.03873265,0.5034854,0.1620328,-0.03138085,0.5226360999999999,0.16232439999999998,-0.02294272,0.5345154000000001,0.13586529999999997,-0.05336843,0.4687433,0.13264160000000003,-0.04417983,0.5086885999999999,0.1299844,-0.0336539,0.5303800999999999,0.1277337,-0.02300102,0.5421444999999999,0.11722719999999999,-0.06047736,0.4633028,0.10747770000000001,-0.04594348,0.49715909999999996,0.1014484,-0.02962342,0.513149,0.09784630000000001,-0.01560599,0.5198221,0.09973976,-0.06360739,0.4554366,0.08689993,-0.05547306,0.4814884,0.08095893,-0.04492547,0.4929687,0.07710152,-0.03257816,0.49995730000000005,0.1333626,-0.05555651,0.4456998,0.1342385,-0.08096498,0.38190359999999995,0.1526192,-0.05603692,0.3933792,0.20923960000000003,-0.2403304,0.2116116,0.1571866,-0.08132324,0.37472259999999996,0.1187905,-0.09654326,0.37205540000000004,0.2284377,-0.23272039999999997,0.21294520000000003,0.1900416,-0.2479404,0.21027800000000002
457,17:16:43.801 PM,0.1798036,-0.02993578,0.41846459999999996,0.190144,-0.01268966,0.4394772,0.1919226,5.39422e-05,0.4547411,0.154507,-0.04109891,0.46393260000000003,0.15989979999999998,-0.0343229,0.49954209999999993,0.1618265,-0.02695194,0.5187005,0.1619281,-0.01831278,0.5304378000000001,0.1360354,-0.04893732,0.46469340000000003,0.1320112,-0.038861099999999996,0.5043516,0.1288182,-0.02764022,0.5256188,0.1261905,-0.01638366,0.5367253000000001,0.1175395,-0.05636804,0.45919719999999997,0.1074612,-0.04241619,0.4932018,0.1011049,-0.02658577,0.5095536,0.09724145,-0.01273648,0.5164295999999999,0.10018239999999999,-0.05986485,0.4511976,0.08655709,-0.051826599999999994,0.4768778,0.08004187,-0.04157978,0.4883194,0.07572583,-0.02931345,0.49518190000000006,0.1338361,-0.0516832,0.4416785,0.13551960000000002,-0.07857561,0.3784617,0.1537319,-0.05316599,0.38961599999999996,0.2087542,-0.241573,0.21085810000000002,0.1584266,-0.07919592,0.3711682,0.11993599999999999,-0.09425505,0.3689949,0.22799940000000002,-0.23404339999999998,0.2119448,0.1895089,-0.24910259999999998,0.20977150000000003
458,17:16:43.834 PM,0.17937229999999998,-0.025589700000000003,0.4143906,0.18975160000000002,-0.007424711999999999,0.43459390000000003,0.1916756,0.0059714469999999995,0.4492697,0.154087,-0.03578448,0.4601309,0.1591723,-0.02856791,0.495699,0.16075910000000002,-0.02049136,0.5146022,0.1605126,-0.01118608,0.5258163,0.13565510000000003,-0.04370326,0.4610123,0.13086760000000003,-0.03183937,0.5000864,0.1271059,-0.01889834,0.5202541,0.1241237,-0.006467535999999999,0.529925,0.1172507,-0.05143549,0.4556262,0.10698350000000001,-0.03733842,0.48951419999999995,0.1004473,-0.0211726,0.5054618,0.0964914,-0.007063746,0.5117307,0.099984,-0.05531779,0.4476090999999999,0.08580755,-0.04693986,0.472879,0.07899762,-0.03637534,0.48385,0.07458508,-0.02373339,0.4899237,0.13367089999999998,-0.04727285,0.4380912,0.13591589999999998,-0.07638143,0.3758588,0.1540246,-0.05047089,0.38628379999999995,0.2082721,-0.2455708,0.21411460000000002,0.1588125,-0.07736162,0.3685724,0.1202548,-0.09232018,0.36697070000000004,0.22755100000000003,-0.23809160000000001,0.2149155,0.1889932,-0.2530501,0.2133138
459,17:16:43.863 PM,0.1788438,-0.02200532,0.41071769999999996,0.18907220000000002,-0.0032321809999999998,0.43043679999999995,0.191048,0.01056096,0.44473359999999995,0.15391729999999998,-0.03165504,0.4565549,0.1586023,-0.02365138,0.49200959999999994,0.1598396,-0.01485506,0.5106159,0.15931789999999998,-0.005082861,0.5214164000000001,0.1355079,-0.03961156,0.45755920000000005,0.1303525,-0.02629882,0.49611720000000004,0.1263182,-0.01220061,0.5154403000000001,0.12319389999999998,0.0007879585,0.5243007,0.1171444,-0.04752196,0.45229359999999996,0.1069078,-0.03304552,0.4860307,0.1003553,-0.016561199999999998,0.5016422,0.09636862,-0.0023621320000000003,0.5076839,0.09991426,-0.05163868,0.44431459999999995,0.08574361,-0.04268759,0.4693907,0.07899585,-0.03166351,0.47994040000000004,0.07468018,-0.01874563,0.4854806,0.1336042,-0.04370037,0.43471800000000005,0.1360885,-0.07425359,0.3731877,0.154124,-0.04799303,0.3830551,0.20845349999999999,-0.2477431,0.2160645,0.1589894,-0.07544085,0.36594540000000003,0.1204242,-0.09041527,0.3647176,0.2277361,-0.24025589999999997,0.2166783,0.18917089999999998,-0.25523029999999997,0.2154506
460,17:16:43.893 PM,0.17834760000000002,-0.01800896,0.4064709,0.1880571,0.001625374,0.4256038,0.1894402,0.01595978,0.43942890000000007,0.1545535,-0.02760594,0.45267840000000004,0.15958370000000002,-0.01905578,0.4879575,0.16085239999999998,-0.009458527,0.5061608,0.1602544,0.0009889752,0.516304,0.1361154,-0.03546180000000001,0.45391899999999996,0.131297,-0.02166381,0.4923491,0.127424,-0.007042021,0.5113118,0.12439249999999999,0.0063468959999999994,0.5195880999999999,0.11769600000000001,-0.04339619,0.4488899,0.1079085,-0.02885833,0.4827335,0.101594,-0.01212494,0.4981771,0.09777272,0.002292007,0.5037946,0.1004143,-0.04759638,0.4410678,0.08639245,-0.03826395,0.46608829999999996,0.07981198,-0.02680448,0.47627299999999995,0.07576694,-0.01354264,0.48116570000000003,0.13409520000000003,-0.03999473,0.4311719,0.1362605,-0.07170027,0.3702271,0.1543721,-0.04539952,0.37951779999999996,0.20921309999999999,-0.2475092,0.21598360000000003,0.1591702,-0.07294267,0.3630218,0.1206461,-0.08803878,0.3620079,0.22847510000000001,-0.23996109999999998,0.2164906,0.18995109999999998,-0.2550572,0.21547670000000002
461,17:16:43.927 PM,0.1760536,-0.01185428,0.4005752,0.1831418,0.00938338,0.4191312,0.1815398,0.02432917,0.4322612,0.1551715,-0.0230234,0.4472085,0.1603491,-0.01406041,0.48236369999999995,0.1614175,-0.003724501,0.5001713,0.1604769,0.007357046,0.5095903,0.1368527,-0.03111017,0.44870459999999995,0.1323166,-0.01761827,0.4872776,0.12842269999999997,-0.002883241,0.5061481,0.1252537,0.01079743,0.5138777,0.1185114,-0.03937745,0.44393320000000003,0.10908920000000001,-0.02490538,0.4779084,0.1028105,-0.007904246,0.4930713,0.09896473,0.006733640999999999,0.49806540000000005,0.1012373,-0.04394135,0.4363005999999999,0.08730677,-0.03426093,0.4612397,0.08082339,-0.02225909,0.4708447,0.07698332,-0.008626996999999999,0.474792,0.13474229999999998,-0.03604083,0.4260487,0.1370323,-0.06871244,0.3656417,0.1547439,-0.04200877,0.3743491,0.21353920000000004,-0.24598739999999997,0.21483809999999998,0.1599616,-0.06962788,0.3584498,0.1217538,-0.0855245,0.3577532,0.2326431,-0.2380391,0.21518629999999997,0.19443529999999998,-0.2539357,0.21448979999999998
462,17:16:43.955 PM,0.1706788,-0.006646111999999999,0.39646620000000005,0.1730669,0.01562043,0.4150184,0.16855520000000002,0.03043355,0.4276149,0.1545661,-0.020712,0.4426486,0.1593906,-0.01174451,0.4778528,0.1601049,-0.0013429520000000001,0.49563999999999997,0.1588996,0.009629786,0.5051559,0.1364153,-0.02917327,0.4441236,0.1312989,-0.01513423,0.48242759999999996,0.12685439999999998,0.0003475547,0.500564,0.1233252,0.01418883,0.5078383,0.11824089999999998,-0.03778905,0.4393303,0.1086336,-0.02258214,0.4729306,0.10215039999999999,-0.004850581,0.48714070000000004,0.09815792,0.009953126,0.49149,0.1010562,-0.04266866,0.43169079999999993,0.0870771,-0.03204407,0.45621490000000003,0.08078124,-0.01921837,0.46482879999999993,0.07717879,-0.005268037,0.4677588,0.1343868,-0.03405005,0.42144849999999995,0.1374141,-0.06653313,0.36101609999999995,0.1544632,-0.03939512,0.36970990000000004,0.2199504,-0.2438419,0.2134656,0.16042889999999999,-0.06695311,0.35405529999999996,0.1226529,-0.08384404,0.3532218,0.2388384,-0.2353964,0.2138824,0.2010624,-0.2522874,0.2130489
463,17:16:43.988 PM,0.1653104,-0.0002509654,0.3907613,0.1627346,0.02209751,0.40918990000000005,0.15454520000000002,0.03585662,0.4211076,0.1545526,-0.01704425,0.4366558,0.1588383,-0.0076246859999999994,0.4718115,0.1589149,0.003193885,0.4893615,0.15717,0.01424575,0.49869949999999996,0.1367214,-0.02616276,0.438108,0.13030029999999998,-0.01096779,0.4757683,0.1247343,0.005756557,0.492429,0.12049289999999999,0.01998104,0.49847559999999996,0.1188414,-0.03536123,0.43329070000000003,0.10826110000000001,-0.01856083,0.4658215,0.1011165,0.0005371869,0.4777571,0.09680574,0.01566698,0.4802938,0.10180399999999999,-0.04075684,0.42566859999999995,0.08751008,-0.02847914,0.44921869999999997,0.08148751,-0.01444638,0.4559317,0.07842529,-9.134412e-05,0.4567302,0.13475689999999999,-0.03083594,0.41538450000000005,0.1387675,-0.06277959,0.3547971,0.1547581,-0.0348419,0.3634965,0.2292053,-0.24104009999999998,0.21314729999999998,0.1618547,-0.06255694,0.34807059999999995,0.1247242,-0.08082829,0.34735859999999996,0.2477705,-0.23190439999999998,0.21350329999999998,0.21064000000000002,-0.2501757,0.2127913
464,17:16:44.016 PM,0.1628388,0.007677883000000001,0.38496790000000003,0.1582557,0.02935238,0.4038112,0.1482871,0.04186498,0.4157522,0.1552367,-0.01140021,0.43050109999999997,0.158253,-0.001192048,0.4655683,0.156844,0.01068701,0.48236009999999996,0.1538389,0.0222436,0.4907148,0.1379088,-0.02145647,0.4318524,0.1300125,-0.00533092,0.46883990000000003,0.12305239999999999,0.01262116,0.483592,0.1179292,0.02727197,0.4875956,0.1204702,-0.03141801,0.42693519999999996,0.108475,-0.01326676,0.4582267,0.1004008,0.006960600999999999,0.46739129999999995,0.09569186,0.02218361,0.4676473,0.1036501,-0.03746082,0.4193161,0.08896547,-0.023582,0.4417092000000001,0.08336464,-0.008456558000000001,0.44597120000000007,0.08109113,0.005947933000000001,0.44410479999999997,0.1359455,-0.02558038,0.4090227,0.1407849,-0.05626161,0.34792270000000003,0.1555773,-0.02709055,0.3568614,0.2334569,-0.2397969,0.2146992,0.1638374,-0.0560062,0.3410797,0.12699960000000002,-0.07487056,0.3414434,0.2518758,-0.2303647,0.21451729999999997,0.215038,-0.249229,0.214881
465,17:16:44.048 PM,0.16129649999999998,0.01703535,0.37542070000000005,0.15580139999999998,0.03849907,0.3942618,0.14536129999999997,0.05054624,0.40627870000000005,0.15528979999999998,-0.002325401,0.4210003,0.15622260000000002,0.01024254,0.45540959999999997,0.1527334,0.02387585,0.47047120000000003,0.14813110000000002,0.03615673,0.4768179,0.1385168,-0.01326206,0.42250340000000003,0.1292044,0.005640849,0.45780429999999994,0.1209085,0.025441599999999998,0.46908019999999995,0.11509669999999998,0.04034878,0.46993729999999995,0.1215798,-0.0241223,0.4177389,0.1080742,-0.0028489979999999997,0.446325,0.09935877,0.01865385,0.4507475,0.09470744,0.03344946,0.4471228,0.1050368,-0.03104252,0.4102615,0.09026117,-0.0140745,0.4303415,0.08570708,0.001964524,0.43057740000000005,0.08500033,0.01536764,0.42460470000000006,0.1365933,-0.01752752,0.39969640000000006,0.1421616,-0.0487375,0.3389696,0.1558733,-0.01812388,0.3473853,0.23326860000000002,-0.24079539999999997,0.21718800000000002,0.16512979999999997,-0.04895122,0.3318474,0.12830419999999998,-0.06772956,0.3339136,0.2516814,-0.23140619999999998,0.21615479999999998,0.21485579999999999,-0.2501846,0.21822110000000003
466,17:16:44.077 PM,0.16068220000000003,0.02459635,0.3619022,0.1556277,0.04701827,0.3797224,0.1458384,0.05981959,0.391505,0.1555162,0.007472947,0.4086297,0.1549933,0.02368857,0.441488,0.1498658,0.03933512,0.45389229999999997,0.1440055,0.05223323,0.45729849999999994,0.13914129999999997,-0.00389728,0.4110357,0.1296875,0.01914696,0.443745,0.12076210000000001,0.04072697,0.4502893,0.1147434,0.05522336,0.4470577,0.12248239999999998,-0.01552252,0.4071832,0.1085616,0.009783505999999999,0.4320458,0.09999029,0.03173213,0.43034390000000006,0.09585343,0.04496093,0.42248559999999996,0.10603710000000001,-0.02334371,0.4004115,0.09180416,-0.00321646,0.4177879,0.08827775,0.01266262,0.414092,0.08873755,0.02398933,0.40473400000000004,0.13693029999999998,-0.009402424,0.3885224,0.14212660000000002,-0.04387611,0.3295643,0.1552333,-0.01210767,0.3359284,0.2310791,-0.24491679999999996,0.2214377,0.1649221,-0.04461718,0.32193990000000006,0.12822650000000002,-0.06323911,0.326376,0.24942689999999998,-0.2356058,0.21921970000000002,0.2127313,-0.2542277,0.2236558
467,17:16:44.106 PM,0.1614575,0.03159679,0.3457716,0.15816960000000002,0.05519293,0.3624631,0.1481108,0.06801371,0.37399590000000005,0.1561989,0.0170121,0.394021,0.15261529999999998,0.03897198,0.4231838,0.1435327,0.05709109999999999,0.4274651,0.13557879999999997,0.06871112,0.4233423,0.1405019,0.005040437,0.3977077,0.1302365,0.03372182,0.4253719,0.12004760000000002,0.05542375,0.4209027,0.1145075,0.0652823,0.4093285,0.1242932,-0.007548511,0.39517490000000005,0.11001939999999999,0.0219792,0.41463310000000003,0.1021196,0.04126604,0.4033317,0.09974536,0.04848821,0.3892053,0.1079998,-0.01649626,0.389515,0.0948507,0.006729796999999999,0.40359429999999996,0.09295502,0.02030031,0.39399120000000004,0.09547912,0.02543615,0.3803527,0.1376977,-0.0018116979999999998,0.37563159999999995,0.1420519,-0.03973699,0.31880359999999996,0.1540754,-0.0065933319999999995,0.3225476,0.2312875,-0.24899200000000002,0.22776710000000003,0.1645849,-0.04084846,0.31047820000000004,0.1284425,-0.05955101,0.31802529999999996,0.2493587,-0.2396407,0.22399360000000001,0.2132163,-0.25834320000000005,0.23154059999999999
468,17:16:44.135 PM,0.1575386,0.03874169,0.3220885,0.1566797,0.06475593,0.335055,0.14877220000000002,0.07928418,0.34623059999999994,0.1615812,0.03329228,0.37159699999999996,0.1523753,0.06328104,0.3903508,0.1384744,0.07634713,0.38295009999999996,0.129893,0.07820766,0.371473,0.14803840000000001,0.02130599,0.3803006,0.13252339999999999,0.05750664,0.391466,0.1209153,0.06508102,0.37198600000000004,0.1175203,0.06092097,0.3571244,0.13288339999999998,0.007559672,0.3832089,0.11585029999999999,0.04131107,0.3870458,0.10886289999999998,0.04463105,0.36494340000000003,0.1091777,0.03775866,0.3507328,0.1167212,-0.00318335,0.38251399999999997,0.10507930000000001,0.02434556,0.38603200000000004,0.1030123,0.02771412,0.36993200000000004,0.10508800000000001,0.02170597,0.3567792,0.14178179999999999,0.01042755,0.3607008,0.1391446,-0.036423699999999996,0.3108886,0.1482552,-0.002921864,0.30697379999999996,0.2346967,-0.2475156,0.2313319,0.1596805,-0.03663058,0.29837529999999995,0.1281638,-0.05732601,0.3154462,0.2504551,-0.23716790000000001,0.2227964,0.21893829999999997,-0.25786329999999996,0.23986729999999998
469,17:16:44.165 PM,0.1654361,0.04223318,0.2985241,0.1649425,0.0703309,0.30602740000000006,0.15731689999999998,0.08736615,0.3131199,0.16514120000000002,0.04687671,0.34789240000000005,0.1491408,0.07938577,0.3421909,0.1386349,0.07766832,0.3245087,0.1352197,0.06859078,0.3136132,0.14989229999999998,0.03781237,0.35730429999999996,0.1327374,0.07071592,0.3395155,0.12808250000000002,0.05955727,0.3184651,0.1298609,0.045220300000000005,0.3114833,0.1334465,0.02591662,0.3612506,0.11826310000000001,0.05500735,0.3418091,0.11807739999999999,0.0430351,0.3214189,0.1222957,0.02852474,0.3163092,0.1165883,0.01626153,0.36097140000000005,0.1085422,0.04180573,0.3470497,0.1091652,0.03469716,0.33195759999999996,0.1122204,0.02149917,0.32621409999999995,0.1446411,0.02347551,0.3397257,0.14335620000000002,-0.031767500000000004,0.2991636,0.1550465,-0.001174614,0.2908035,0.2399801,-0.2489736,0.2398949,0.16461679999999998,-0.03308275,0.2880013,0.13175789999999998,-0.05217287,0.304399,0.25640949999999996,-0.2394285,0.231696,0.22355070000000002,-0.2585187,0.2480937
470,17:16:44.197 PM,0.1605407,0.0390168,0.27441109999999996,0.15821400000000002,0.06798847,0.2742428,0.1496672,0.08586453,0.27661620000000003,0.1610447,0.05654328,0.3206,0.14021029999999998,0.07515185,0.29697779999999996,0.1329526,0.06026919,0.2847938,0.133927,0.04585157,0.2833808,0.1461443,0.04982178,0.33224990000000004,0.1270601,0.06601419,0.2996855,0.1255108,0.04483451,0.28803029999999996,0.1299682,0.02976845,0.29111509999999996,0.1301486,0.0388677,0.3394115,0.11451120000000001,0.05525382,0.3087908,0.11623879999999999,0.03555401,0.2958876,0.1218327,0.02094071,0.2988794,0.1136568,0.02891986,0.3419098,0.10515050000000001,0.04545791,0.3181901,0.10698310000000001,0.03296886,0.3073006,0.11116969999999998,0.01892577,0.30839759999999994,0.1414121,0.03112911,0.319232,0.1419166,-0.03243469,0.2933937,0.1526843,-0.005355492,0.27864920000000004,0.24431950000000002,-0.2513536,0.2532786,0.1625325,-0.03425659,0.2811465,0.13154100000000002,-0.05250467,0.3016295,0.2598152,-0.24222960000000002,0.24303699999999998,0.22882370000000002,-0.2604776,0.2635201
471,17:16:44.231 PM,0.15230370000000001,0.02855347,0.2413916,0.1476659,0.055527999999999994,0.2316413,0.1384,0.07307948,0.2296735,0.15461989999999998,0.06308819,0.27767159999999996,0.12467249999999999,0.06423797,0.2566857,0.1247356,0.04389976,0.2537394,0.132963,0.03269367,0.2579134,0.1444053,0.06019615,0.294703,0.1154673,0.06126107,0.265585,0.11606849999999999,0.03708477,0.264085,0.1239903,0.02502416,0.2710309,0.1327921,0.05162783,0.30948790000000004,0.1075829,0.05409421,0.28107350000000003,0.11030630000000001,0.03106625,0.2766425,0.1187857,0.01891081,0.28247059999999996,0.11939769999999998,0.04219647,0.31990640000000004,0.1026415,0.04791628,0.2955353,0.10458379999999999,0.03214888,0.2904874,0.11145219999999999,0.02014624,0.2954456,0.139982,0.03769748,0.29082990000000003,0.1441961,-0.03066951,0.28707740000000004,0.1472269,-0.010451,0.2637565,0.24661860000000002,-0.24851279999999998,0.2415415,0.1595751,-0.03339058,0.26879240000000004,0.1390594,-0.04973277,0.30080890000000005,0.2568765,-0.2403417,0.22553320000000004,0.2363607,-0.2566839,0.25754970000000005
472,17:16:44.276 PM,0.150084,0.02719949,0.2140382,0.14034649999999999,0.05038165,0.1994244,0.1282769,0.0653605,0.1940894,0.1405283,0.06840165,0.24177420000000002,0.1106896,0.05707116,0.22377039999999998,0.11657719999999999,0.03735538,0.22505460000000002,0.1273413,0.02902846,0.23026660000000002,0.1318466,0.06723236,0.25984270000000004,0.10237260000000001,0.05495106,0.23394320000000002,0.1105131,0.03215654,0.235456,0.1220663,0.02379493,0.24276979999999998,0.1231003,0.05985121,0.2770625,0.09714662,0.04994692,0.2509715,0.105181,0.02773006,0.25138510000000003,0.1163604,0.01903795,0.2586959,0.11269480000000001,0.05024751,0.29036490000000004,0.09429085,0.04627629,0.2668021,0.09980378,0.03062104,0.2651171,0.10937870000000001,0.02153002,0.2715849,0.13283570000000003,0.04401748,0.2612854,0.150874,-0.02158429,0.2701829,0.150578,-0.006157040999999999,0.2446742,0.24386620000000003,-0.2427775,0.2207051,0.1642535,-0.02512823,0.2505172,0.1467937,-0.04015966,0.2849009,0.252596,-0.2352618,0.2035132,0.2351363,-0.25029320000000005,0.2378969
473,17:16:44.308 PM,0.14552620000000002,0.03212346,0.2010925,0.13130229999999998,0.05374436,0.18783010000000003,0.11700630000000001,0.06671323,0.1827402,0.1283788,0.06912403,0.2294009,0.1006137,0.05421333,0.2107029,0.1092258,0.0354834,0.2105572,0.1212433,0.0287302,0.2152874,0.1200366,0.06566541,0.2473335,0.09284780000000001,0.05007879,0.22072289999999997,0.10471710000000001,0.02892931,0.22095839999999997,0.1175097,0.0219755,0.2276616,0.11282730000000002,0.05613329,0.26420370000000004,0.08867364,0.04298465,0.23782039999999996,0.101811,0.02349718,0.2353919,0.11515550000000001,0.01723666,0.24145029999999998,0.1044278,0.04424305,0.27706679999999995,0.08672434,0.03848623,0.2533366,0.09447364,0.0240178,0.25035660000000004,0.10546389999999999,0.01605241,0.2560071,0.1254661,0.04303907,0.24798649999999997,0.1543424,-0.01884349,0.25451779999999996,0.1525656,-0.002162948,0.22983220000000001,0.2551969,-0.2330969,0.19178,0.1677846,-0.02070753,0.23466550000000003,0.1509856,-0.03840478,0.26809629999999995,0.26359640000000006,-0.2242482,0.1750646,0.24679740000000003,-0.24194549999999998,0.20849539999999997
474,17:16:44.337 PM,0.14071670000000003,0.03439738,0.1935509,0.1240733,0.05489512,0.1813579,0.10868789999999999,0.06670286,0.1766257,0.12168,0.06891288,0.22157729999999998,0.09467759,0.05341811,0.2022431,0.10398710000000001,0.035062300000000005,0.2010274,0.11634169999999999,0.02868278,0.205394,0.1134643,0.06435235,0.23932319999999999,0.08709314,0.04848941,0.2120576,0.1001049,0.02803068,0.21134610000000004,0.11328379999999999,0.02152418,0.2177439,0.1069028,0.05386035,0.2558875,0.08377752,0.04030095,0.2287969,0.09707873,0.02087907,0.226739,0.1102982,0.01487367,0.2333107,0.09939831,0.04101022,0.26837890000000003,0.08203679,0.03503795,0.24444899999999997,0.0906316,0.02120782,0.24081529999999998,0.10212410000000001,0.013709899999999999,0.24609570000000003,0.1207816,0.04225142,0.23954629999999996,0.1544193,-0.01719576,0.24452939999999998,0.1518078,-8.426607e-05,0.220744,0.26519380000000004,-0.22076639999999997,0.16510339999999998,0.1677089,-0.01688719,0.2244895,0.1522071,-0.03786139,0.25662670000000004,0.2729447,-0.21027929999999997,0.1490348,0.257443,-0.23125349999999997,0.181172
475,17:16:44.366 PM,0.1358598,0.03586365,0.1868039,0.117702,0.05558749,0.17552579999999998,0.1017493,0.0667762,0.1711812,0.1170396,0.069189,0.2145639,0.08994574,0.05369072,0.1953603,0.09916959,0.03538068,0.1931767,0.11178930000000001,0.02930428,0.1972056,0.10917850000000001,0.06409587,0.2323259,0.08271548,0.0482225,0.20515529999999998,0.09620916,0.02811585,0.2037306,0.1096845,0.0219578,0.20985050000000002,0.1032125,0.05315988,0.2488287,0.08005788,0.03960674,0.2217596,0.09367421,0.020409599999999996,0.21964899999999998,0.10701079999999999,0.01481886,0.22634949999999998,0.09636959,0.03987052,0.2612409,0.07875112,0.03388189,0.2375033,0.08806289999999999,0.02050878,0.2339237,0.09988661,0.01338868,0.23899250000000002,0.1174317,0.04232557,0.2322496,0.1532309,-0.0159221,0.2363599,0.1500691,0.001550764,0.2127364,0.2620705,-0.21977649999999999,0.1549887,0.1662705,-0.01561786,0.2161562,0.15107520000000002,-0.03661178,0.2484266,0.2696682,-0.2092795,0.13885350000000002,0.2544729,-0.2302734,0.1711239
476,17:16:44.396 PM,0.1264335,0.03241508,0.1789181,0.1066861,0.05100711,0.16842970000000002,0.090445,0.062025800000000006,0.16478779999999998,0.111872,0.06818368,0.2051319,0.0825066,0.05115975,0.191389,0.09110269,0.03252049,0.1894501,0.1041546,0.02664696,0.1921715,0.1065756,0.06479575,0.22418649999999998,0.0769637,0.04632013,0.2025138,0.09016366,0.02602853,0.2009673,0.10442280000000001,0.020477099999999998,0.20572529999999997,0.1030701,0.05547483,0.2422906,0.07657768,0.03951801,0.220067,0.08984259,0.0200996,0.2177561,0.104005,0.01495783,0.2229337,0.0981755,0.04342176,0.25670479999999996,0.07745773,0.03540598,0.2363361,0.08627336,0.02171578,0.23270389999999996,0.09870967,0.01489389,0.2365617,0.11505560000000001,0.04312979,0.2250303,0.15194370000000001,-0.01444124,0.2299196,0.14531670000000002,0.0007259399000000001,0.2051775,0.253585,-0.22608899999999998,0.1599936,0.16231020000000002,-0.0165033,0.2083199,0.1517414,-0.03354395,0.24452670000000004,0.25886939999999997,-0.21756860000000003,0.1418902,0.24830059999999998,-0.2346093,0.178097
477,17:16:44.426 PM,0.11680430000000001,0.03035335,0.17453410000000003,0.09485622,0.04773162,0.16663050000000001,0.07771546,0.05791508,0.1655267,0.1068262,0.06790568,0.1987731,0.07660916,0.04894842,0.1903371,0.08519939,0.03027992,0.18866770000000002,0.09842268,0.02428208,0.18994229999999998,0.1042346,0.06586431,0.218585,0.07329536,0.0441335,0.2024062,0.08661499,0.023943799999999998,0.20057370000000002,0.101548,0.0190932,0.20381529999999998,0.1033675,0.05784382,0.2376274,0.07494824,0.03926434,0.22029870000000001,0.08812661,0.01983599,0.2176024,0.102924,0.01504417,0.2210897,0.10065410000000001,0.04682772,0.25340429999999997,0.07767517,0.03688203,0.23657689999999998,0.08560425,0.022823799999999998,0.23234760000000002,0.09843259,0.01601307,0.2346489,0.11304669999999999,0.044347000000000004,0.21977529999999998,0.1509799,-0.01271954,0.22418429999999998,0.14088929999999997,0.0007574558,0.19895629999999997,0.243013,-0.2337286,0.1720144,0.1587155,-0.01784449,0.20199720000000002,0.15244760000000002,-0.0296955,0.2411544,0.2461469,-0.2278031,0.15243579999999998,0.239879,-0.2396541,0.19159310000000002
478,17:16:44.458 PM,0.1103174,0.03023125,0.1723343,0.08679756,0.04648598,0.16700320000000002,0.06915483,0.05578275,0.1679071,0.1031843,0.06841560000000001,0.1954067,0.07342846,0.04789542,0.1893644,0.0823556,0.02941699,0.18737939999999997,0.09570237,0.02357607,0.1877703,0.10213,0.06656776,0.21537379999999998,0.07145473,0.04299249,0.2014569,0.08435597,0.02248065,0.2003941,0.09928474,0.01749261,0.203426,0.10285250000000001,0.05876474,0.23450749999999998,0.07427203,0.038558800000000004,0.21942840000000002,0.08729055,0.0191725,0.2158129,0.10233930000000001,0.01446061,0.21812329999999996,0.1015471,0.04789336,0.2505571,0.07793648,0.03674765,0.2354565,0.08512724,0.0225776,0.2303721,0.09802274,0.01559167,0.2314121,0.1114194,0.04523234,0.2161252,0.15048770000000003,-0.01126449,0.2190131,0.13845,0.001912534,0.19373629999999997,0.23933429999999997,-0.23610219999999998,0.1793181,0.15710610000000003,-0.01809753,0.1969265,0.152754,-0.02691522,0.2371302,0.2415103,-0.23169339999999997,0.15921629999999998,0.23715820000000004,-0.24051109999999998,0.19941989999999998
479,17:16:44.490 PM,0.10670199999999999,0.03005384,0.1711942,0.0823025,0.04540686,0.1673262,0.06436682,0.053937,0.1693635,0.1007877,0.06855525,0.19305179999999997,0.07154094,0.0471385,0.1876615,0.08078611,0.0288348,0.1855165,0.09419989999999999,0.02313571,0.1856059,0.1002368,0.06669484,0.21303850000000002,0.06999771,0.04223298,0.1997059,0.08283687,0.02165578,0.19935070000000002,0.09772959,0.01670395,0.20261429999999997,0.1015471,0.05891119,0.2321496,0.07331549999999999,0.03779112,0.21767489999999998,0.08642937,0.01854368,0.2136805,0.1015787,0.01397145,0.2155812,0.1008119,0.048023,0.2482248,0.077226,0.03620084,0.23360589999999998,0.08419345,0.02205689,0.22815059999999998,0.09711576,0.01506306,0.2286949,0.1099161,0.04552646,0.2135688,0.1500174,-0.01032433,0.2158794,0.1371719,0.002682924,0.1905447,0.2399433,-0.2360304,0.1843152,0.156445,-0.01800299,0.1940152,0.15258229999999998,-0.02521627,0.234587,0.24187460000000002,-0.23242379999999999,0.1640293,0.23801190000000003,-0.239637,0.2046011
480,17:16:44.522 PM,0.10529880000000001,0.02983879,0.1707534,0.08068546,0.0449173,0.1671901,0.06262266,0.05307634,0.16957979999999998,0.09999885,0.06848578,0.1921557,0.0709895,0.04693066,0.1860815,0.08002777,0.02853729,0.18382720000000002,0.09334854,0.02262668,0.18400550000000002,0.0991781,0.06638156,0.2121088,0.06909403,0.04212414,0.19807139999999998,0.08165186,0.02137853,0.1975208,0.09642499,0.01612176,0.2008491,0.100227,0.05836384,0.2311389,0.07219555,0.03742619,0.21602510000000003,0.08504579,0.01804484,0.2118277,0.1001087,0.01321504,0.2137754,0.09926957,0.04728048,0.2470679,0.07603472,0.0354286,0.23192100000000002,0.0828689,0.02129821,0.2262661,0.09572452,0.01418254,0.22679960000000002,0.10883759999999999,0.0452015,0.2125096,0.1488741,-0.01073575,0.21497600000000003,0.13637639999999998,0.002623618,0.1893305,0.24118449999999997,-0.23601060000000001,0.1875474,0.1559104,-0.01854094,0.1933454,0.15106879999999998,-0.02545805,0.2338637,0.2436054,-0.232552,0.16728829999999997,0.23876370000000002,-0.23946910000000002,0.20780660000000004
481,17:16:44.552 PM,0.10556989999999998,0.02916475,0.1707139,0.08109652,0.04421146,0.1661842,0.06287849999999999,0.05217053,0.16800079999999998,0.09982608,0.06776945,0.1923628,0.07085935,0.04674782,0.1844866,0.07943613,0.02814575,0.18214520000000003,0.09250838,0.02172668,0.1827054,0.0980332,0.06526445,0.21220540000000002,0.06861633,0.04138856,0.1962347,0.08108219,0.02058406,0.1958416,0.0956188,0.01505299,0.1997204,0.09814025,0.05686022,0.2310964,0.07083274,0.03631885,0.214218,0.08376432,0.01694976,0.2102189,0.09869217,0.01198484,0.2127714,0.09638764,0.04545988,0.2467311,0.07406233,0.03375389,0.23016979999999998,0.08115228,0.01973258,0.22455860000000002,0.09398156,0.0126255,0.22559780000000001,0.10761780000000001,0.04405119,0.2126428,0.1474715,-0.01199147,0.2159187,0.1361608,0.001866847,0.1899649,0.2431574,-0.23587199999999997,0.188649,0.1556379,-0.01929867,0.1945125,0.1488737,-0.02707233,0.23459789999999997,0.24653939999999996,-0.2319851,0.1686063,0.23977529999999997,-0.23975879999999997,0.20869169999999998
482,17:16:44.587 PM,0.10526379999999999,0.02845858,0.17079360000000002,0.08106876,0.04368858,0.1654533,0.06282507,0.0516475,0.1669914,0.09943219,0.06724323,0.1928231,0.07017265,0.04686083,0.1843694,0.07840839999999999,0.02811025,0.1819874,0.09133039999999999,0.02140446,0.18266670000000002,0.09726486,0.06465779,0.2126179,0.06782655,0.04125725,0.19599629999999998,0.08024876,0.02042408,0.1957783,0.0946781,0.01478596,0.1998964,0.09697179,0.05616404,0.231467,0.06982507,0.03590171,0.21400189999999997,0.08286542,0.0165575,0.21024250000000003,0.09774057,0.01160227,0.2131033,0.09485642,0.04470317,0.2470124,0.07283863,0.03311591,0.2299629,0.08013602,0.01913066,0.22453040000000002,0.09297582,0.01209871,0.22589940000000003,0.1066873,0.04337354,0.2131246,0.1461956,-0.01289818,0.21678609999999998,0.1353296,0.001090094,0.1907584,0.2439927,-0.23576350000000001,0.1887009,0.15477570000000002,-0.01990938,0.1954428,0.1473951,-0.0281735,0.2353208,0.247683,-0.2316314,0.1687619,0.2403024,-0.23989560000000001,0.2086399
483,17:16:44.622 PM,0.1040769,0.02792035,0.17085329999999999,0.0799854,0.04320048,0.16519720000000002,0.06174916,0.05115633,0.16683610000000001,0.09828414,0.06700726,0.1931225,0.06874421,0.04681195,0.1852126,0.07701927,0.02806805,0.1829158,0.08996958,0.02140938,0.18351489999999998,0.09633282,0.06461374,0.2129639,0.06643338,0.04142405,0.19687879999999996,0.07877634,0.02054341,0.1967037,0.09321129,0.01482074,0.2006832,0.09623262,0.05629911,0.2318947,0.06883857,0.03594632,0.2149282,0.08190309,0.01659979,0.2112661,0.09680235,0.01165344,0.2140145,0.09426702,0.04499032,0.2475705,0.07204521,0.033278300000000004,0.2308748,0.07941259,0.01927303,0.2255904,0.09229033,0.01230852,0.226948,0.1057154,0.04331438,0.213567,0.14521479999999998,-0.01295967,0.21723320000000004,0.13401649999999998,0.0007580667999999999,0.19128420000000002,0.2439938,-0.23525520000000003,0.188089,0.15353970000000003,-0.01994849,0.1957818,0.1467677,-0.02820042,0.2357702,0.24737989999999999,-0.23112929999999995,0.1680948,0.2406078,-0.2393812,0.20808310000000002
484,17:16:44.647 PM,0.1026271,0.02792592,0.1712469,0.07847337,0.04320838,0.16587020000000002,0.06027766,0.05118264,0.16783499999999998,0.09740578,0.06732766,0.1933164,0.06765725,0.04719581,0.1860552,0.07598913,0.02846633,0.183848,0.08898636,0.02189134,0.1843455,0.09575202,0.06513034,0.2132072,0.06538477,0.04208763,0.1978032,0.07757282,0.02111633,0.1976146,0.09201609,0.01528509,0.2014011,0.09590332,0.05699359,0.23221460000000002,0.06808255,0.03670405,0.2158797,0.08095191,0.01723434,0.2121802,0.09584537,0.0121544,0.2147065,0.09412266,0.04584266,0.2480249,0.07157921,0.03409959,0.23178920000000003,0.078825,0.02001612,0.2265448,0.09168265,0.01298928,0.2277638,0.10502910000000001,0.04378645,0.213865,0.1443381,-0.01263019,0.2173937,0.1327509,0.0008693635,0.1915468,0.24308670000000002,-0.2348448,0.18753720000000001,0.152306,-0.01969791,0.1958328,0.1462451,-0.02778393,0.23596889999999998,0.24611710000000003,-0.2308018,0.1674691,0.2400562,-0.23888779999999998,0.20760520000000002
485,17:16:44.677 PM,0.1014357,0.02730088,0.1715222,0.07723524,0.04262532,0.1664847,0.05913342,0.05072226,0.1687884,0.09662487,0.06712453,0.1936136,0.06665145,0.04699595,0.1873308,0.07524174,0.02835567,0.18537279999999998,0.08835695,0.02201323,0.185789,0.09538265,0.06528787,0.2135712,0.06433875,0.04246642,0.19922020000000001,0.07626731,0.02134581,0.19910799999999998,0.09071322,0.01537664,0.2026633,0.09587377,0.05748104,0.232711,0.06739061,0.03734075,0.21736079999999997,0.07990631,0.01763816,0.2136795,0.09475842,0.01229973,0.2158993,0.0943378,0.04662283,0.2487494,0.07129471,0.03487994,0.2332297,0.07836325,0.02065788,0.22811869999999998,0.09117016,0.01351242,0.22917220000000002,0.10448419999999999,0.04387458,0.21440370000000003,0.143455,-0.01276805,0.2179562,0.1313393,0.00032489,0.19225050000000002,0.2419448,-0.2349244,0.1868364,0.1508875,-0.01993978,0.196239,0.14587139999999998,-0.02781195,0.2365614,0.24445279999999997,-0.23098829999999998,0.1666753,0.23943670000000003,-0.2388605,0.2069976
486,17:16:44.710 PM,0.1009563,0.02706657,0.1715504,0.07684486,0.04248334,0.1663699,0.05880683,0.05077569,0.1684694,0.0958621,0.06698398,0.19410929999999998,0.06589713,0.04674436,0.1881524,0.07483445,0.02825291,0.18634260000000002,0.08806964,0.02216615,0.18677660000000001,0.09475554,0.06528087,0.2140866,0.06347555,0.04255672,0.2000991,0.07551106,0.02149661,0.2001108,0.09001189999999999,0.01564838,0.2036432,0.09535997,0.05759753,0.233273,0.06662063,0.03755818,0.21827270000000004,0.07914928,0.01784824,0.21467640000000002,0.09401304,0.01252079,0.2168432,0.09390711,0.04684837,0.24939229999999998,0.07065716,0.03516631,0.23413779999999998,0.07776548,0.02092351,0.22914110000000001,0.09059216,0.01381555,0.2302074,0.1038035,0.04384796,0.21499490000000002,0.1426739,-0.0128516,0.2185453,0.1303812,7.966161e-05,0.19293870000000002,0.24099099999999998,-0.23484989999999997,0.1857955,0.1498887,-0.01995716,0.19673310000000002,0.1452908,-0.02794586,0.2370824,0.24328989999999998,-0.2308555,0.1656209,0.23869200000000002,-0.2388442,0.2059701
487,17:16:44.739 PM,0.10160570000000001,0.02754472,0.1714985,0.07772949,0.04312767,0.1657549,0.05968767,0.05152138,0.1673637,0.09557386,0.06706424,0.1950806,0.06584832,0.04671304,0.1883515,0.07510246,0.02838193,0.1865012,0.08842491,0.0225047,0.1871182,0.09414914,0.06508748,0.2150127,0.06319611,0.0424255,0.2002187,0.07559218,0.02157553,0.200283,0.09013839,0.01599683,0.20405720000000002,0.09445893,0.057144600000000004,0.2341004,0.06602015,0.03724025,0.2183644,0.07890118,0.01774679,0.21483270000000002,0.09380829,0.01266763,0.2172811,0.09276664,0.046174599999999996,0.25004679999999996,0.06977663,0.03467773,0.2342661,0.07716713,0.0205702,0.2292948,0.0900708,0.0136442,0.23060389999999997,0.10322069999999998,0.0436589,0.21577539999999998,0.14213779999999998,-0.01301767,0.2191804,0.1302305,0.0002380461,0.1935572,0.24131620000000004,-0.2344249,0.1850542,0.14972570000000002,-0.01981587,0.19739690000000001,0.1444677,-0.028360200000000002,0.23755120000000002,0.24394520000000003,-0.23015270000000002,0.16497699999999998,0.23868720000000002,-0.2386971,0.20513130000000002
488,17:16:44.769 PM,0.10294890000000001,0.02812104,0.17171879999999998,0.07956206,0.04409762,0.1651115,0.06160116,0.05276765,0.1659865,0.09605783,0.0672826,0.1962215,0.06643931,0.04719634,0.18832979999999996,0.07570110000000001,0.02886797,0.1864929,0.08901227,0.02300893,0.1874357,0.09404773,0.06501712,0.21607179999999998,0.06343656,0.04266594,0.2001397,0.0761974,0.02203883,0.1999155,0.09078976,0.01669039,0.2038412,0.09375428,0.05678628,0.23503690000000002,0.06568921,0.03727098,0.2181844,0.0788351,0.0179127,0.21489439999999999,0.09371229,0.01301888,0.21784789999999998,0.0915289,0.04559074,0.250759,0.06892184,0.03450386,0.23415450000000002,0.07656619999999999,0.02048557,0.22931669999999998,0.08948664,0.01369449,0.2310837,0.10294489999999998,0.04351331,0.21676700000000002,0.14142929999999998,-0.01344699,0.2203775,0.1302796,0.0002335757,0.19467179999999998,0.2422127,-0.23385219999999998,0.1845147,0.1496217,-0.01978579,0.1986747,0.14331529999999998,-0.029148700000000003,0.23849410000000001,0.2453659,-0.22917070000000003,0.164605,0.2390596,-0.2385336,0.20442439999999998
489,17:16:44.797 PM,0.10570260000000001,0.02856259,0.1728463,0.08316129,0.04523228,0.1651078,0.06540456,0.05435534,0.1650107,0.09798425,0.0673124,0.1976555,0.06836349,0.04812549,0.1877817,0.07720575,0.02957843,0.1860767,0.09029692,0.02336286,0.187624,0.09481724,0.06476162,0.2173196,0.06462222,0.04321514,0.19958610000000002,0.07782204,0.02292101,0.1980728,0.09251244,0.01770388,0.20180479999999998,0.09330129,0.05622797,0.23609179999999996,0.0657966,0.03764416,0.2173659,0.07895222,0.01820858,0.2146147,0.09361058,0.013274700000000002,0.21846129999999997,0.08998353,0.04482208,0.2514665,0.06806769,0.03456984,0.23345789999999997,0.07585949,0.02052884,0.2289313,0.08862339999999999,0.01370166,0.23151100000000002,0.10325430000000001,0.043077300000000006,0.2181356,0.14052820000000002,-0.01459475,0.22273249999999997,0.1309695,-0.0003666729,0.19685160000000002,0.2425788,-0.2339801,0.18429020000000002,0.1498017,-0.02019874,0.20126370000000002,0.14145970000000002,-0.03092929,0.2403571,0.2467498,-0.22861489999999998,0.16474360000000002,0.2384078,-0.23934539999999999,0.2038369
490,17:16:44.824 PM,0.1090174,0.02924679,0.1752495,0.08743273,0.04676233,0.16669460000000003,0.06996354,0.05637626,0.1657221,0.10024279999999999,0.06706689,0.2006696,0.07064375,0.04929890000000001,0.1883714,0.0790477,0.03056945,0.1864561,0.09179262,0.02379306,0.1884703,0.09580237,0.06394,0.22000170000000002,0.06624661,0.04374434,0.1997756,0.07915927,0.02329282,0.1979366,0.09362663,0.01792251,0.2022737,0.09296486,0.05483223,0.2383462,0.0661056,0.03777187,0.2173681,0.07913534,0.01822232,0.21483379999999996,0.09352438,0.01338314,0.2196866,0.08849472,0.04299845,0.25309299999999996,0.067376,0.03407212,0.2334955,0.0752635,0.02005009,0.229077,0.08781673,0.013208000000000001,0.23251020000000003,0.103805,0.04208498,0.22061399999999998,0.1398481,-0.01634762,0.22561599999999998,0.1320689,-0.0011622310000000001,0.199653,0.243273,-0.23510419999999999,0.1872637,0.1504645,-0.021368099999999998,0.2046303,0.13957429999999998,-0.03320279,0.2427665,0.2487181,-0.22918690000000003,0.1681956,0.2378279,-0.2410216,0.20633179999999998
491,17:16:44.854 PM,0.11410810000000002,0.03215019,0.1775618,0.09362889,0.05047022,0.1680316,0.07653027,0.06052585,0.16578579999999998,0.1036409,0.06857611,0.2047771,0.07470951,0.0527433,0.18880450000000001,0.08277078,0.03395365,0.18615079999999998,0.09531454,0.02704678,0.1888609,0.09746478,0.06424032,0.2233839,0.06904808,0.04675482,0.1993646,0.08187481,0.02627189,0.1972912,0.0958047,0.02020948,0.20240439999999998,0.09291709,0.05397873,0.2407469,0.06738697,0.03947003,0.21645679999999998,0.08023235,0.01984252,0.213606,0.09403487,0.01410827,0.21913739999999998,0.08703882,0.04126184,0.2542064,0.06725267,0.03463356,0.2324313,0.07550114,0.02082931,0.22798670000000001,0.08763287,0.01364626,0.23215820000000004,0.1051755,0.04227306,0.2232225,0.14017120000000002,-0.01687299,0.2275567,0.1347889,8.578598e-05,0.201968,0.2466353,-0.2337606,0.18698789999999998,0.1527167,-0.02078418,0.20741679999999996,0.1382721,-0.03465056,0.2436397,0.2538576,-0.22682739999999998,0.1688765,0.23941300000000001,-0.2406938,0.20509940000000002
492,17:16:44.883 PM,0.1161708,0.03342311,0.1789169,0.09622119,0.05213805,0.16903610000000002,0.07942369,0.06259395,0.1663801,0.1054863,0.0697522,0.2067409,0.07642084,0.05448879,0.1904543,0.08468813,0.03577887,0.18787120000000002,0.09736238,0.029223700000000002,0.1908378,0.09913953,0.06532209,0.2252696,0.07028852,0.04897486,0.2009619,0.08296446,0.02840342,0.1988374,0.09676887,0.02203636,0.20392190000000002,0.09436889,0.05496041,0.2425147,0.06860282,0.04129945,0.2179785,0.08116508,0.02151521,0.2149529,0.09483986,0.01540907,0.2204049,0.08826915,0.04219024,0.2558263,0.06829572,0.03639133,0.2339822,0.07635893,0.02250962,0.2294399,0.08835711,0.01508801,0.2335806,0.10662619999999999,0.04327862,0.22497270000000003,0.1412525,-0.01607816,0.228775,0.1359513,0.0009710491,0.2035575,0.2523623,-0.22898579999999996,0.1803433,0.1538281,-0.01899547,0.2084859,0.1397878,-0.03445161,0.244221,0.25938249999999996,-0.22125770000000003,0.1624757,0.24534210000000004,-0.2367139,0.1982109
493,17:16:44.911 PM,0.1200718,0.034161199999999996,0.1806432,0.10112689999999999,0.05340342,0.1698389,0.08475643,0.064337,0.1665193,0.1084387,0.07081531,0.20870570000000002,0.07951105,0.05600177,0.1917706,0.08773831,0.03721263,0.1896804,0.1001336,0.03027819,0.192949,0.1015386,0.06663416,0.22709410000000002,0.07285827,0.05092482,0.20217100000000002,0.08502692,0.03001653,0.2003946,0.09853331,0.02328761,0.2058038,0.09610904,0.05647986,0.2442679,0.07065473,0.0432611,0.21916999999999998,0.08279568,0.02316214,0.21652129999999997,0.09617956,0.01672556,0.2223055,0.08939233,0.04392631,0.2574886,0.06984695,0.03843988,0.2351811,0.07767328,0.02434768,0.23087870000000002,0.08938901,0.01666032,0.2353323,0.1085219,0.04442386,0.22709200000000002,0.1420046,-0.01543824,0.23154639999999999,0.13738440000000002,0.001338974,0.20661790000000002,0.2576058,-0.2237445,0.17437260000000002,0.1547643,-0.01719072,0.21123789999999998,0.14080499999999999,-0.034516399999999996,0.2461375,0.26458550000000003,-0.21508170000000001,0.15692279999999997,0.2506261,-0.23240740000000001,0.1918223
494,17:16:44.940 PM,0.1265313,0.03573175,0.1834841,0.1089056,0.05537944,0.1712621,0.09297901,0.06658007,0.1668449,0.1119759,0.07224788,0.21215970000000003,0.08405779,0.05772765,0.19337079999999998,0.09222504,0.03888245,0.1915694,0.10424870000000001,0.03157677,0.1953765,0.10396589999999999,0.06793199,0.2300625,0.07678026,0.05257402,0.20330689999999998,0.08876132,0.03152816,0.2019227,0.1018576,0.0245709,0.2080114,0.09744709,0.05764355,0.24677329999999997,0.07345349,0.04479547,0.2200895,0.08560701,0.02466957,0.21771770000000001,0.09862331,0.01801179,0.22406399999999999,0.08985756,0.04500933,0.25943520000000003,0.07172298,0.03975417,0.2359099,0.07969714,0.02565034,0.2319284,0.09107733,0.0178384,0.2369953,0.11075630000000002,0.04566257,0.23022620000000002,0.143528,-0.01442818,0.2356659,0.14042910000000003,0.002546564,0.2110133,0.26327990000000007,-0.2192401,0.1745369,0.1572546,-0.01516739,0.2159335,0.1417766,-0.03417018,0.2492854,0.2710189,-0.20973870000000003,0.157861,0.2555409,-0.2287415,0.1912128
495,17:16:44.970 PM,0.1334941,0.03687353,0.1875911,0.11899449999999999,0.05745919,0.173042,0.1044757,0.06963871,0.16677379999999997,0.11531389999999998,0.07370688,0.2162799,0.08782253,0.06016921,0.1961805,0.09530998,0.04103272,0.19450379999999998,0.106806,0.03309016,0.1986466,0.10633089999999999,0.0696194,0.2337672,0.08039761,0.05473392,0.20554740000000002,0.0914155,0.03312565,0.2055524,0.1037076,0.02577074,0.2127455,0.09879149999999999,0.05952851,0.2501636,0.07586157,0.0470845,0.2223806,0.08780408,0.02677988,0.2205166,0.1004023,0.01983558,0.2273772,0.09034712,0.04709129,0.26247170000000003,0.0733235,0.04207249,0.23808449999999998,0.08126444,0.02781712,0.23461020000000002,0.09223036,0.01983206,0.24028179999999996,0.11270830000000001,0.04723595,0.23436390000000001,0.14437460000000002,-0.01320595,0.24142249999999998,0.14254779999999997,0.003514409,0.21685729999999998,0.26870120000000003,-0.2154685,0.18096900000000002,0.158855,-0.01340457,0.22222379999999997,0.142327,-0.03323358,0.2545759,0.2769652,-0.205554,0.1647929,0.26043720000000004,-0.225383,0.19714500000000001
496,17:16:45.001 PM,0.142747,0.03699528,0.1962076,0.1360089,0.05923362,0.1787398,0.1288743,0.07432435,0.16782120000000003,0.1182068,0.07404880000000001,0.22448070000000003,0.09087528,0.06316428,0.20264620000000003,0.09583595,0.04322298,0.2011091,0.10576500000000001,0.03357451,0.2056281,0.1082617,0.07019804,0.24149279999999998,0.0829445,0.05771197,0.21161279999999996,0.09105065,0.03486292,0.21167270000000002,0.101858,0.02587335,0.2193585,0.09964947,0.06030758,0.2574752,0.07700581,0.04984774,0.2286679,0.08757167,0.02888428,0.22603510000000002,0.09950896,0.02071004,0.2327081,0.09027293,0.04809843,0.2693252,0.07375565,0.04449393,0.24435210000000002,0.08108922,0.0300663,0.24031679999999997,0.09154099,0.02116118,0.24556190000000003,0.1139934,0.04764973,0.24236079999999996,0.143928,-0.01346876,0.2508366,0.14346760000000003,0.0031434,0.22626880000000002,0.2729008,-0.21449859999999998,0.19629760000000002,0.1593501,-0.01349674,0.2323851,0.1414032,-0.03354376,0.2638342,0.2818742,-0.2044751,0.180573,0.26392740000000003,-0.2245221,0.21202220000000002
497,17:16:45.030 PM,0.15199010000000002,0.03339486,0.21473029999999999,0.1522845,0.05705728,0.19782950000000002,0.1506497,0.0735078,0.1866432,0.1256667,0.07111211,0.2421291,0.09911994,0.07180764,0.2169103,0.09603427,0.05248506,0.2104636,0.100293,0.03865026,0.2120234,0.1136978,0.06733932,0.2578037,0.08876956,0.06493841,0.22520860000000004,0.09106901,0.04161741,0.2189783,0.09853756,0.02807145,0.223146,0.1026274,0.05748959,0.2722222,0.08045248,0.05496056,0.24133739999999998,0.08571573,0.03333659,0.2334179,0.09493692,0.02084361,0.23696679999999998,0.0910286,0.04561780000000001,0.2823198,0.07560034,0.04728992,0.256461,0.08049296,0.03318278,0.24902529999999998,0.08917827,0.02153672,0.2512536,0.117308,0.04433955,0.25787,0.1411387,-0.01946649,0.26562620000000003,0.1442872,-0.001840711,0.2421222,0.268367,-0.2224188,0.214194,0.158416,-0.01918431,0.24890120000000002,0.13658420000000002,-0.04004389,0.2772079,0.279283,-0.21198899999999998,0.20004059999999999,0.2574511,-0.2328485,0.2283473
498,17:16:45.061 PM,0.16094560000000002,0.03974028,0.241154,0.1619155,0.0661798,0.2290089,0.15921210000000002,0.08432464,0.22104989999999997,0.1332678,0.07260351,0.27014770000000005,0.1128165,0.09050585,0.2453051,0.1027017,0.08461316,0.2278476,0.09859784,0.07405843,0.21802190000000002,0.1184518,0.06665607,0.2823927,0.09835365,0.08247389,0.2499308,0.09318141,0.06987013,0.22933130000000002,0.09415136,0.05570935,0.2211699,0.1046855,0.05490895,0.2924855,0.08585063,0.06804617,0.2618452,0.08408809,0.05542444,0.24145770000000003,0.08784857,0.04164122,0.2336255,0.09120467,0.04195778,0.2979304,0.0777216,0.05383854,0.27358530000000003,0.07991244,0.04612605,0.25871279999999997,0.08641384,0.03458269,0.2518454,0.1217056,0.0438457,0.2789501,0.1424376,-0.02171035,0.279509,0.1506754,-2.926588e-05,0.2603577,0.26689359999999995,-0.22723520000000003,0.23163040000000001,0.1630687,-0.02094726,0.2671759,0.134252,-0.04302593,0.2870542,0.28130190000000005,-0.21619580000000002,0.22169120000000003,0.2524852,-0.2382745,0.24156950000000002
499,17:16:45.095 PM,0.1656071,0.04059257,0.28761929999999997,0.1688165,0.06874351,0.2809991,0.16464310000000001,0.08730195,0.2749066,0.1283866,0.06778993,0.31351609999999996,0.1195354,0.1025156,0.3048877,0.1142978,0.11955539999999999,0.29392820000000003,0.110975,0.1268873,0.2815232,0.11027970000000001,0.06007738,0.3176213,0.09773615,0.09716679,0.3042538,0.09178123,0.1158984,0.28927240000000004,0.08985693,0.1230132,0.2747347,0.09415933,0.04714586,0.31886950000000003,0.0781045,0.07916202,0.30520590000000003,0.07112756,0.09557489999999999,0.28898959999999996,0.07064109,0.10006699999999999,0.2734409,0.08009475,0.03406517,0.31577659999999996,0.06371085,0.05696218,0.3045478,0.06012227,0.0667917,0.2912134,0.0629673,0.06993441,0.2769158,0.11539269999999999,0.03847711,0.3105691,0.1359848,-0.02686907,0.30392359999999996,0.1507463,-0.001635626,0.29475009999999996,0.2613664,-0.2314665,0.2544764,0.15971329999999997,-0.02607017,0.3001134,0.12479449999999999,-0.04812772,0.3027891,0.27882579999999996,-0.2204377,0.25313850000000004,0.2439069,-0.2424953,0.2558143
500,17:16:45.124 PM,0.1711713,0.03313835,0.3200416,0.1767315,0.06156023,0.32237990000000005,0.1728031,0.08110802,0.32191129999999996,0.13322779999999998,0.05204748,0.3544713,0.1296226,0.08272295,0.3738701,0.12708339999999999,0.1016885,0.3813224,0.12465119999999999,0.11585530000000001,0.379102,0.1148212,0.0441251,0.3557575,0.10321520000000001,0.07745703,0.3763292,0.09641787,0.0986553,0.3854886,0.09274577,0.1140539,0.3836171,0.09826208,0.03214554,0.3526434,0.08100642,0.06072585,0.3705074,0.07046982,0.07986332,0.37904840000000006,0.06515193,0.09454589,0.3763131,0.08381765,0.02137043,0.34539590000000003,0.0623482,0.03919356,0.35639099999999996,0.05102859,0.05074231,0.35990429999999995,0.043304,0.06296037,0.357729,0.1192893,0.02588703,0.3420335,0.1376427,-0.03539602,0.3165348,0.1534439,-0.008077011,0.31405190000000005,0.2554027,-0.2407723,0.2535541,0.16161689999999998,-0.03569127,0.31467870000000003,0.12544439999999998,-0.05563841,0.3120929,0.273489,-0.23079879999999997,0.254847,0.23731649999999999,-0.25074589999999997,0.2522612
501,17:16:45.154 PM,0.1775632,0.02021529,0.3494713,0.18844229999999998,0.044879300000000004,0.36045859999999996,0.18670029999999999,0.06361081,0.3672014,0.14221029999999998,0.02975564,0.3927843,0.14532609999999999,0.04517467,0.4259482,0.145922,0.05871935,0.4415064,0.14478039999999998,0.07247145,0.4462387,0.1235981,0.02230076,0.3938942,0.11825639999999998,0.03624918,0.43229350000000005,0.11454600000000001,0.04915552,0.452533,0.1116998,0.06301545,0.4601513,0.1060238,0.01241255,0.3893136,0.09524409,0.02357851,0.42421620000000004,0.08804674,0.03501253,0.44365370000000004,0.08332159,0.04866694,0.45045870000000005,0.09013315,0.0049718620000000005,0.3809595,0.07197259,0.009830713,0.4046127,0.06159534,0.01578365,0.41626949999999996,0.05336065,0.02655552,0.4219954000000001,0.12518289999999999,0.009463489,0.3745126,0.13668529999999998,-0.04169586,0.32990040000000004,0.15344539999999998,-0.01429023,0.3326825,0.2417812,-0.24414410000000003,0.240389,0.1605172,-0.04281636,0.32687849999999996,0.12336300000000001,-0.06082018,0.3239712,0.2603583,-0.23514210000000002,0.2418426,0.2232042,-0.253146,0.23893530000000002
502,17:16:45.185 PM,0.1800952,-0.0027967390000000003,0.379414,0.1947045,0.01554503,0.3965975,0.1973042,0.03061883,0.4094065,0.1473971,-0.005089775,0.4259590999999999,0.1538729,0.001096338,0.46149120000000005,0.1556764,0.01282956,0.4783478,0.1558183,0.02446546,0.4871223,0.1285556,-0.01202609,0.4262317,0.1266206,-0.01011719,0.46724979999999994,0.12466949999999999,0.0001930743,0.4891192,0.1230674,0.011559200000000002,0.5003079,0.1102241,-0.01950701,0.4202816,0.10242550000000002,-0.01961295,0.4575799,0.09694991,-0.009516700999999999,0.4782304,0.09353011,0.002688512,0.4878914000000001,0.09342936,-0.02352582,0.41138620000000004,0.07717193,-0.02657081,0.43660340000000003,0.06802029999999999,-0.02084158,0.44931980000000005,0.06178135,-0.009647771999999999,0.45652109999999996,0.1281185,-0.01814245,0.4037833,0.13436120000000001,-0.05455172,0.346109,0.1521219,-0.0282349,0.3545046,0.22909339999999997,-0.247018,0.22781869999999999,0.1580628,-0.05618831,0.34238509999999994,0.1201329,-0.07216176,0.3380039,0.24805839999999998,-0.2390313,0.23000929999999997,0.2101285,-0.25500470000000003,0.2256281
503,17:16:45.215 PM,0.1800945,-0.02215557,0.3988238,0.1961211,-0.007423371,0.4181137,0.20094979999999998,0.00492613,0.43304269999999995,0.1482505,-0.03158359,0.44564309999999996,0.15552960000000002,-0.02829343,0.4814099,0.15771849999999998,-0.01804444,0.49916940000000004,0.1581898,-0.007539257,0.5092701,0.1293242,-0.03828599,0.44534239999999997,0.1274123,-0.0394925,0.4863959,0.12551610000000002,-0.03078008,0.5089566,0.1240003,-0.020748500000000003,0.521374,0.1107154,-0.04448505,0.43879929999999995,0.1026181,-0.047286699999999994,0.4759361,0.09716871,-0.03799303,0.4969687,0.09379104,-0.02723016,0.5082346,0.09360667,-0.04678965,0.4298844,0.07766368,-0.05156562,0.4550389,0.06931124,-0.04530267,0.468053,0.06374437,-0.03471541,0.47660820000000004,0.1281327,-0.04054272,0.4221987,0.13224249999999999,-0.06738119,0.3594266,0.1505165,-0.04245293,0.3711664,0.22179000000000001,-0.249627,0.2223266,0.1558602,-0.06908855,0.3552303,0.1175795,-0.08389841,0.34991279999999997,0.24093040000000002,-0.2422221,0.22498539999999997,0.20264970000000002,-0.2570319,0.2196678
504,17:16:45.245 PM,0.17924310000000002,-0.03344499,0.4112617,0.195919,-0.02044918,0.4312335,0.2028269,-0.00978066,0.44662759999999996,0.1469937,-0.04550278,0.4572826,0.154258,-0.042337,0.4930630999999999,0.15697060000000002,-0.03470439,0.5120215,0.15791670000000002,-0.02612799,0.5237667,0.1281862,-0.05249535,0.45650959999999996,0.1251558,-0.05312005,0.4975081,0.12271300000000002,-0.04696779,0.5208430000000001,0.1207963,-0.03905471,0.5346506999999999,0.1097002,-0.05859378,0.4495389,0.099972,-0.06033684,0.4863464,0.09350503,-0.05321646,0.5079292000000001,0.08928248,-0.04455468,0.5206231,0.09265156,-0.06063364,0.44044659999999997,0.07596554,-0.06465219,0.4652483,0.06714465,-0.05943617,0.47841359999999994,0.06050407,-0.05088319,0.4883585999999999,0.12708010000000003,-0.0533347,0.43326909999999996,0.1317158,-0.07642011,0.3690737,0.14959560000000002,-0.05169901,0.38229,0.22253789999999998,-0.25126729999999997,0.2234719,0.15534279999999998,-0.07774767,0.3647945,0.117171,-0.09257729,0.35879279999999997,0.24162379999999997,-0.2438525,0.22647270000000003,0.203452,-0.25868209999999997,0.220471
505,17:16:45.275 PM,0.17901,-0.03765897,0.4186054,0.1963407,-0.02534494,0.4384522,0.20494980000000002,-0.0156137,0.45360959999999995,0.1477126,-0.05177155,0.464646,0.15534279999999998,-0.04834476,0.5003261999999999,0.1584949,-0.04209392,0.5197191,0.15962579999999998,-0.03432301,0.5319969,0.1290955,-0.059262800000000004,0.4639351,0.1264095,-0.05954979,0.5049617999999999,0.1242104,-0.05500518,0.5286875,0.12230919999999999,-0.04808074,0.5430191,0.11067269999999998,-0.06564929,0.45705500000000004,0.1008586,-0.06698188,0.49385790000000007,0.09427197,-0.06188497,0.5159720999999999,0.08978709,-0.05431923,0.5292634,0.09353943,-0.06787112,0.4481668,0.0767789,-0.07127544,0.47301099999999996,0.06769697,-0.06730531,0.48643159999999996,0.06048039,-0.06016426,0.49706709999999993,0.1276299,-0.05937372,0.4406992,0.1317424,-0.08027686,0.37572490000000003,0.14924790000000002,-0.05544009999999999,0.38945690000000005,0.22302460000000002,-0.24960500000000002,0.2240064,0.155298,-0.08101448,0.3709393,0.11731489999999999,-0.09647205,0.3653387,0.24201620000000001,-0.2418762,0.2268067,0.204033,-0.2573338,0.22120599999999999
506,17:16:45.307 PM,0.1782461,-0.03760612,0.4208767,0.1960007,-0.02455078,0.4398548,0.2055594,-0.01456535,0.4542575,0.1491669,-0.05288786,0.46784890000000007,0.15761329999999998,-0.04916595,0.5033147,0.16127879999999997,-0.043356599999999995,0.5227543,0.1626253,-0.03579098,0.5351378999999999,0.1307339,-0.06085154,0.4677331,0.12927360000000002,-0.06080946,0.5088223,0.1277979,-0.05694064,0.5327228,0.126202,-0.05029307,0.5472215,0.11228289999999999,-0.06774119999999999,0.4614399,0.10363110000000002,-0.06873816,0.49854319999999996,0.09770188,-0.06451991,0.5210249,0.09345827,-0.05722216,0.534543,0.09495434,-0.07044651,0.4530803,0.078825,-0.07228436,0.47849899999999995,0.0700224,-0.06832522,0.49210709999999996,0.06301633,-0.06093445,0.5027116,0.1285792,-0.06113224,0.44455290000000003,0.1311224,-0.08205131,0.3794135,0.1485515,-0.05694580000000001,0.3926682,0.21873179999999998,-0.2446863,0.21849369999999999,0.1544421,-0.08213078,0.3735406,0.11656369999999999,-0.09823533,0.36919440000000003,0.237671,-0.236634,0.2206669,0.19979260000000001,-0.2527386,0.2163206
507,17:16:45.336 PM,0.1761537,-0.03798155,0.4210702,0.19346870000000002,-0.02385287,0.43968359999999995,0.202766,-0.01314649,0.45373640000000004,0.1481369,-0.05284812,0.4683951,0.15674200000000002,-0.04867385,0.5037725000000001,0.16059820000000002,-0.04291455,0.5231902,0.1621141,-0.03543311,0.5356054,0.129701,-0.06080391,0.468596,0.1282352,-0.05982964,0.5096739,0.1267945,-0.05570236,0.5335333000000001,0.1252167,-0.04894005,0.547981,0.11121500000000001,-0.06785682,0.46259229999999996,0.10250330000000002,-0.0674623,0.49969359999999996,0.09655152,-0.06248878,0.5220146,0.09229504,-0.05464958,0.5352222,0.09384195,-0.0707846,0.4544014,0.07755885,-0.07086129,0.47979040000000006,0.06872189,-0.06630470000000001,0.49318809999999996,0.0617836,-0.05823736,0.5033352,0.1274246,-0.06172441,0.4454437,0.1294902,-0.08410116,0.3806872,0.1471259,-0.05898276,0.39335840000000005,0.21380860000000002,-0.2445351,0.2158431,0.1526901,-0.08410987,0.3743568,0.1147221,-0.10013580000000001,0.3705333,0.2327926,-0.23652220000000002,0.2177549,0.19482460000000001,-0.2525481,0.21393130000000002
508,17:16:45.367 PM,0.17362270000000002,-0.03727794,0.42104129999999995,0.1898684,-0.02224684,0.439909,0.19855060000000002,-0.01102933,0.4539561,0.146198,-0.05245563,0.4678143,0.1543192,-0.04799436,0.5032707000000001,0.1579144,-0.04218039,0.522722,0.1592946,-0.03480789,0.5352178000000001,0.1278293,-0.06056714,0.4679137,0.125634,-0.05876802,0.5089307,0.12371580000000001,-0.054051999999999996,0.5326466999999999,0.12183089999999999,-0.04708646,0.54696,0.10947730000000001,-0.06786709,0.46179560000000003,0.10009610000000001,-0.06635948,0.49870420000000004,0.09370845,-0.06063369,0.520722,0.08917429,-0.05251905,0.533668,0.09222929,-0.07106483,0.45344309999999993,0.07551045,-0.07016312,0.4785308,0.0664391,-0.06530556,0.49166340000000003,0.05926696,-0.05714747,0.5015723,0.1258386,-0.06184579,0.4447521,0.1286786,-0.08494084,0.3802092,0.1461391,-0.05969544,0.3928699,0.21221479999999998,-0.2435569,0.2132224,0.151847,-0.08487494,0.3737647,0.11386379999999999,-0.1008683,0.3699551,0.23120639999999998,-0.23556010000000002,0.2151272,0.1932233,-0.2515536,0.2113176
509,17:16:45.396 PM,0.17203279999999999,-0.03565645,0.4212066,0.18746500000000002,-0.02019837,0.44041,0.19558989999999998,-0.008739382,0.4545952999999999,0.1443053,-0.05120222,0.46730299999999997,0.15129820000000002,-0.04647981,0.5029657999999999,0.15399520000000003,-0.03984474,0.5222996,0.1546306,-0.03176205,0.5344108,0.1260262,-0.05951145,0.467075,0.1229087,-0.05751725,0.5080237,0.12028689999999999,-0.05194958,0.5314867,0.1178963,-0.044187800000000006,0.5453069,0.10787999999999999,-0.06703866,0.4606273,0.09795764,-0.06583382,0.49740550000000006,0.09117113,-0.06012209,0.5193076,0.08635356,-0.05192988,0.5321017,0.09083824,-0.07046264,0.4519472,0.07362002,-0.07021576,0.47671030000000003,0.06417099,-0.06591082,0.4897693,0.05660528,-0.05810703,0.4996710999999999,0.12451459999999999,-0.06092209,0.4438849,0.1287193,-0.08426216,0.3794605,0.1458281,-0.05879977,0.3924091,0.21304189999999998,-0.24244720000000003,0.21245970000000003,0.15192270000000002,-0.08419614,0.3731433,0.1139481,-0.1001467,0.3690775,0.2320292,-0.2344719,0.21449250000000003,0.1940546,-0.2504224,0.2104268
510,17:16:45.430 PM,0.1709754,-0.03287807,0.41928230000000005,0.18645710000000001,-0.01674746,0.4378831,0.1949864,-0.004943579,0.45153809999999994,0.1438349,-0.04736267,0.46555920000000006,0.15057179999999998,-0.041225300000000006,0.5010551999999999,0.1529555,-0.03373024,0.5201138,0.15336760000000002,-0.02536425,0.5320405,0.1258093,-0.056210699999999995,0.4656361,0.12327069999999998,-0.05291304,0.5065402,0.1208694,-0.04660352,0.5298384,0.11855360000000001,-0.03871287,0.5435979999999999,0.1078921,-0.06448543,0.45946990000000004,0.09911406,-0.06337090000000001,0.4965406,0.09295638,-0.05838232,0.5188022,0.08837646,-0.051204099999999995,0.5322741999999999,0.09095742,-0.06870456,0.4509318,0.07403719,-0.06941827,0.47589040000000005,0.06450899,-0.06625439,0.4892153,0.05648366,-0.05969015,0.49964030000000004,0.1243357,-0.05845438,0.44250920000000005,0.128952,-0.0837788,0.3788063,0.14556760000000002,-0.05745849,0.3909657,0.2123375,-0.2438696,0.2131565,0.15201610000000002,-0.08347365,0.37200429999999995,0.11422650000000001,-0.100093,0.3690433,0.23123229999999997,-0.23555990000000002,0.214637,0.19344270000000002,-0.25217929999999994,0.21167600000000003
511,17:16:45.476 PM,0.1715027,-0.02772665,0.4129667,0.1879065,-0.01068075,0.42988699999999996,0.1979586,0.0015122,0.4420888,0.1456925,-0.04002391,0.46027070000000003,0.1534814,-0.03234464,0.4952479,0.1567277,-0.02496296,0.5142232,0.1578852,-0.01713015,0.5264592,0.1279225,-0.04932845,0.4612075,0.12674839999999998,-0.04437524,0.5020068,0.12529500000000002,-0.03827664,0.5254392,0.1235781,-0.03108805,0.5396635999999999,0.1101372,-0.05842797,0.45587730000000004,0.1030519,-0.05658612,0.49328,0.09800061,-0.05227107,0.5159571,0.09403939,-0.04617794,0.5301413,0.09318063,-0.06359479,0.4479229,0.07694148,-0.06414983,0.4733339,0.06764713,-0.06144308,0.48692209999999997,0.05949887,-0.05589584,0.4978316,0.1261122,-0.05297709,0.438284,0.13028489999999998,-0.0816645,0.3759498,0.14641479999999998,-0.05447274,0.3863788,0.21474490000000002,-0.2436312,0.2126846,0.153149,-0.08080819,0.3685467,0.1158668,-0.09871748,0.3670265,0.233386,-0.2346766,0.21344470000000001,0.1961037,-0.2525859,0.21192460000000002
512,17:16:45.509 PM,0.1708863,-0.0223393,0.4077123,0.1857171,-0.003701553,0.42440439999999996,0.1945914,0.009568393,0.4363936,0.1457578,-0.03409716,0.45517690000000005,0.15286789999999997,-0.026412900000000003,0.4902973,0.15565520000000002,-0.01889515,0.5092922000000001,0.156291,-0.01060028,0.5212594,0.12807449999999998,-0.04354881,0.4562657,0.1261633,-0.03815846,0.4969817,0.12412809999999999,-0.03139818,0.5201885,0.12189660000000001,-0.02339162,0.5338959,0.1104423,-0.05302414,0.45108459999999995,0.10258830000000001,-0.04970278,0.4882312,0.09674556,-0.04305501,0.5101441,0.09221209,-0.03493819,0.5230931,0.09362739,-0.05865656,0.443146,0.07703081,-0.05795264,0.46832170000000006,0.06750721,-0.05325741,0.4811933,0.05940837,-0.04561207,0.4907986,0.12655239999999998,-0.04804949,0.43347340000000006,0.1316066,-0.07883482,0.3721845,0.14743570000000003,-0.05122116,0.3818753,0.2171728,-0.2442897,0.2130446,0.1544797,-0.07804321,0.3648015,0.11729020000000001,-0.09617192,0.36365359999999997,0.23576750000000002,-0.2352254,0.2136185,0.1985781,-0.2533541,0.21247070000000004
513,17:16:45.551 PM,0.163855,-0.01471092,0.4033982,0.1715711,0.006693706,0.42150920000000003,0.1738655,0.02177553,0.43438059999999995,0.1422775,-0.02935696,0.4494142,0.14664649999999999,-0.02254516,0.4851567,0.1471262,-0.01365322,0.5037517,0.1456512,-0.0035054979999999997,0.5141074000000001,0.12456480000000002,-0.03880748,0.4498179,0.1193083,-0.03240025,0.49008909999999994,0.1146009,-0.02205533,0.5115168999999999,0.11058110000000002,-0.01083498,0.5222340999999999,0.1071649,-0.04831758,0.4439595,0.09593917,-0.03892194,0.47914650000000003,0.08786176,-0.02417013,0.4957391,0.08255256,-0.010851799999999998,0.50269,0.09069643,-0.05400038,0.4353583,0.07274232,-0.049946,0.4592521,0.06322013,-0.040825400000000005,0.4694723,0.05660897,-0.02870883,0.47453320000000004,0.1239958,-0.04343891,0.42700820000000006,0.131397,-0.07479201,0.3662347,0.1470152,-0.04689933,0.3763462,0.21817260000000002,-0.2464553,0.2144989,0.1545019,-0.07470098,0.35956659999999996,0.11696960000000002,-0.09204938,0.35772909999999997,0.2369388,-0.237781,0.21541770000000002,0.19940639999999998,-0.2551295,0.2135801
514,17:16:45.595 PM,0.15951089999999998,0.001528174,0.391412,0.15922,0.0245804,0.409142,0.1528019,0.03949754,0.4207523,0.14002879999999998,-0.01489604,0.43699620000000006,0.1399974,-0.005429134,0.47239929999999997,0.13693829999999999,0.006676286,0.4888054,0.1329535,0.01869281,0.4960246,0.1226816,-0.02500391,0.43665,0.11184909999999999,-0.01336934,0.4745672,0.1033749,0.002892137,0.49044390000000004,0.09762989,0.01715334,0.4949757000000001,0.1059855,-0.03527313,0.4300696,0.09004454,-0.01793936,0.46003409999999995,0.08080693,0.00277178,0.46666890000000005,0.07641487,0.01793356,0.46447790000000005,0.09022496,-0.04173286,0.4207229,0.07141479,-0.03126812,0.44184989999999996,0.06406792,-0.01687172,0.4459804,0.06114559,-0.002574056,0.44419719999999996,0.1235119,-0.03006707,0.41394030000000004,0.1348739,-0.06282562,0.3545308,0.149335,-0.03356971,0.3646511,0.22388579999999997,-0.246639,0.2192087,0.1581974,-0.06358092,0.3487208,0.1204516,-0.08045165,0.34680859999999997,0.2427587,-0.23820360000000002,0.22016479999999997,0.2050129,-0.25507440000000003,0.2182526
515,17:16:45.632 PM,0.1511642,0.02058871,0.37289970000000006,0.14512049999999999,0.04382928,0.3893215,0.1345885,0.05719964,0.3997653,0.13720439999999998,0.003583908,0.41954929999999996,0.1299613,0.02039154,0.4513339,0.12152049999999999,0.03584467,0.4621181,0.11414089999999999,0.04822494,0.46440790000000004,0.1215162,-0.008946598,0.4200225,0.1069888,0.009813398000000001,0.4536209,0.09563206,0.02907427,0.4630701,0.08820108,0.04328771,0.463341,0.10642060000000002,-0.02185586,0.41426490000000005,0.08686683,0.002030089,0.4366545,0.07677563,0.02319489,0.43349040000000005,0.07271606,0.036057900000000004,0.42496590000000006,0.09165996,-0.03100358,0.4055433,0.07265998,-0.01493639,0.4226106,0.06675901,0.0005573481,0.42058059999999997,0.06569178,0.01329887,0.4132717000000001,0.1228039,-0.01497352,0.39757020000000004,0.137321,-0.04957469,0.3398883,0.1482687,-0.01716095,0.3480192,0.2298396,-0.24286939999999999,0.2211221,0.1603591,-0.04984028,0.3329994,0.1235347,-0.06863857,0.3349006,0.24825170000000002,-0.23347020000000002,0.22017150000000002,0.2114274,-0.2522685,0.22207280000000001
516,17:16:45.681 PM,0.1439898,0.03524341,0.3314298,0.1336725,0.05939542,0.3439227,0.1204448,0.07132451,0.3529375,0.14174360000000003,0.0308079,0.3804862,0.1233262,0.05975343,0.3933232,0.10945650000000001,0.07183217,0.3840571,0.10122410000000001,0.07606489999999999,0.3728315,0.1281973,0.01743688,0.3868679,0.1070888,0.05131637,0.3965566,0.09577757,0.06292503,0.3786151,0.09259246,0.06321238,0.3629835,0.1143539,0.002092034,0.387307,0.09357302,0.03392543,0.3896425,0.08672739,0.04210477,0.3686165,0.08737707,0.03947388,0.3529652,0.09987455,-0.01040837,0.3839338,0.08424003,0.01517408,0.3870696,0.08224229,0.02275057,0.37237359999999997,0.08542196,0.02144559,0.3581172,0.12694339999999998,0.0057748999999999995,0.3667612,0.1370595,-0.04117268,0.317387,0.1447767,-0.007166117,0.3155558,0.23368060000000002,-0.24526079999999997,0.2223451,0.1582791,-0.04056994,0.3060868,0.125502,-0.06218423,0.3191829,0.25006910000000004,-0.23445370000000001,0.2157971,0.21729210000000002,-0.25606799999999996,0.22889320000000002
517,17:16:45.719 PM,0.1476802,0.04250048,0.2910159,0.1397539,0.06978397,0.2972784,0.1284339,0.08482136,0.30394629999999995,0.1538156,0.05257313,0.33831300000000003,0.1307106,0.07844682,0.3261065,0.1208193,0.07088377,0.3094909,0.1191881,0.05936827,0.3004903,0.1406243,0.04291005,0.3499919,0.11772550000000001,0.06943823,0.328191,0.11323710000000001,0.05495726,0.3090491,0.1164432,0.04006575,0.3036796,0.126184,0.02967857,0.3566632,0.1061781,0.0533358,0.3342527,0.10546969999999999,0.03892903,0.31539629999999996,0.1107367,0.02433102,0.3113959,0.1107211,0.01812018,0.358951,0.09856638,0.04044904,0.3425391,0.09839825,0.03232761,0.32787459999999996,0.1022637,0.01908045,0.3225895,0.1358872,0.026106099999999997,0.334564,0.13699909999999998,-0.03325376,0.2996483,0.14550320000000003,-0.002645463,0.28772459999999994,0.22899679999999997,-0.2493212,0.229708,0.15633829999999999,-0.0342958,0.28539380000000003,0.12685950000000001,-0.05381846,0.3069087,0.24373620000000001,-0.23955990000000002,0.2189506,0.21425740000000001,-0.2590825,0.2404654
518,17:16:45.744 PM,0.14815620000000002,0.04084708,0.2728733,0.13986429999999997,0.06850936,0.2766863,0.1282353,0.08392303,0.28185429999999995,0.15397750000000002,0.05520247,0.31891929999999996,0.1304461,0.07667963,0.3000299,0.12263510000000001,0.0639786,0.2852504,0.1238017,0.04972823,0.2805132,0.1404275,0.04681604,0.3311789,0.11821110000000001,0.0667697,0.3021756,0.11549589999999998,0.04683991,0.28774140000000004,0.1197825,0.03098787,0.28754450000000004,0.1256856,0.03441994,0.3387533,0.1066726,0.05259766,0.3106607,0.10799960000000002,0.03426494,0.2953288,0.1141375,0.01930974,0.29520830000000003,0.11003299999999999,0.02329491,0.3417804,0.09858525,0.04193757,0.3206183,0.09973501,0.03100671,0.3078261,0.104368,0.01701216,0.30577719999999997,0.1357919,0.02868102,0.31726750000000004,0.1366656,-0.03673169,0.2931391,0.1459934,-0.004466355,0.2734698,0.23065189999999997,-0.254633,0.23160189999999997,0.155895,-0.03815905,0.278771,0.1268349,-0.05709447,0.30135359999999994,0.245182,-0.24516529999999997,0.22031060000000002,0.21612179999999998,-0.26410079999999997,0.2428933
519,17:16:45.784 PM,0.13962439999999998,0.02036934,0.23289859999999998,0.1306987,0.04535331,0.22101260000000003,0.11923410000000001,0.06139849,0.2179594,0.1401019,0.05904929,0.2631252,0.1090093,0.05296059,0.2447431,0.11267460000000001,0.03270049,0.2450995,0.1226163,0.02325492,0.2499945,0.1314797,0.05743574,0.28118540000000003,0.1007395,0.05112566,0.2546546,0.1041989,0.02718817,0.2563094,0.11377519999999999,0.01683144,0.26390929999999996,0.12201789999999998,0.049762,0.2978888,0.09484604,0.04535194,0.2715605,0.1000702,0.02237369,0.2699915,0.1101652,0.01183884,0.2763855,0.11060539999999999,0.0404249,0.3105373,0.09167739,0.04074053,0.2870782,0.09519637,0.02473347,0.2840067,0.10360919999999998,0.01400678,0.2895002,0.1295981,0.03424804,0.2806885,0.14104370000000002,-0.03323306,0.284421,0.14086500000000002,-0.01611869,0.25967629999999997,0.24584479999999997,-0.24784189999999998,0.22983089999999998,0.1544748,-0.0356203,0.2646166,0.1380926,-0.0523067,0.29876640000000004,0.2540359,-0.2394987,0.21275589999999997,0.23765370000000002,-0.2561851,0.2469058
520,17:16:45.828 PM,0.1421711,0.022949,0.20778739999999998,0.13112079999999998,0.04538502,0.19294260000000002,0.1179786,0.05924471,0.1871369,0.12934210000000002,0.06285478,0.23435450000000002,0.10181,0.04987483,0.2139486,0.10892049999999999,0.0305935,0.21560370000000004,0.11978050000000001,0.02295558,0.22161430000000001,0.1193404,0.06093548,0.2516594,0.09293144,0.046937,0.2234308,0.102501,0.02474163,0.2254585,0.1138787,0.016703799999999998,0.23338850000000003,0.1097771,0.05282216,0.2680975,0.08676102,0.04135399,0.23997159999999998,0.09627034,0.01974674,0.2409766,0.10736939999999999,0.01164147,0.24904539999999997,0.09903433,0.04240884,0.2804914,0.08290657,0.03736292,0.2555102,0.08961846,0.02214332,0.2542365,0.09921301,0.01347494,0.2612345,0.1218318,0.03783448,0.2531186,0.14350870000000002,-0.02646621,0.2631401,0.1443171,-0.01084611,0.23786839999999998,0.2540174,-0.2403496,0.21771770000000001,0.1585682,-0.02876474,0.2445328,0.1395001,-0.04555602,0.2772051,0.2635515,-0.231954,0.20138150000000002,0.24448330000000001,-0.2487453,0.2340538
521,17:16:45.863 PM,0.1430769,0.0293429,0.1921499,0.1305814,0.05092932,0.17719300000000002,0.11663879999999999,0.06367742,0.170743,0.12541989999999997,0.06722663,0.2178505,0.09898273,0.05548559,0.19535070000000002,0.1056739,0.03598689,0.19505139999999999,0.11605739999999998,0.02722196,0.2003201,0.11454089999999999,0.06412457,0.2344407,0.09024826,0.05049701,0.204198,0.1008039,0.02869777,0.20551620000000004,0.11215719999999998,0.02070235,0.21352420000000003,0.1047277,0.05490915,0.2501344,0.08382022,0.04310857,0.2205346,0.09565103,0.02265616,0.22030820000000004,0.10738030000000001,0.01519842,0.2281054,0.09421735,0.04335885,0.2616929,0.07968044,0.03835662,0.2357432,0.08740254,0.02365725,0.2341183,0.09719542,0.01519547,0.24109529999999998,0.11906389999999999,0.04132952,0.2358357,0.1451301,-0.021243599999999998,0.24641039999999997,0.1469056,-0.004834533,0.2216243,0.2585438,-0.2335222,0.2006174,0.1613115,-0.02291532,0.22869940000000002,0.1402901,-0.04079975,0.25954210000000005,0.26905450000000003,-0.22458000000000003,0.1851961,0.2480331,-0.2424645,0.2160388
522,17:16:45.897 PM,0.14193029999999998,0.03256147,0.176094,0.128024,0.05262421,0.16028499999999998,0.11373620000000001,0.06452189,0.15301610000000002,0.12185719999999998,0.07001202,0.1999776,0.09485701,0.05651928,0.1791983,0.10181130000000001,0.03711961,0.1785919,0.11272060000000002,0.02872659,0.1833813,0.11184780000000001,0.06706445,0.217133,0.08715066,0.050736500000000004,0.1886082,0.09907936,0.02968471,0.19030170000000002,0.1113149,0.02313431,0.19832,0.1033549,0.05806209,0.2336946,0.08177656,0.04351519,0.20585460000000003,0.09572724,0.02446394,0.20496929999999997,0.10875750000000001,0.01884355,0.2122209,0.09420803,0.04643773,0.24628960000000003,0.07878879,0.0395142,0.22131149999999997,0.08722153,0.02520926,0.21969829999999999,0.09785217,0.01775353,0.2265944,0.11821500000000001,0.0448101,0.2196235,0.1489717,-0.01510768,0.23205309999999998,0.1491231,0.0001780391,0.20693150000000002,0.2625051,-0.22563339999999998,0.1790378,0.1641195,-0.01650333,0.2134279,0.1451772,-0.03476459,0.24537689999999998,0.2719762,-0.2165027,0.1630633,0.25303400000000004,-0.234764,0.19501229999999997
523,17:16:45.928 PM,0.1376633,0.03345238,0.1636145,0.12179300000000001,0.05241139,0.1482966,0.1069344,0.06388043,0.1414965,0.11740160000000001,0.07038657,0.185506,0.08849584,0.0547169,0.16930320000000001,0.09593666,0.03548999,0.1690846,0.10777619999999999,0.02799489,0.17309639999999998,0.10963579999999999,0.06849973,0.2039317,0.08297786,0.04822777,0.1800644,0.09636532,0.02810915,0.1821691,0.1098491,0.02313931,0.18927739999999998,0.10365799999999999,0.06060855,0.22208989999999998,0.08012886,0.04230009,0.19833220000000001,0.09512562,0.02405636,0.1975118,0.109233,0.02006574,0.2037694,0.09672456,0.04972304,0.2366194,0.07893826,0.03986399,0.2143344,0.08804505,0.02594484,0.213031,0.09984056,0.01981123,0.2193161,0.1175365,0.04688595,0.20747689999999996,0.1526159,-0.01033199,0.22107600000000002,0.14931979999999997,0.00283803,0.1949011,0.2594868,-0.2253346,0.1722658,0.16536289999999998,-0.013379599999999998,0.2009121,0.150556,-0.02878463,0.2363587,0.26689029999999997,-0.2176321,0.1545425,0.2520833,-0.2330371,0.1899891
524,17:16:45.956 PM,0.1337514,0.03367488,0.1579901,0.11627,0.05225013,0.144022,0.10056339999999998,0.06336175,0.13870710000000003,0.1142045,0.06940419999999999,0.17683139999999997,0.08462689,0.05194904,0.1640473,0.09153784,0.03252561,0.1640894,0.1036241,0.02512787,0.1674928,0.10793399999999999,0.06860591,0.1958906,0.08100359,0.04494269,0.1757663,0.09522019,0.02544253,0.1782176,0.10935839999999998,0.02134298,0.1845619,0.1036202,0.06185056,0.2149502,0.07964063,0.04052956,0.1943876,0.09552042,0.02303647,0.1939724,0.11019489999999998,0.02022608,0.19951670000000002,0.09817474,0.05182935,0.2306792,0.07941066,0.03947036,0.21055879999999996,0.08900248,0.02585255,0.2096114,0.1014679,0.02065615,0.21542379999999997,0.11678039999999999,0.04751794,0.2002596,0.15414260000000002,-0.007937685,0.2151783,0.14892360000000002,0.003575683,0.1882432,0.2551016,-0.2283866,0.1801315,0.1655433,-0.01306327,0.19463429999999998,0.15283770000000002,-0.02485698,0.23221750000000002,0.2614544,-0.22248969999999998,0.16133989999999998,0.24874870000000002,-0.23428339999999998,0.1989231
525,17:16:45.984 PM,0.1308515,0.03474258,0.15481720000000002,0.1116979,0.05267881,0.1422766,0.0950831,0.06302606,0.13835039999999998,0.11305029999999999,0.06985132,0.17124489999999998,0.0833903,0.0519207,0.1593368,0.08901824,0.03208904,0.15905070000000002,0.100721,0.02394961,0.1620821,0.1071006,0.06937669,0.19041760000000002,0.08127722,0.04358824,0.1714828,0.0958493,0.02437516,0.17410699999999998,0.11017239999999999,0.02076407,0.1803325,0.1032231,0.06298511,0.20969539999999998,0.07982121,0.0402336,0.1900171,0.09613626,0.02314083,0.1898318,0.11094949999999999,0.02098869,0.1953036,0.09822502,0.05323006,0.2257373,0.07965784,0.03968625,0.20620410000000003,0.08952824,0.02625914,0.2054069,0.1022115,0.02162142,0.2112212,0.1164249,0.04856901,0.1951244,0.154855,-0.0059338659999999994,0.2109573,0.1492236,0.00498189,0.1835961,0.25367670000000003,-0.22868720000000003,0.1857307,0.16608620000000002,-0.01211985,0.19061270000000002,0.153506,-0.02202322,0.2287792,0.2599667,-0.2237355,0.1666474,0.2473866,-0.2336389,0.204814
526,17:16:46.014 PM,0.1280155,0.03690593,0.1525516,0.1076254,0.05425017,0.1411782,0.09052166,0.06400232,0.1378741,0.11192,0.07173769,0.16877060000000002,0.08190598,0.05472009,0.15641729999999998,0.08673245,0.03472288,0.15503270000000002,0.09825718,0.02616023,0.1575374,0.1060036,0.07062937,0.1879276,0.08102874,0.0444579,0.168388,0.09622507,0.02568848,0.1706635,0.1106475,0.02243505,0.1768576,0.1022763,0.06364562,0.207029,0.07953016,0.04079346,0.18670810000000002,0.09605408,0.02390246,0.18650450000000002,0.1108146,0.02192847,0.1921828,0.09749129,0.0533651,0.2228058,0.07933118,0.03978632,0.20291700000000001,0.08951424,0.02661906,0.201783,0.10231110000000002,0.0222549,0.2075607,0.1157435,0.04989107,0.19206600000000001,0.1550849,-0.004352823,0.206812,0.1493846,0.007287681,0.17934589999999997,0.2536843,-0.22770970000000001,0.1865099,0.16661710000000002,-0.0108742,0.18674229999999997,0.1534127,-0.02016713,0.2248514,0.2602865,-0.22306320000000002,0.1674553,0.2470822,-0.2323561,0.2055645
527,17:16:46.043 PM,0.1248252,0.03775792,0.1526257,0.10337429999999999,0.05439515,0.14218979999999998,0.08592011,0.06361519,0.1392102,0.11023,0.07255717,0.1687183,0.0798922,0.05707277,0.1552004,0.08397189,0.03689732,0.15404110000000001,0.09503168,0.0278848,0.1570085,0.1044339,0.0708033,0.1878635,0.07996923,0.04459502,0.1677372,0.09602624,0.02652933,0.1697787,0.1105655,0.02373077,0.1759211,0.1009603,0.06322946,0.20678670000000002,0.07873711,0.04052715,0.1857329,0.09488771,0.02333535,0.1871372,0.1092101,0.0212415,0.1938074,0.09648845,0.05242525,0.22230279999999997,0.07854264,0.03897296,0.20213570000000003,0.08910637,0.02613933,0.2007033,0.1020309,0.02203043,0.2063826,0.11466520000000001,0.05019177,0.19140439999999997,0.15509289999999998,-0.0036285370000000003,0.2049011,0.14920870000000003,0.008727565,0.17740699999999998,0.2540978,-0.226987,0.18670789999999998,0.1668068,-0.01024904,0.1849696,0.1532795,-0.01934388,0.22301329999999997,0.26086149999999997,-0.22243960000000002,0.1676861,0.2473342,-0.23153449999999998,0.20572970000000002
528,17:16:46.071 PM,0.1219802,0.03599714,0.1546223,0.09979039,0.05184753,0.1445112,0.08196453,0.06042348,0.14182329999999999,0.10842260000000001,0.07125749,0.16999329999999999,0.07776318,0.05738385,0.1554835,0.08021518,0.03693403,0.1545621,0.09012215,0.02676009,0.1578355,0.1026647,0.06935973,0.1891365,0.07862318,0.0428059,0.1689528,0.09501766,0.02504323,0.17097520000000002,0.109602,0.02241696,0.1770869,0.09932408,0.06168135,0.20804160000000002,0.07748515,0.03865243,0.1869402,0.09394225,0.02175145,0.1883187,0.1083002,0.01987441,0.194977,0.09503677,0.05076544,0.22353179999999997,0.07733529,0.03703733,0.2033345,0.08816813,0.02442692,0.20192829999999998,0.1011625,0.0205792,0.2076311,0.11323369999999999,0.04890932,0.19261989999999998,0.15440910000000002,-0.004356608,0.2060605,0.14844520000000003,0.008052080999999999,0.1785008,0.2535226,-0.22780660000000003,0.189673,0.1661876,-0.01110716,0.18621079999999998,0.152542,-0.01995106,0.22427139999999998,0.2603453,-0.22338470000000002,0.1706427,0.2466998,-0.2322286,0.20870329999999998
529,17:16:46.099 PM,0.1189204,0.03380044,0.1569874,0.09611472,0.048885000000000005,0.1470763,0.07797049,0.05686204,0.1446897,0.10598610000000001,0.06963022,0.17200639999999998,0.0751835,0.05600749,0.1575616,0.07676277,0.03547968,0.156467,0.08596703,0.02459176,0.15949000000000002,0.1004395,0.06773297,0.191212,0.07658621,0.04075406,0.17137149999999998,0.09306625,0.02304585,0.1731625,0.1077378,0.02044223,0.1790719,0.09738991,0.0600891,0.21018009999999998,0.07567988,0.03666206,0.1893861,0.09226477,0.01987071,0.19055829999999999,0.10672089999999998,0.01805888,0.1970195,0.09340714,0.04917987,0.2257562,0.07580717,0.03500734,0.2057783,0.08678322,0.02253146,0.2042846,0.09988822,0.01882811,0.2098279,0.1113316,0.04744981,0.19467820000000002,0.1532306,-0.005264208,0.20805120000000002,0.1469845,0.007036461999999999,0.18039000000000002,0.2512621,-0.22937070000000004,0.1943339,0.16486679999999998,-0.01235265,0.1882355,0.1513975,-0.02058641,0.22649520000000004,0.25799679999999997,-0.2252538,0.17520410000000003,0.24452739999999998,-0.23348760000000002,0.21346379999999998
530,17:16:46.129 PM,0.11666869999999999,0.03247248,0.1595083,0.09380873,0.04738756,0.1494665,0.07560255,0.05519755,0.1470004,0.10404760000000002,0.06870718,0.1758095,0.07347614,0.05475943,0.1611856,0.07513388,0.03426801,0.1596254,0.08435008,0.023313,0.1623552,0.09853443,0.06637917,0.19497720000000002,0.07468615,0.03981094,0.1745844,0.09111345,0.02201192,0.1758939,0.10579839999999999,0.01931156,0.1817259,0.09552569999999999,0.05831461,0.21377689999999996,0.0738143,0.03532146,0.1925057,0.09032434,0.01842968,0.1931852,0.1047963,0.01643752,0.19955720000000002,0.09158279,0.04705907,0.2291147,0.07406845,0.03319798,0.20884529999999998,0.08501644,0.02074464,0.2070005,0.09813815,0.01689522,0.21240279999999997,0.1094596,0.046039800000000006,0.1979781,0.1513771,-0.006941259,0.21037350000000002,0.14514449999999998,0.006001413000000001,0.18274620000000003,0.24802910000000003,-0.2317172,0.1978763,0.16312839999999998,-0.01414416,0.19066729999999998,0.149291,-0.02221595,0.22883,0.2549478,-0.2276813,0.178795,0.24111039999999997,-0.2357531,0.21695770000000003
531,17:16:46.159 PM,0.1150484,0.03189389,0.1613677,0.09222315,0.04687186,0.1513405,0.07404171,0.05474295,0.1488862,0.10261019999999998,0.06837638,0.17924920000000003,0.07257455,0.05259563,0.16539879999999998,0.0760245,0.03234224,0.1636793,0.08640692,0.02242078,0.16616029999999998,0.09734973,0.06576709,0.1984517,0.07308079,0.03965424,0.17796710000000002,0.08940853,0.02173279,0.17874520000000002,0.1041618,0.01894753,0.184361,0.09455779,0.05741526,0.21715929999999997,0.07243244,0.03488024,0.1958243,0.08878066,0.01781841,0.1959279,0.1033292,0.01562689,0.2020553,0.09076697,0.04593359,0.2323674,0.07303831,0.03234075,0.21210259999999997,0.08385816,0.01984216,0.2098515,0.09703629,0.01581995,0.214984,0.1082067,0.04532625,0.200973,0.1499942,-0.008072361,0.2121094,0.14346389999999998,0.005357191,0.1846046,0.2451053,-0.233483,0.199226,0.1615682,-0.01537243,0.1923341,0.1479313,-0.02331335,0.2305964,0.25192370000000003,-0.2295125,0.18009489999999997,0.2382868,-0.2374534,0.2183571
532,17:16:46.191 PM,0.1143106,0.03253852,0.1628865,0.09143351,0.04759242,0.1530944,0.07317456,0.05535583,0.1508856,0.1014252,0.06870158,0.1830675,0.0725383,0.05035748,0.1699533,0.07947171,0.03113852,0.1672316,0.0916952,0.02339362,0.16892929999999998,0.09634635,0.06548713,0.20222679999999998,0.07191178,0.03999774,0.1811626,0.08830801,0.02212252,0.18126520000000002,0.1031219,0.01934139,0.1867211,0.0937366,0.05655147,0.2206891,0.0714343,0.03466733,0.19886679999999998,0.08774485,0.01758121,0.1982342,0.1023518,0.01522075,0.20415650000000002,0.09009829,0.04459567,0.23556529999999998,0.07225896,0.03155114,0.21503920000000004,0.08299930000000001,0.01910044,0.212216,0.09622823,0.01487708,0.217047,0.1072452,0.04499097,0.204007,0.14914539999999998,-0.008705854,0.2133357,0.1423853,0.005596444,0.18607079999999998,0.24341420000000002,-0.2343654,0.19873829999999998,0.1606996,-0.01589576,0.1935086,0.1470181,-0.02408191,0.2317031,0.250255,-0.23027240000000002,0.179641,0.2365734,-0.2384585,0.21783560000000002
533,17:16:46.221 PM,0.11266720000000001,0.03322475,0.16440529999999998,0.08955906,0.04827718,0.1551688,0.07120539,0.05593516,0.1534249,0.09970763,0.06904952,0.1863163,0.07194094,0.04892112,0.1733973,0.08080911,0.03048511,0.17083589999999998,0.09377,0.02406062,0.1726113,0.09510746,0.06543244,0.205525,0.07026732,0.04026617,0.18454620000000002,0.08663537,0.02237694,0.1838796,0.1015765,0.01951809,0.1889336,0.09298031,0.05611964,0.22386260000000002,0.07023756,0.03457977,0.2021521,0.08646693,0.01746871,0.20066810000000002,0.1012242,0.01496728,0.2061431,0.08974925,0.04385437,0.2385803,0.07157724,0.03102724,0.2182093,0.08219539,0.01862757,0.21476620000000002,0.09554994,0.01425314,0.2190911,0.10612360000000001,0.04495116,0.2066303,0.1484415,-0.008749828000000001,0.21402179999999998,0.1409664,0.006071015999999999,0.1870641,0.24316039999999997,-0.2340286,0.1967037,0.1596621,-0.01581149,0.19395829999999997,0.14669279999999998,-0.02421604,0.23235340000000002,0.24964499999999998,-0.22982629999999998,0.1775062,0.23667570000000002,-0.23823089999999997,0.21590120000000002
534,17:16:46.253 PM,0.1112289,0.03291182,0.1654425,0.0879176,0.04783829,0.1565172,0.06947042,0.05535562,0.1552007,0.0986077,0.06905942,0.1880447,0.07151704,0.04777776,0.175546,0.08116265,0.02968569,0.17337239999999998,0.09442284,0.02396207,0.1753254,0.09433503,0.06551336,0.207342,0.06903051,0.04046397,0.18678270000000002,0.08469853,0.02194999,0.18644270000000002,0.0995154,0.01859961,0.1915598,0.09248971,0.05625661,0.22573829999999998,0.06924871,0.03478332,0.20449479999999998,0.08514987,0.01740901,0.2025805,0.09998979,0.01465449,0.2076987,0.08946025,0.04404442,0.24054270000000003,0.07085786,0.03126366,0.2205344,0.08115695,0.01869626,0.21674770000000004,0.09454484,0.0140612,0.22067989999999998,0.1052627,0.04497747,0.20830100000000001,0.1475018,-0.008878961,0.21505100000000002,0.1395455,0.005867809,0.18821020000000002,0.24293620000000002,-0.2337019,0.1958433,0.15839360000000002,-0.01587274,0.1947836,0.14615350000000002,-0.02436747,0.2333976,0.24905619999999998,-0.2294545,0.17653629999999998,0.23681620000000003,-0.2379493,0.21515029999999996
535,17:16:46.280 PM,0.1103952,0.032582799999999995,0.1660315,0.08694381,0.04740672,0.1573045,0.06842802,0.05479605,0.156253,0.09789829,0.06889184,0.1892124,0.07114465,0.0471177,0.1768366,0.08106904,0.02916537,0.1747616,0.0944382,0.0237193,0.17676470000000002,0.09376822,0.06532086,0.2085362,0.06827462,0.04043166,0.18801579999999998,0.08329218,0.02138565,0.18833,0.09788562,0.01760672,0.1937801,0.09204064,0.0560336,0.2269286,0.06856534,0.03467356,0.2058288,0.08425017,0.01713686,0.2036306,0.099119,0.01418595,0.20855189999999998,0.08909128,0.04380156,0.2417328,0.07029108,0.03111736,0.2218482,0.08038472,0.01845612,0.2178279,0.09377312,0.01364242,0.22153779999999998,0.10463980000000002,0.04474966,0.20936820000000003,0.146819,-0.009214967,0.21566239999999998,0.13864110000000002,0.0055745840000000005,0.1889294,0.24259320000000004,-0.2337663,0.195022,0.1575644,-0.016124,0.1952882,0.145651,-0.02476107,0.23397270000000003,0.2485499,-0.2294478,0.1756797,0.23663649999999997,-0.23808490000000002,0.21436420000000003
536,17:16:46.309 PM,0.1099865,0.03199248,0.16613429999999998,0.08647607,0.04660619999999999,0.1572137,0.06792277,0.05388813,0.156076,0.09700751,0.06839778,0.18928470000000003,0.07059321,0.04607393,0.1771616,0.08078786,0.02824529,0.17534570000000002,0.09424251,0.02305494,0.17745329999999998,0.09293507,0.06499599,0.2086512,0.06759427,0.03978176,0.1883393,0.08230743,0.02053259,0.18951529999999997,0.09672298,0.0166709,0.1953664,0.09129728,0.05588318,0.2271389,0.06790969,0.03417437,0.20629920000000002,0.08363715,0.0166638,0.2041987,0.09853131,0.01379731,0.20909320000000003,0.08844848,0.04378267,0.24207039999999996,0.06968663,0.03078894,0.22235,0.07979195,0.01811935,0.2183857,0.09321126,0.01338758,0.2220893,0.10393030000000002,0.04449885,0.2096678,0.1464321,-0.009146944,0.21633960000000002,0.1381253,0.0053231419999999995,0.1895557,0.24330900000000003,-0.2331811,0.19522799999999998,0.1570924,-0.01600727,0.1959042,0.1454595,-0.02469004,0.2346638,0.2491254,-0.2288397,0.1758482,0.23749250000000002,-0.2375225,0.2146078
537,17:16:46.337 PM,0.1121108,0.03106739,0.1656282,0.08928403,0.04584609,0.1553263,0.07083029,0.05317824,0.1532893,0.09782527,0.06753628,0.1876939,0.07154704,0.04580007,0.1742898,0.08121261,0.02764244,0.1729229,0.09434607,0.02194537,0.17563510000000002,0.09263591,0.06433927,0.20682289999999998,0.06819516,0.03899308,0.1855997,0.08398181,0.02057688,0.18565009999999998,0.09867546,0.01723267,0.1911132,0.08988991,0.05540903,0.2252638,0.06759143,0.03364734,0.20332170000000002,0.08344764,0.01615323,0.2024153,0.09801656,0.01341026,0.20825770000000002,0.0861183,0.04346548,0.24011239999999998,0.06842958,0.03040104,0.2194741,0.07880323,0.01771434,0.216352,0.09197316,0.01315551,0.22102870000000002,0.10342080000000001,0.04378782,0.2086451,0.1452154,-0.009984165,0.21791149999999998,0.13844520000000002,0.004224628,0.1908641,0.24427,-0.2331214,0.19742200000000001,0.1568552,-0.01642673,0.1978787,0.14348110000000003,-0.02585533,0.23589520000000003,0.25095700000000004,-0.2284071,0.1784137,0.23758289999999999,-0.23783569999999998,0.21643020000000002
538,17:16:46.366 PM,0.1183203,0.03106044,0.1647773,0.09753374,0.04684086,0.15194549999999998,0.07961581,0.05471162,0.14800870000000002,0.10244380000000002,0.06747459,0.1847734,0.07624473,0.04822089,0.1678706,0.08363464,0.029033999999999997,0.1663604,0.09547583,0.02126898,0.1698004,0.09476186,0.06435381,0.20305979999999998,0.07245333,0.03986709,0.1787078,0.08788542,0.02125357,0.1806372,0.10172060000000001,0.01737775,0.1877418,0.08941641,0.05542959,0.2209268,0.06934784,0.03438534,0.1962933,0.08566882,0.01730533,0.1961085,0.09976184,0.014446500000000001,0.20297839999999998,0.08342096,0.04354168,0.2350748,0.06811953,0.03112794,0.2122413,0.07856039999999999,0.01822628,0.21054920000000002,0.09088282,0.01331243,0.2168864,0.10459929999999999,0.043468099999999996,0.2060685,0.1434221,-0.0115111,0.21991449999999998,0.1403934,0.0029140259999999997,0.1925605,0.24274110000000002,-0.2349362,0.2044705,0.15732520000000003,-0.0174705,0.2012197,0.139451,-0.02789421,0.2370649,0.2516782,-0.2297243,0.18654790000000002,0.23380399999999998,-0.24014810000000003,0.2223931
539,17:16:46.395 PM,0.12668900000000002,0.03576122,0.16177829999999999,0.10816289999999999,0.05245571,0.1468101,0.09093393,0.06062718,0.1408943,0.10662100000000001,0.0707957,0.1821285,0.08219972,0.05338718,0.1610599,0.08924885,0.03412746,0.1589477,0.1002481,0.02539553,0.1628463,0.09672659,0.06672947,0.1991251,0.07780456,0.04353277,0.17093429999999998,0.0930959,0.02494721,0.173959,0.105958,0.02081932,0.1825918,0.08924272,0.05689009,0.2157018,0.07249624,0.03707959,0.18777420000000003,0.08947542,0.02064933,0.1881693,0.1029259,0.01774429,0.196213,0.08160037,0.0442832,0.2283596,0.06936473,0.03306116,0.2031743,0.08014476,0.02035294,0.2023669,0.09160462,0.01517351,0.2099868,0.10625280000000001,0.04571961,0.2022712,0.14348640000000001,-0.009826735,0.2183449,0.1437402,0.005932823,0.1913009,0.24812129999999996,-0.2312467,0.21126479999999997,0.15995399999999999,-0.01506625,0.2016201,0.13748229999999997,-0.02672922,0.23436179999999998,0.2593572,-0.22541529999999999,0.194894,0.23688539999999997,-0.23707820000000002,0.2276357
540,17:16:46.425 PM,0.1345469,0.04151909,0.1586523,0.11747300000000001,0.05871669999999999,0.1425733,0.10094249999999999,0.06720363,0.1352786,0.11084589999999998,0.0756904,0.1793181,0.08811453,0.05944861,0.1556015,0.09505348,0.04020111,0.153059,0.1054622,0.03084992,0.1571341,0.09955923,0.07099296,0.19524729999999998,0.08314028,0.04890893,0.16469979999999998,0.09814871,0.03019373,0.16828510000000002,0.1102361,0.02579047,0.1778479,0.09072053,0.06053929,0.2107424,0.0764346,0.04183258,0.18076789999999998,0.09335285,0.02538045,0.18197850000000002,0.1060681,0.02219896,0.1910446,0.08206049,0.0474699,0.2222169,0.07202052,0.03723423,0.19568139999999998,0.08288461,0.02457617,0.19537979999999996,0.09364337,0.01920529,0.2038399,0.10882409999999999,0.04986538,0.19838370000000002,0.14511079999999998,-0.006007388000000001,0.21576679999999995,0.14717539999999998,0.01047376,0.1891145,0.2614594,-0.2215822,0.2185848,0.16338270000000002,-0.01026217,0.20072279999999998,0.1384737,-0.02331008,0.2310925,0.2739138,-0.21505820000000003,0.2033999,0.2490049,-0.2281061,0.2337696
541,17:16:46.456 PM,0.14060029999999998,0.04334925,0.15687679999999998,0.1255775,0.06131096,0.1396233,0.11042329999999999,0.07099138,0.1309458,0.1157692,0.07859237,0.1758063,0.09277096,0.06379573,0.1514085,0.09784401,0.04401614,0.14854070000000003,0.1070413,0.03337456,0.15236889999999997,0.1035972,0.07480706,0.191323,0.08746784,0.05279554,0.1605687,0.1012387,0.03330819,0.164933,0.11268679999999999,0.02845322,0.1750494,0.09361208,0.06514849,0.2066387,0.07974812,0.04642357,0.1764773,0.09570664,0.02912538,0.17860689999999999,0.1078589,0.02555282,0.1882807,0.08385299,0.05277385,0.2180032,0.07448331,0.04239173,0.1912794,0.08469498,0.02920173,0.1916302,0.09480578,0.02357019,0.2006997,0.11170050000000001,0.05334891,0.1953221,0.1449838,-0.0034098920000000003,0.2157132,0.14849289999999998,0.01199657,0.1886058,0.2650942,-0.21629160000000003,0.23250520000000002,0.16402379999999997,-0.007870305,0.2017164,0.1379549,-0.02023765,0.2313893,0.2781287,-0.21010789999999996,0.21766880000000002,0.2520597,-0.22247529999999996,0.2473417
542,17:16:46.491 PM,0.1461906,0.04707761,0.1575884,0.1324378,0.06616898,0.1404921,0.11859489999999999,0.07706572,0.1311008,0.1203106,0.08224215,0.1767108,0.09790789,0.07028656,0.1502838,0.1012617,0.05042009,0.1459034,0.1093161,0.03874512,0.1492549,0.1071575,0.07823054,0.1913447,0.09234697,0.05820473,0.1586288,0.103068,0.03710328,0.1639648,0.1126369,0.03088216,0.17522739999999998,0.09600838,0.06828706,0.205641,0.08329095,0.05134134,0.1739582,0.09843656,0.0333163,0.1759842,0.1099011,0.028891399999999998,0.1861335,0.08522253,0.05579023,0.215889,0.07690416,0.04674901,0.1883415,0.08782643,0.03414111,0.1878471,0.09812137,0.02846579,0.19668020000000003,0.11432200000000001,0.05635495,0.1948396,0.1449402,-0.002059996,0.2149585,0.1500822,0.01407188,0.1883658,0.2661031,-0.21322080000000002,0.24240860000000003,0.16504560000000001,-0.006358339,0.20248370000000002,0.13695120000000002,-0.01887773,0.2301783,0.2801504,-0.20696109999999998,0.2285613,0.2520559,-0.2194805,0.2562559
543,17:16:46.522 PM,0.15161760000000002,0.05036505,0.15992179999999998,0.137929,0.06947403,0.1427951,0.12392470000000001,0.08000736,0.1332317,0.1248268,0.08563875,0.1792898,0.10499100000000001,0.0749128,0.15040820000000002,0.10958110000000001,0.05519028,0.1465371,0.1178757,0.04417281,0.1512447,0.1103484,0.08111130000000001,0.19244160000000002,0.09833933,0.06310676,0.1574882,0.10790570000000001,0.0414087,0.16258789999999998,0.11616900000000001,0.03438298,0.1743876,0.09781615,0.07064219,0.20511929999999998,0.08804055,0.05575724,0.17142879999999996,0.1005758,0.03601505,0.1747872,0.1099057,0.03004362,0.1862384,0.08597905,0.05782844,0.2136672,0.07981775,0.05011825,0.1851684,0.09250917,0.03941588,0.1837505,0.10341320000000001,0.03454961,0.19231589999999998,0.1168704,0.05895673,0.19538599999999998,0.1451984,-0.0007096827,0.21504659999999998,0.15249400000000002,0.01642282,0.189895,0.2716795,-0.208875,0.24133000000000002,0.16637639999999998,-0.003648285,0.2040392,0.1366686,-0.01858762,0.2286824,0.28653340000000005,-0.20140539999999998,0.22900839999999997,0.2568256,-0.2163447,0.2536515
544,17:16:46.555 PM,0.15881389999999998,0.05144154,0.1697931,0.1466801,0.07038425,0.15136989999999997,0.1327786,0.07995702,0.14071329999999999,0.1316996,0.08799909,0.1866679,0.11793920000000001,0.07867305,0.1540295,0.12306310000000001,0.05884828,0.151621,0.12997930000000002,0.04785679,0.1582263,0.11471780000000001,0.08370624,0.19645739999999998,0.10895339999999999,0.068307,0.1587936,0.1161857,0.04570188,0.1637789,0.12163589999999999,0.03741117,0.1763557,0.09946048,0.07339941,0.2058344,0.09589528,0.06062286,0.17012460000000001,0.1064114,0.03988667,0.1743189,0.113033,0.03250222,0.18678129999999998,0.08559331,0.06090052,0.2111759,0.08505015,0.05501436,0.1816214,0.0956957,0.04225688,0.1817915,0.1035252,0.03506546,0.1918497,0.119495,0.06111135,0.1993865,0.141653,-0.00047682230000000006,0.2201853,0.1534804,0.01693444,0.1986203,0.276403,-0.20395560000000001,0.2416411,0.1643338,-0.0010455269999999999,0.2122133,0.1324473,-0.020256,0.23030279999999997,0.29234629999999995,-0.19435039999999998,0.23259639999999998,0.2604598,-0.21356079999999997,0.2506859
545,17:16:46.590 PM,0.15912120000000002,0.05473848,0.1852582,0.14917650000000002,0.07518019,0.16715220000000003,0.1350269,0.08422111,0.1563835,0.13340839999999998,0.09027712,0.2036738,0.1234881,0.0855933,0.1687438,0.1288857,0.06615189999999999,0.16458399999999998,0.13497879999999998,0.05439417,0.1706259,0.11526189999999999,0.08531798,0.21066350000000003,0.11392160000000001,0.07562052,0.1707785,0.12017069999999999,0.05226843,0.1723504,0.12405160000000001,0.04159962,0.1836274,0.09884657,0.07438992,0.21685300000000002,0.09956974,0.06588779,0.1797569,0.1100373,0.04483683,0.18171379999999998,0.1157056,0.03541137,0.1932063,0.08432842,0.06166695,0.21902020000000003,0.08772049,0.05889039,0.1892047,0.09761577,0.04548626,0.18912089999999998,0.1039049,0.03637125,0.19876110000000002,0.11949000000000001,0.06246839,0.2118502,0.1387795,-0.001153871,0.2285779,0.1530436,0.01801299,0.21099020000000002,0.27621090000000004,-0.2036856,0.23890419999999998,0.16221939999999999,-0.00033192620000000003,0.2232739,0.1290828,-0.02222899,0.23491460000000003,0.2927792,-0.19273710000000002,0.23308389999999998,0.2596426,-0.2146341,0.24472449999999998
546,17:16:46.619 PM,0.1524755,0.0588866,0.2004765,0.1426853,0.08208992,0.1859283,0.12858060000000002,0.0930701,0.17703729999999998,0.1280414,0.09020387,0.2277174,0.11416789999999999,0.09607832,0.19430870000000003,0.11788620000000001,0.07889198,0.18354229999999996,0.1239823,0.06571753,0.18484170000000003,0.11072560000000001,0.08315061,0.2350409,0.1031261,0.08627136,0.1947527,0.1121256,0.06507595,0.1871247,0.11928410000000002,0.05199815,0.1930154,0.09535142,0.07044034,0.24048179999999997,0.09021323,0.07427450000000001,0.20291099999999998,0.1006616,0.05447347,0.19534849999999998,0.1081604,0.04195459,0.20175829999999997,0.08164211,0.05671345,0.2415371,0.07934889999999999,0.06402053,0.2123621,0.08830705,0.05246492,0.2043227,0.09636332,0.04060908,0.20760309999999998,0.11609449999999999,0.06067659,0.2321855,0.13944990000000002,-0.003697336,0.23746289999999998,0.1515371,0.01891799,0.22176550000000003,0.28481090000000003,-0.1999763,0.2182,0.1625142,-0.001282584,0.2310968,0.1309216,-0.02573998,0.2419027,0.3006072,-0.18774760000000001,0.212797,0.2690147,-0.212205,0.2236029
547,17:16:46.651 PM,0.1470091,0.0699416,0.22505329999999998,0.13937249999999998,0.0952058,0.2128676,0.1265351,0.1079406,0.20441389999999998,0.11840819999999999,0.09725468,0.25420820000000005,0.1054082,0.12122519999999999,0.2299132,0.1024172,0.1169453,0.2101839,0.10290250000000001,0.10779449999999999,0.19907979999999997,0.10108760000000001,0.08893056,0.25997420000000004,0.08909068,0.11255019999999999,0.22873320000000003,0.0922185,0.1031382,0.20680549999999998,0.09759686,0.09023692,0.1992119,0.08597343,0.0752563,0.26333379999999995,0.07390886,0.09631218,0.2341232,0.07908513,0.08870934,0.2126512,0.0864728,0.07691218,0.20524520000000002,0.07272393,0.06110896,0.2623005,0.06321006,0.07975425,0.24070439999999999,0.06901932,0.07673089,0.22550340000000002,0.07758895,0.06804378,0.21758490000000003,0.10733599999999999,0.06709327,0.2549027,0.13197060000000002,0.002840579,0.2541871,0.1445638,0.02783321,0.2414738,0.2678489,-0.198573,0.22270990000000002,0.1554029,0.004549384,0.2490547,0.12212619999999999,-0.01900958,0.2561718,0.2844873,-0.1867935,0.21915140000000002,0.2512105,-0.2103525,0.22626839999999998
548,17:16:46.683 PM,0.15200999999999998,0.07898702,0.2662178,0.1474822,0.10761580000000001,0.26447109999999996,0.13679879999999997,0.12385330000000001,0.2600487,0.11616110000000002,0.09286688,0.2988903,0.1052685,0.127607,0.3003494,0.1006552,0.1450855,0.2907946,0.0993062,0.1527518,0.27864490000000003,0.09854522,0.08329894,0.29782179999999997,0.08478494,0.12163070000000001,0.2960509,0.08316782,0.1389092,0.2798988,0.08695468,0.1408584,0.26486409999999994,0.08375316,0.06976946,0.2928127,0.06731402,0.10363170000000001,0.2881027,0.06546981,0.12050699999999999,0.27185440000000005,0.06999151,0.1244756,0.257188,0.07153752,0.05754183,0.2839763,0.05375282,0.08160271,0.28190190000000004,0.05067787,0.09498753,0.2727455,0.05349431,0.1035152,0.26133449999999997,0.10657860000000001,0.06526934,0.285547,0.13333989999999998,0.005120859,0.26515120000000003,0.1473506,0.03405075,0.2639744,0.26395240000000003,-0.19837660000000001,0.2258464,0.15734879999999998,0.005528565,0.266468,0.1223922,-0.0156366,0.25990389999999997,0.2814308,-0.1877941,0.22912849999999998,0.2464741,-0.2089592,0.2225643
549,17:16:46.720 PM,0.162721,0.06091858,0.3021893,0.1627794,0.08859585,0.3110782,0.15538110000000002,0.1068022,0.31452090000000005,0.1301744,0.06332447,0.343004,0.1258413,0.08769335,0.3699235,0.122852,0.1066153,0.3773944,0.12086569999999999,0.120702,0.374392,0.11177329999999999,0.05564113,0.3406717,0.100411,0.08129011,0.3706016,0.0951284,0.10358610000000001,0.3783091,0.09421863,0.1186123,0.37294570000000005,0.09546009,0.04558162,0.332928,0.07920523,0.07231496,0.3545855,0.07393328,0.09529309,0.3534986,0.07506336,0.10787349999999998,0.34379879999999996,0.08145872,0.03801511,0.32179640000000004,0.06044849,0.05256478,0.3377573,0.05171615,0.06640492,0.34091059999999995,0.04910747,0.08043699,0.3374308,0.1170252,0.04297997,0.32186420000000004,0.13692639999999998,-0.008238792,0.28057790000000005,0.1527258,0.019907400000000002,0.28581290000000004,0.2530636,-0.215662,0.2213866,0.1608711,-0.009761113,0.28219770000000005,0.12459529999999999,-0.02745879,0.273039,0.2712016,-0.20681309999999997,0.2259659,0.23492570000000002,-0.22451079999999998,0.21680729999999998
550,17:16:46.763 PM,0.1732171,0.02635346,0.3371337,0.1811527,0.04936041,0.3530253,0.1794027,0.06629859,0.36341409999999996,0.14758010000000002,0.01937024,0.3840258,0.15414360000000002,0.02846651,0.4188893,0.1568395,0.04142772,0.43467390000000006,0.1576932,0.05447115,0.4410731,0.1281713,0.01423502,0.3838862,0.12473089999999999,0.0235263,0.42378180000000004,0.12297609999999999,0.03921281,0.4421969,0.1222414,0.05391718,0.448513,0.10938869999999999,0.008368745,0.37755409999999995,0.1001502,0.02464242,0.41074510000000003,0.09704645,0.04639117,0.41943820000000004,0.09757023,0.06171067,0.4151623,0.09254329,0.005738273,0.3682538,0.07613689,0.01346107,0.3923446,0.0700929,0.02664931,0.4005617,0.06843456,0.04116945,0.4021161,0.1277721,0.007678091999999999,0.3615642,0.1327791,-0.0310629,0.305674,0.1520461,-0.0057329980000000004,0.3132277,0.22556529999999997,-0.240963,0.22000860000000003,0.15656810000000002,-0.03418196,0.3040629,0.11826869999999999,-0.04893385,0.2987184,0.24471500000000002,-0.23358710000000002,0.2226809,0.2064157,-0.24833899999999998,0.21733629999999998
551,17:16:46.799 PM,0.176586,-0.002352908,0.3668692,0.1887701,0.01503272,0.3867414,0.19020920000000002,0.02867918,0.4012365,0.15473299999999998,-0.01835957,0.4142067,0.1652269,-0.01633947,0.44926009999999994,0.1701613,-0.006713971,0.4668102,0.17248470000000002,0.004443645,0.47588739999999996,0.1350723,-0.02222776,0.41550990000000004,0.1355037,-0.01590414,0.4561331,0.1362566,1.972914e-05,0.4744144,0.1368729,0.01366498,0.48280249999999997,0.1152183,-0.0252616,0.4106025,0.1105097,-0.01159887,0.4458677,0.11013679999999999,0.00926663,0.45695050000000004,0.11130419999999999,0.02514662,0.456284,0.09720304,-0.02452092,0.4033695,0.08510479,-0.01868506,0.43037390000000003,0.08249481,-0.005563512,0.4403366,0.08313089,0.00865902,0.4439874,0.13140629999999998,-0.02286331,0.3925308,0.1272151,-0.04715407,0.32939809999999997,0.14839979999999997,-0.02484676,0.3394729,0.21074110000000001,-0.2447322,0.2110824,0.1507656,-0.05004029,0.3254817,0.11201710000000001,-0.06402566,0.321483,0.23011529999999997,-0.2377395,0.2130817,0.19136679999999998,-0.2517249,0.209083
552,17:16:46.834 PM,0.1770808,-0.01947984,0.3905333,0.18970610000000002,-0.0040525940000000005,0.41171220000000003,0.19118220000000002,0.00816837,0.4274309,0.1564354,-0.03922752,0.43705190000000005,0.1676271,-0.03913738,0.47195010000000004,0.17295320000000003,-0.03119223,0.4902189,0.17557709999999999,-0.02119094,0.5004959,0.13681229999999997,-0.04315731,0.43870479999999995,0.1374989,-0.03895336,0.47960159999999996,0.13822,-0.02646759,0.5004193,0.1388117,-0.01360716,0.5099888,0.1167775,-0.04568344,0.43425969999999997,0.11228250000000001,-0.03392263,0.4702362,0.11162129999999999,-0.01486616,0.48423590000000005,0.1125298,0.0009473114999999999,0.48611990000000005,0.09851703,-0.04423992,0.42778069999999996,0.08618809,-0.04058419,0.4550675,0.08279984,-0.02935119,0.4669446,0.08257867,-0.01599778,0.4731227,0.1323201,-0.04166502,0.4159067,0.12556810000000002,-0.05922325,0.3506557,0.1473884,-0.03878896,0.36229770000000006,0.2043772,-0.2369822,0.2011034,0.1489466,-0.06137133,0.345412,0.11007049999999999,-0.07485107,0.3409442,0.22381529999999997,-0.23024229999999998,0.2033374,0.1849391,-0.2437221,0.1988695
553,17:16:46.867 PM,0.175326,-0.03217652,0.40606929999999997,0.186118,-0.01675458,0.42823590000000006,0.1851592,-0.004948437,0.4443,0.1553424,-0.05461863,0.45143069999999996,0.16648010000000002,-0.05696824,0.4862629,0.1720139,-0.05224359,0.505548,0.17500870000000002,-0.04471534,0.5176556999999999,0.1358211,-0.05913118,0.45276179999999994,0.1351997,-0.057537300000000006,0.49383950000000004,0.1348934,-0.04896834,0.5165244000000001,0.1347648,-0.03809668,0.528293,0.11589769999999999,-0.062023400000000006,0.44804920000000004,0.1098913,-0.05315326,0.4846219,0.1076391,-0.03722829,0.5019215,0.10750810000000001,-0.02212338,0.5069613000000001,0.09765629,-0.06082679,0.44146850000000004,0.08406547,-0.05851954,0.4682951,0.07931516,-0.04876319999999999,0.4809651,0.07751916,-0.0365216,0.48890290000000003,0.1314672,-0.05690354,0.43,0.12591580000000002,-0.07293549,0.36435100000000004,0.1468669,-0.05161142,0.3766791,0.21038420000000002,-0.2497738,0.2173308,0.1493963,-0.07460038,0.3594312,0.11088210000000001,-0.08895444,0.3545688,0.2296413,-0.24259679999999997,0.21976210000000002,0.1911271,-0.2569509,0.2148996
554,17:16:46.903 PM,0.17474510000000001,-0.03962362,0.4186361,0.1837778,-0.02511923,0.44217109999999993,0.1820681,-0.01430549,0.4588647,0.1556641,-0.06534253,0.4616688,0.1666785,-0.06983964,0.4963312,0.17221270000000002,-0.06707852,0.5159992999999999,0.17525529999999997,-0.06096469,0.5288745,0.1361918,-0.07017367,0.46250779999999997,0.134604,-0.0711562,0.5035805,0.13363770000000003,-0.0651284,0.5270559,0.13303929999999997,-0.05630577,0.5404251999999999,0.1163615,-0.07304044,0.45740299999999995,0.10931880000000001,-0.06738262,0.49442749999999996,0.1060432,-0.05460268,0.5140285,0.104974,-0.04120623,0.5225894,0.09817851,-0.07169525,0.4506906,0.08368810000000002,-0.07055296,0.47711859999999995,0.07800531,-0.06226839,0.4904378,0.07519589,-0.05117004,0.4996627,0.1320566,-0.06667961,0.43986390000000003,0.1273063,-0.07936695,0.37349299999999996,0.14796379999999998,-0.05809444,0.38712179999999996,0.21212039999999996,-0.25440860000000004,0.22453420000000002,0.1508049,-0.08100606,0.3686517,0.1122891,-0.09523200000000001,0.3634384,0.23137829999999998,-0.2472956,0.2271408,0.1928625,-0.2615215,0.2219275
555,17:16:46.935 PM,0.1736541,-0.04117492,0.42267550000000004,0.18191970000000002,-0.0264114,0.4463298,0.1801274,-0.01563454,0.463038,0.155645,-0.06728202,0.46526300000000004,0.1668134,-0.07113436,0.4999537,0.1722465,-0.06774315,0.5195512,0.175036,-0.06102982,0.5321826,0.13629349999999998,-0.0725864,0.4660345,0.134535,-0.07332262,0.507105,0.1333043,-0.06689778,0.5304616999999999,0.1324264,-0.05786793,0.543676,0.1165628,-0.07595801,0.4608531,0.1091299,-0.07193625,0.4980165,0.10524059999999999,-0.06065653,0.5184131,0.1034721,-0.04838604,0.5284278,0.09838297,-0.07508452,0.4540552,0.08345365,-0.07440804,0.48025439999999997,0.07712577,-0.06680264,0.493688,0.07370471,-0.0560151,0.5030745,0.1321767,-0.06927946,0.4433593,0.1278285,-0.08224177,0.3769352,0.14810779999999998,-0.06050351,0.3906558,0.213299,-0.25448160000000003,0.22511260000000002,0.1513017,-0.08355901,0.37187709999999996,0.11290239999999999,-0.09814852,0.3668111,0.2324986,-0.24718679999999998,0.2276456,0.1940994,-0.2617763,0.22257960000000002
556,17:16:46.966 PM,0.1691477,-0.03993987,0.424757,0.17507799999999998,-0.02441572,0.4486266,0.1722241,-0.01356781,0.46514110000000003,0.1541672,-0.06712635,0.4663017,0.1642576,-0.07083565,0.5013373,0.1689533,-0.06770754,0.5211682,0.17111479999999998,-0.061158300000000006,0.5340077,0.1350003,-0.07307293,0.46700420000000004,0.1333751,-0.06816258,0.5077988,0.1320066,-0.05791621,0.5297470000000001,0.1309016,-0.04635826,0.5408036999999999,0.1154279,-0.07715568,0.4617335999999999,0.1082253,-0.07205768,0.4988103,0.10421559999999999,-0.06022793,0.5188696,0.10207039999999999,-0.04831603,0.5292386,0.09727303,-0.07695849,0.454816,0.08279792,-0.07670303,0.4812763,0.07629102,-0.06974201,0.49497159999999996,0.07250305,-0.05931516,0.5046212999999999,0.13092089999999998,-0.07011627,0.4442737,0.12716019999999997,-0.08371554,0.377833,0.1468875,-0.06129533,0.39158790000000004,0.21328960000000002,-0.2527703,0.222834,0.1505835,-0.08460885,0.37246090000000004,0.11234970000000001,-0.09972771,0.3677053,0.23240650000000002,-0.24521089999999998,0.2252118,0.1941727,-0.2603297,0.22045610000000002
557,17:16:46.998 PM,0.16650179999999998,-0.03617601,0.42285500000000004,0.170905,-0.01954466,0.4463037,0.16777879999999998,-0.00819467,0.4624263,0.15385079999999998,-0.06324193,0.46460559999999995,0.16297579999999998,-0.06562151,0.5000177,0.16684620000000003,-0.06136282,0.5198145000000001,0.1682345,-0.05392872,0.5322710999999999,0.1348518,-0.06968825,0.46543909999999994,0.1332484,-0.05957256,0.5052579,0.1315589,-0.04453003,0.5242103,0.1301655,-0.030657599999999997,0.5321128,0.1154163,-0.07446262,0.4602452,0.10864449999999999,-0.06809759,0.4972063,0.10473130000000001,-0.05456258,0.5161753,0.10259380000000001,-0.04159155,0.5251836,0.09728622,-0.07497129,0.4532799,0.08356423,-0.07463007,0.480137,0.07731382,-0.06736282,0.493792,0.07378461,-0.05635861,0.5028815,0.1307687,-0.06752810000000001,0.4426201,0.12734669999999998,-0.08297776,0.37645559999999995,0.14666289999999998,-0.05985762,0.3897333,0.2138386,-0.2504188,0.21991599999999997,0.1507044,-0.0835105,0.37075959999999997,0.11263820000000001,-0.09918912,0.36649770000000004,0.23287170000000001,-0.2425795,0.22204699999999997,0.1948055,-0.2582581,0.21778499999999998
558,17:16:47.028 PM,0.16343310000000003,-0.03148636,0.418325,0.16651129999999997,-0.01356059,0.4410219,0.1628714,-0.001623556,0.45660500000000004,0.15365929999999997,-0.05739792,0.46094579999999996,0.1632517,-0.05670294,0.4963112,0.1670119,-0.05043378,0.515591,0.1680593,-0.04173623,0.5272399999999999,0.13494560000000003,-0.06455113,0.4623094,0.1339089,-0.05359441,0.501925,0.1322135,-0.03903374,0.5212511,0.13055139999999998,-0.02553084,0.5297284000000001,0.1156657,-0.07033545,0.4575799,0.10950510000000002,-0.061566699999999995,0.4941562,0.10555450000000001,-0.04678647,0.5121661,0.10318219999999999,-0.03322372,0.5201944000000001,0.09749939,-0.07189284,0.450867,0.08450928,-0.06967007,0.4779992,0.07854136,-0.06120543,0.4910807,0.07500668,-0.04958974,0.4993745,0.1305421,-0.06362739,0.4394653,0.12680070000000002,-0.08217929,0.3740124,0.14556449999999999,-0.05781589,0.3860875,0.2131065,-0.25053800000000004,0.2183567,0.14998689999999998,-0.08222028,0.3676324,0.11224489999999998,-0.09897418,0.3648268,0.2319775,-0.2421611,0.21975949999999997,0.1942355,-0.258915,0.21695389999999998
559,17:16:47.059 PM,0.16210739999999998,-0.02878687,0.415471,0.1646453,-0.009963691,0.4374965,0.1600667,0.002384216,0.4525,0.1524384,-0.05312653,0.45888,0.1618467,-0.05074851,0.49421909999999997,0.16537220000000002,-0.04349768,0.5131949,0.1661285,-0.03411518,0.5243214,0.1338471,-0.06057599,0.46032390000000006,0.13249779999999997,-0.04920855,0.49981359999999997,0.13048669999999998,-0.03445345,0.518961,0.1285258,-0.02065787,0.5268848,0.1147351,-0.06691019,0.45561949999999996,0.10817260000000001,-0.05609874,0.4915718,0.1038786,-0.04013249,0.5084541,0.1012967,-0.02590078,0.5151465999999999,0.09668068,-0.06907903,0.4487772,0.08380709,-0.0651454,0.475768,0.07793871,-0.05561775,0.4881424,0.07450417,-0.04332812,0.495446,0.12969360000000002,-0.06064256,0.43741540000000007,0.1268823,-0.08148697,0.37251290000000004,0.1452257,-0.05666517,0.3840165,0.2145188,-0.2494044,0.2171243,0.1500481,-0.08129910000000001,0.3660614,0.11248010000000001,-0.09846658,0.3634254,0.23330279999999998,-0.24082060000000002,0.21844229999999998,0.1957348,-0.2579881,0.2158063
560,17:16:47.092 PM,0.1628172,-0.02633955,0.414288,0.1656093,-0.007708117,0.43644540000000004,0.1605411,0.004434362,0.4514588,0.1522895,-0.05049661,0.4574822,0.160737,-0.04863143,0.493093,0.163699,-0.04173784,0.5122964,0.16403099999999998,-0.03249919,0.5235628,0.1337517,-0.0581211,0.45867929999999996,0.1314515,-0.04580636,0.49783890000000003,0.1287302,-0.02957675,0.5156541,0.12636340000000001,-0.01490514,0.5216447,0.11475919999999999,-0.06462118,0.4537245,0.10761710000000001,-0.05345769,0.48945829999999996,0.1029865,-0.03699793,0.5057673,0.10027960000000001,-0.02242404,0.5116194000000001,0.09681177,-0.06694141,0.4466541,0.08435956,-0.06216349,0.4737067,0.07886843,-0.05188811,0.48564840000000004,0.07588167,-0.03904639,0.4921544,0.129883,-0.05817376,0.43572089999999997,0.1279142,-0.07893389,0.3707301,0.1460371,-0.05393074,0.38252729999999996,0.21556060000000002,-0.2469083,0.21540879999999998,0.1510979,-0.07879658,0.3643421,0.1134951,-0.09586865,0.361586,0.234362,-0.23837220000000003,0.2167868,0.19675920000000002,-0.25544429999999996,0.2140308
561,17:16:47.123 PM,0.1634582,-0.02296878,0.41195129999999996,0.1662384,-0.004747108,0.43444849999999996,0.16070779999999998,0.006914139000000001,0.44967920000000006,0.1529225,-0.04701674,0.45482079999999997,0.15996649999999998,-0.04601382,0.4907712,0.1620144,-0.03986992,0.5103457,0.161674,-0.03126206,0.5221020000000001,0.13462639999999998,-0.0552073,0.4560005999999999,0.13163529999999998,-0.04094869,0.49444899999999997,0.1280486,-0.02256869,0.5098696,0.1251138,-0.007138208,0.5130797,0.11582910000000002,-0.06224652,0.4510371,0.1086118,-0.05006905,0.4864233,0.10371400000000001,-0.032406700000000004,0.501339,0.1008097,-0.01737452,0.5057693,0.09794553,-0.065062,0.4439844,0.08653409,-0.0594452,0.4713339,0.08162681,-0.04822035,0.4826607,0.07910743,-0.03479296,0.48809759999999996,0.1307139,-0.05522324,0.4330495,0.1289702,-0.07588451,0.3680063,0.14662329999999998,-0.05013624,0.37985599999999997,0.21482880000000001,-0.24631689999999998,0.2143721,0.15204189999999998,-0.07575721,0.3612247,0.1144844,-0.09305503,0.3594246,0.2336076,-0.23766790000000002,0.21527220000000002,0.1960501,-0.25496579999999996,0.2134721
562,17:16:47.153 PM,0.16246839999999999,-0.01773982,0.4071013,0.1643694,-2.9802320000000003e-07,0.43006930000000004,0.1582501,0.01097149,0.4455839,0.1525684,-0.04194942,0.4493567,0.1578402,-0.04165566,0.48562040000000006,0.1586461,-0.03633757,0.5055228,0.1573733,-0.02866772,0.5178478,0.13480479999999997,-0.05125585,0.4503772,0.1303018,-0.0341848,0.48750509999999997,0.1250809,-0.01362899,0.49925920000000007,0.12119089999999999,0.001912117,0.49893580000000004,0.1164981,-0.0593918,0.44526170000000004,0.10851760000000002,-0.04532258,0.4797687,0.1027136,-0.02601279,0.49208009999999996,0.09922539,-0.01060024,0.4941213,0.09885351,-0.06323847,0.43809609999999993,0.08816301,-0.05613698,0.4653893,0.08357255,-0.04347554,0.47523009999999993,0.0812775,-0.02935985,0.4786303,0.1310044,-0.05131687,0.42740740000000005,0.1303812,-0.07201414,0.3623433,0.1468109,-0.04481284,0.3743384,0.2164529,-0.24642870000000003,0.2133717,0.1533298,-0.07176010000000001,0.35515959999999996,0.1160397,-0.08970963,0.35462990000000005,0.235098,-0.23745389999999997,0.2136366,0.1978078,-0.2554034,0.21310679999999999
563,17:16:47.185 PM,0.1617357,-0.01085134,0.4007683,0.16232960000000002,0.0064351109999999994,0.4241509,0.1556875,0.01696973,0.43975420000000004,0.15203599999999998,-0.03504677,0.44210429999999995,0.1550156,-0.03471537,0.4786305,0.15441989999999997,-0.02961843,0.4986005,0.1522963,-0.02254725,0.5111669,0.134548,-0.04489768,0.4426985,0.12805650000000002,-0.02456971,0.4778478,0.1216741,-0.002495706,0.48563959999999995,0.11748010000000002,0.01265475,0.4824813,0.116612,-0.05356178,0.4371522,0.1071892,-0.03625734,0.469782,0.1007957,-0.01515947,0.4783129,0.09723380000000001,0.0003631562,0.47758459999999997,0.09924982,-0.05790713,0.4295912,0.08853802,-0.04751888,0.45581009999999994,0.08448308,-0.03295612,0.4628917,0.08287516,-0.01833868,0.46333370000000007,0.13124149999999998,-0.04494971,0.4196522,0.1323412,-0.06579579,0.3546585,0.14796900000000002,-0.03767614,0.3669658,0.21830370000000002,-0.246481,0.2132728,0.1553529,-0.06599538,0.3476764,0.1179258,-0.08366473,0.347502,0.2370172,-0.2376464,0.21336010000000002,0.1995902,-0.25531570000000003,0.21318560000000003
564,17:16:47.215 PM,0.1600221,-0.001743779,0.3918225,0.1578342,0.01527701,0.4153007000000001,0.14908870000000002,0.02516277,0.4302737,0.150951,-0.02580203,0.4322933,0.1516777,-0.02402489,0.46888900000000006,0.1494626,-0.01760441,0.4883537,0.1462486,-0.009768158,0.500212,0.1336164,-0.03593694,0.4323647,0.12493810000000001,-0.01349844,0.4657045999999999,0.1178382,0.009082735,0.4709957,0.113649,0.02387632,0.4664636,0.11601289999999999,-0.04491459,0.42627950000000003,0.1046974,-0.0236565,0.455812,0.09823936,-0.001202688,0.4592849,0.09514403,0.01390995,0.4553108,0.09897748,-0.04957196,0.41818130000000003,0.08789082,-0.03403443,0.4415245,0.08527408,-0.01766726,0.4432968,0.08548799,-0.003733099,0.4386593,0.1310569,-0.03612594,0.40922459999999994,0.13422820000000002,-0.05770752,0.344591,0.14935510000000002,-0.02876718,0.3570755,0.21929189999999998,-0.24734899999999999,0.2148995,0.1573908,-0.05878253,0.3382157,0.119572,-0.07559666,0.3379972,0.23820120000000003,-0.23894200000000002,0.21500879999999997,0.2003825,-0.25575610000000004,0.21479020000000001
565,17:16:47.244 PM,0.15693529999999997,0.008356676,0.3782282,0.1517442,0.02589671,0.4008412,0.1408863,0.03543995,0.4146114000000001,0.1497368,-0.01453955,0.4190799,0.148925,-0.009485631999999999,0.4553696,0.1453796,-0.0006815195,0.4736746,0.1412457,0.008556515,0.48416329999999996,0.13264820000000002,-0.0250838,0.4192291,0.1223683,-0.0002538711,0.45034759999999996,0.11463440000000001,0.02255605,0.45323100000000005,0.1103007,0.03683887,0.44738429999999996,0.1153809,-0.03471415,0.4131775,0.10267060000000001,-0.009512186,0.43879140000000005,0.0964753,0.01320025,0.4367066,0.09423191,0.02671658,0.4285569,0.09861747,-0.040091800000000004,0.404958,0.08743972,-0.02002816,0.4245145,0.08620797,-0.003706977,0.4212559,0.08807988,0.0077934119999999996,0.41227840000000004,0.13053510000000002,-0.02622063,0.39607070000000005,0.1352181,-0.0502916,0.3323795,0.1496443,-0.02041946,0.34401570000000004,0.2219106,-0.2446881,0.21106260000000002,0.158425,-0.05152147,0.32619570000000003,0.12068050000000001,-0.06850138,0.3264316,0.24078289999999997,-0.2361982,0.2109447,0.2030384,-0.2531781,0.2111805
566,17:16:47.277 PM,0.1535769,0.02288897,0.3578212,0.14510420000000002,0.04150479,0.37849570000000005,0.1323261,0.05087762,0.3906358,0.14963929999999998,0.0028785620000000003,0.4002407,0.14774489999999998,0.01390724,0.435133,0.1428441,0.026473000000000003,0.450721,0.13768829999999999,0.03780483,0.4582901,0.1329622,-0.008267507,0.4011647,0.12149960000000001,0.01992668,0.42880329999999994,0.113042,0.04264499,0.42803500000000005,0.1084624,0.05564918,0.4198617,0.11612269999999998,-0.01901525,0.3958334,0.1022709,0.01003577,0.416239,0.09632995,0.03141208,0.40812220000000005,0.09488601,0.04187246,0.3961906,0.0996432,-0.02568495,0.38799659999999997,0.08819176,-0.00226678,0.4031626,0.08765417,0.01274002,0.3958961,0.0904552,0.02107881,0.3841164,0.1310835,-0.01136687,0.3781671,0.13687829999999998,-0.04050326,0.31669400000000003,0.1503846,-0.009093732,0.325911,0.2248123,-0.2440705,0.2125453,0.1600603,-0.04205762,0.3104905,0.12248959999999999,-0.05930563,0.31248259999999994,0.24359770000000003,-0.2354465,0.2115493,0.206027,-0.25269450000000004,0.2135413
567,17:16:47.311 PM,0.15375999999999998,0.03851171,0.330835,0.14607679999999998,0.06001504,0.3488443,0.13337870000000002,0.07055192,0.3600812,0.15163800000000002,0.0238357,0.37658059999999993,0.14751789999999998,0.04452603,0.40652209999999994,0.1391571,0.06213595,0.41307570000000005,0.1316331,0.07435329,0.4109016,0.1356493,0.01212551,0.37980349999999996,0.1239932,0.0444486,0.402376,0.11450339999999999,0.06553702,0.3951037,0.1096738,0.07451166,0.3827534,0.11922260000000001,-6.169081e-05,0.37679029999999997,0.10493119999999999,0.03231184,0.39093059999999996,0.09879042,0.04962085,0.3760804,0.09783945,0.054395900000000004,0.3609166,0.1028297,-0.008543134,0.3707273,0.09128187,0.01738359,0.38092370000000003,0.09105661,0.029122900000000004,0.3690893,0.09440316,0.03194793,0.3550723,0.13301129999999997,0.005794941999999999,0.3575565,0.13771429999999998,-0.03127402,0.300385,0.1500206,0.001773149,0.3046162,0.2289147,-0.2439366,0.21991309999999997,0.1606082,-0.03284686,0.2931935,0.1239404,-0.05096743,0.29952929999999994,0.24724859999999999,-0.23487629999999998,0.21674520000000003,0.2105809,-0.25299679999999997,0.223081
568,17:16:47.343 PM,0.1534927,0.04872619,0.298228,0.1480751,0.07406129,0.311404,0.1370978,0.08717979,0.3216805,0.15612910000000002,0.04497825,0.3467373,0.1450396,0.07634006,0.36169359999999995,0.1318271,0.08809705,0.3516661,0.12402339999999999,0.08959682,0.3397658,0.14189939999999998,0.03332259,0.3547317,0.1261285,0.07072125,0.3602212,0.11550919999999999,0.07774673,0.3399467,0.1121893,0.07358064,0.3250938,0.12651489999999999,0.01971708,0.35688709999999996,0.10991880000000001,0.053914199999999995,0.35716659999999995,0.103809,0.05718116,0.334789,0.10416289999999999,0.05057888,0.3204592,0.11042329999999999,0.008992463000000001,0.35527659999999994,0.09879185,0.03675239,0.35572129999999996,0.09781353,0.03978981,0.3394527,0.1006405,0.03365146,0.3265015,0.1371736,0.02180876,0.3350838,0.13815770000000002,-0.02674633,0.2868819,0.1478229,0.006655648,0.2825428,0.235391,-0.2424855,0.2234741,0.159588,-0.02780909,0.2760188,0.1264508,-0.04725749,0.29140409999999994,0.2519596,-0.23276129999999998,0.21578150000000001,0.21882240000000003,-0.25220970000000004,0.23116679999999998
569,17:16:47.373 PM,0.1568067,0.05212058,0.2671065,0.152996,0.08047591,0.2723412,0.1436193,0.09704508,0.2783509,0.1594774,0.06213628,0.31517459999999997,0.14049620000000002,0.09155737,0.3043126,0.13019239999999999,0.08416282,0.28804440000000003,0.1279451,0.07225786,0.27992740000000005,0.1453384,0.05331539,0.326378,0.125852,0.08351003,0.3063796,0.1197674,0.07026099,0.2869828,0.12119239999999999,0.05540653,0.2811106,0.129909,0.04100434,0.3325344,0.1121622,0.06773974,0.3119553,0.1105325,0.05452995,0.2924224,0.1144219,0.03999238,0.28715820000000003,0.1137104,0.03041883,0.3342781,0.10332639999999998,0.0542634,0.3189898,0.10329529999999999,0.04634665,0.3042992,0.1065663,0.03314976,0.2986915,0.1401252,0.03682052,0.3107948,0.14011600000000002,-0.02245882,0.2762619,0.1495774,0.007491559,0.26432690000000003,0.2441029,-0.2383453,0.2252413,0.1605778,-0.02352934,0.26367290000000004,0.130053,-0.04297695,0.283749,0.25936529999999997,-0.2286215,0.2152033,0.22884050000000003,-0.24806910000000001,0.2352794
570,17:16:47.407 PM,0.15790739999999998,0.04993711,0.24877,0.15328640000000002,0.07862036,0.24753229999999998,0.1431734,0.09581842,0.2481217,0.15080510000000003,0.06855451,0.2939776,0.1335309,0.08417086,0.265704,0.12813210000000003,0.06736757,0.2550651,0.1293953,0.05288611,0.25602359999999996,0.13457339999999998,0.061438099999999995,0.3034168,0.1200711,0.07640539,0.2679995,0.12111110000000001,0.05498876,0.2566873,0.1255082,0.0400189,0.2603232,0.1181262,0.04993404,0.3083833,0.1067414,0.0648682,0.27522729999999995,0.1111154,0.04513012,0.26300290000000004,0.1167286,0.030691399999999997,0.2667344,0.1018678,0.03930034,0.308634,0.09644803,0.05488743,0.2833947,0.1003926,0.04237975,0.2730883,0.10493980000000001,0.02851702,0.2748919,0.1326753,0.04222952,0.2904047,0.1394146,-0.0217845,0.2662627,0.1515572,0.005309373,0.2531521,0.24758000000000002,-0.2389584,0.2322534,0.16146860000000002,-0.02313222,0.2567701,0.1281772,-0.04215417,0.27235440000000005,0.2642256,-0.22944740000000002,0.2244612,0.23093429999999998,-0.2484694,0.2400455
571,17:16:47.438 PM,0.1536989,0.04686178,0.22959810000000003,0.1474488,0.07431002,0.2221915,0.1365058,0.0906698,0.21877929999999995,0.14547279999999999,0.07433225,0.2691832,0.1287274,0.08109041,0.23724800000000001,0.12525989999999998,0.06143756,0.23192979999999996,0.1276405,0.04804437,0.2372379,0.1290625,0.06879713,0.27935509999999997,0.11575350000000001,0.07448117,0.2408297,0.118405,0.05086263,0.2358248,0.1232047,0.03752871,0.24335570000000004,0.1127631,0.05800058,0.2861074,0.102397,0.06495582,0.2500594,0.1079569,0.04314412,0.24280429999999997,0.1138213,0.02994774,0.24957,0.09683178,0.04704092,0.2880725,0.09206232,0.05656721,0.2598241,0.09688691,0.04214324,0.2529302,0.1017942,0.02903827,0.25747159999999997,0.1283077,0.04714797,0.2707632,0.1378665,-0.02023338,0.26021089999999997,0.14989229999999998,0.0037586090000000004,0.2431201,0.2507051,-0.23617470000000004,0.2344612,0.15976579999999999,-0.02151169,0.2503592,0.127251,-0.040549199999999994,0.2674876,0.2669625,-0.22665589999999997,0.225897,0.23444770000000004,-0.24569349999999998,0.2430254
572,17:16:47.473 PM,0.1518882,0.04452856,0.20946320000000002,0.1440553,0.06871943,0.195368,0.1323145,0.08293189,0.1877182,0.13887560000000002,0.08000524,0.23996520000000002,0.1209281,0.07665159,0.20821550000000003,0.1253816,0.056656200000000004,0.20591910000000002,0.132645,0.04619397,0.21299110000000002,0.12275219999999999,0.07573555,0.2511383,0.110132,0.06997864,0.212459,0.11513889999999999,0.04629593,0.2138935,0.1209221,0.03591765,0.2246429,0.10732639999999999,0.06554462,0.2603787,0.09744367,0.06192981,0.22377129999999998,0.10539449999999999,0.03969483,0.22312070000000003,0.1122443,0.02938081,0.23314490000000002,0.09242465,0.05399837,0.265047,0.08764178,0.05540074,0.23531770000000002,0.09412452,0.04017438,0.23324250000000002,0.1000168,0.02951427,0.24146579999999998,0.1242542,0.05266736,0.24846390000000002,0.1394403,-0.01419292,0.2530385,0.1505606,0.005969375,0.23315229999999998,0.2552895,-0.22906620000000003,0.232305,0.1609406,-0.01553683,0.24234970000000003,0.129525,-0.03433634,0.261654,0.2709973,-0.2196665,0.2226529,0.2395817,-0.23846599999999998,0.2419572
573,17:16:47.504 PM,0.1455968,0.03962384,0.1917179,0.13472679999999998,0.06105207,0.1753275,0.12150319999999999,0.07372637,0.1673868,0.131982,0.07890435,0.2181931,0.10902629999999999,0.06800966,0.1917739,0.1147395,0.04819839,0.1918611,0.124102,0.03947853,0.1988438,0.1187131,0.0758047,0.23294679999999998,0.0995478,0.06253515,0.19906870000000002,0.10691510000000001,0.0398473,0.2034785,0.1155651,0.03204502,0.2144938,0.10628889999999999,0.06657858,0.2466654,0.09000269,0.05593704,0.21388429999999997,0.09978115,0.0344909,0.2155779,0.10931220000000001,0.02668636,0.2256938,0.09363124,0.05523278,0.2560831,0.08318924,0.05103539,0.22809339999999997,0.09053777,0.03607322,0.22739009999999998,0.09880189999999998,0.027629,0.23614459999999998,0.12173599999999998,0.05273591,0.23385050000000002,0.1429555,-0.01154332,0.2454813,0.14873370000000002,0.005565016999999999,0.2214178,0.2577188,-0.22630799999999998,0.21848510000000002,0.1615984,-0.01366569,0.2304388,0.1357889,-0.03089741,0.2578242,0.2706235,-0.21769210000000003,0.20479239999999999,0.24481399999999998,-0.2349239,0.2321778
574,17:16:47.535 PM,0.1422369,0.04051392,0.177006,0.1293631,0.06027819,0.1599922,0.1155366,0.07211305,0.151789,0.1244636,0.0800419,0.202002,0.09972715,0.06489508,0.17960720000000002,0.10724280000000001,0.04572056,0.180575,0.11794469999999999,0.03800039,0.1867605,0.11335869999999999,0.0772007,0.21848789999999998,0.09143967,0.05931619999999999,0.1886578,0.103546,0.03859209,0.19215870000000002,0.1152127,0.03305535,0.2016529,0.10353810000000001,0.06825636,0.23433099999999998,0.08456133,0.05337949,0.2048219,0.09690931,0.03335018,0.20694829999999997,0.10841400000000001,0.02751352,0.21630010000000002,0.09318151,0.05680175,0.2461184,0.07984367,0.04947849,0.2200786,0.08841998,0.03517325,0.2196924,0.09839354,0.02800907,0.2277768,0.1185997,0.05463947,0.2208342,0.14607260000000002,-0.00679037,0.2342504,0.1482261,0.008937165,0.20891990000000002,0.2571195,-0.2221583,0.19810479999999997,0.16256110000000001,-0.009315697,0.21692840000000002,0.14068870000000003,-0.02580183,0.2479578,0.2680557,-0.2139152,0.1825901,0.24618330000000002,-0.2304013,0.21361950000000002
575,17:16:47.563 PM,0.14153770000000002,0.04181074,0.1682096,0.1287357,0.06130828,0.1508364,0.1153348,0.07321124,0.14204579999999997,0.12000919999999998,0.08044641,0.1927392,0.09441261,0.06493326,0.1715924,0.1018082,0.04568864,0.1717659,0.1126576,0.03750949,0.1770375,0.1096712,0.07756834,0.2097114,0.08711585,0.05846985,0.1811285,0.09997497,0.03814764,0.18429489999999998,0.1122229,0.03317036,0.1933596,0.10087869999999999,0.06863649,0.2261562,0.08148948,0.05203421,0.1978549,0.0952505,0.03290607,0.199623,0.1075762,0.02807619,0.2084976,0.09151822,0.05705728,0.23863760000000003,0.07715926,0.04904319,0.2133527,0.08614147,0.0349995,0.212687,0.09671057,0.02810918,0.2202367,0.1160526,0.05534734,0.21246030000000002,0.14655929999999998,-0.004513487,0.2262596,0.1473358,0.01073432,0.2006477,0.2580489,-0.2191182,0.1870561,0.16230239999999999,-0.007030237,0.208256,0.1419652,-0.02345721,0.24034299999999997,0.26821740000000005,-0.2109047,0.1710126,0.2478803,-0.2273317,0.20309960000000002
576,17:16:47.594 PM,0.14209729999999998,0.04503119999999999,0.1611645,0.1306351,0.06504069,0.1434381,0.118547,0.0775875,0.1336829,0.1171072,0.0819536,0.18569739999999998,0.09170631,0.06657286,0.16421989999999997,0.09904714,0.04731871,0.16352139999999998,0.1099191,0.03889371,0.16834100000000002,0.10680339999999999,0.07852007,0.2025872,0.08468731,0.05950741,0.1736063,0.09765879,0.03913008,0.1758305,0.11003980000000001,0.03441285,0.1848553,0.09827183,0.06909992,0.2188967,0.07935355,0.05219163,0.19045789999999999,0.09475955,0.03427772,0.19083470000000002,0.10772670000000001,0.03060119,0.1993483,0.08928989,0.05705369999999999,0.2312136,0.07531109,0.04883964,0.2057801,0.08478764,0.03513129,0.20498289999999997,0.09556197,0.02878179,0.21271820000000002,0.1139945,0.05652423,0.20514539999999998,0.14650239999999998,-0.002384305,0.2185212,0.14697220000000003,0.01322688,0.193045,0.2615684,-0.214948,0.1785111,0.162403,-0.0045242170000000005,0.2006073,0.1421083,-0.02150076,0.23243409999999998,0.2717157,-0.20645970000000002,0.1625977,0.251421,-0.2234362,0.1944245
577,17:16:47.624 PM,0.14171720000000002,0.04633807,0.15761470000000002,0.1315165,0.06662045,0.1394366,0.1211527,0.07977845,0.128574,0.11439160000000001,0.08189557,0.1816559,0.08953667,0.06553103,0.1602675,0.09700002,0.04633938,0.1592354,0.1081653,0.03833039,0.1640934,0.104229,0.07817744,0.1985709,0.0826321,0.05846702,0.16966489999999998,0.09551151,0.03795345,0.1709664,0.10802529999999999,0.03450803,0.1803732,0.09603727,0.0685335,0.21492350000000002,0.0776213,0.0509475,0.1865665,0.09326153,0.03323455,0.1864453,0.10627349999999999,0.030477299999999995,0.1952254,0.08747847,0.05623616,0.22729320000000003,0.07357525,0.04771699,0.20191879999999998,0.08341417,0.03427269,0.2010259,0.09438869,0.02835797,0.2088205,0.11215510000000002,0.056443799999999995,0.2011946,0.1465227,-0.0013585539999999999,0.21472310000000003,0.14654820000000002,0.01423325,0.1891984,0.2671314,-0.21086020000000003,0.17491489999999998,0.1624372,-0.0031121820000000002,0.1967797,0.1426691,-0.02055509,0.2286857,0.2770154,-0.20213879999999998,0.1589619,0.2572474,-0.2195817,0.19086779999999998
578,17:16:47.656 PM,0.1388647,0.0473177,0.15574179999999999,0.1275496,0.06789275,0.1385816,0.1167424,0.08123229,0.1283938,0.1110355,0.0812196,0.18033329999999997,0.08574654,0.06422357,0.1599721,0.09386963,0.04531865,0.1586731,0.1054734,0.03765936,0.1630426,0.1017182,0.07717501,0.19765439999999998,0.07971083,0.05661117,0.16966900000000001,0.09288129,0.0362442,0.16996879999999998,0.10589749999999999,0.03282817,0.1786787,0.09451213,0.06726433,0.2143081,0.07533367,0.04933326,0.186683,0.09062818,0.03139703,0.1850985,0.1038942,0.02949063,0.1937198,0.08684324,0.05470045,0.22698870000000002,0.07210689,0.04585348,0.2022046,0.08227299,0.03269537,0.2008412,0.09371089999999999,0.02736036,0.2083808,0.11035969999999999,0.05566896,0.1998578,0.14679489999999998,-0.001237169,0.2118263,0.1453826,0.01447913,0.1862473,0.2694888,-0.20901820000000002,0.1694606,0.1620536,-0.0028957590000000004,0.19331320000000002,0.1438056,-0.02035668,0.22610270000000002,0.2786128,-0.2002878,0.15306589999999998,0.2603649,-0.21774870000000002,0.18585539999999998
579,17:16:47.685 PM,0.13807070000000002,0.0474941,0.1560943,0.1269185,0.06852101,0.13937979999999997,0.11628759999999999,0.08216055,0.12940539999999998,0.11061800000000001,0.08069836,0.1804158,0.08523574,0.0645643,0.1594763,0.09341896,0.04570322,0.1579333,0.1050788,0.03819136,0.1624085,0.10109119999999999,0.07637484,0.1975554,0.07902224,0.05679606,0.16891779999999998,0.09235609,0.03653575,0.169247,0.10528,0.03264327,0.1778941,0.09368247,0.06619595,0.2139573,0.07450578,0.04903235,0.1858467,0.09030052,0.03151245,0.1844458,0.10372830000000001,0.02853464,0.19249770000000002,0.08585832,0.05342919999999999,0.22633789999999998,0.07138509,0.04504062,0.2012402,0.0815461,0.03189097,0.1997598,0.09293689,0.02583735,0.20681570000000002,0.10970129999999999,0.05483182,0.19951129999999997,0.1460092,-0.00225541,0.2109679,0.1448779,0.01385546,0.1856526,0.27000640000000004,-0.2087397,0.1661241,0.16147979999999998,-0.003510153,0.19259949999999998,0.1429383,-0.02164909,0.22485189999999997,0.2792771,-0.19967020000000002,0.14999790000000002,0.2607357,-0.2178092,0.1822503
580,17:16:47.718 PM,0.13417720000000002,0.04514103,0.1564817,0.1211011,0.06570597,0.14061189999999998,0.10864189999999999,0.07864033,0.13190179999999999,0.10933010000000001,0.07886337,0.180275,0.0825002,0.06375112,0.16040729999999997,0.08993354,0.04461773,0.1584771,0.1015459,0.036780099999999996,0.16249229999999998,0.1002581,0.07494895,0.19775589999999998,0.07699946,0.05532993,0.1701053,0.09074081,0.03536518,0.1710846,0.10386019999999999,0.03070818,0.17903039999999998,0.09323507,0.06514819,0.21455259999999998,0.07282001,0.04795583,0.18734720000000002,0.08874977,0.03053622,0.1862606,0.10246430000000001,0.02676345,0.1934489,0.08566205,0.05268727,0.227392,0.07036584,0.04401739,0.20288570000000003,0.08034654,0.03073804,0.20133779999999998,0.09188182,0.02447315,0.20796109999999998,0.10874589999999998,0.05337374,0.1998831,0.1449908,-0.0037391779999999997,0.21140599999999998,0.14318370000000002,0.01183961,0.18583129999999998,0.26817759999999996,-0.21078089999999997,0.16690329999999998,0.15993410000000002,-0.005307276,0.1926298,0.1423662,-0.02287526,0.22573200000000002,0.2769616,-0.2019969,0.1503521,0.2593937,-0.21956489999999998,0.1834544
581,17:16:47.750 PM,0.1318654,0.04404421,0.1576537,0.11724580000000001,0.06419255,0.1426155,0.1031635,0.07625295,0.1352174,0.10826880000000001,0.07771014,0.1809406,0.0813048,0.0626996,0.1611773,0.08817141,0.04339989,0.1588461,0.09956941,0.03510113,0.1625363,0.09924595,0.07381080000000001,0.1984499,0.07628559,0.05365945,0.1709341,0.0901933,0.033817900000000005,0.1720545,0.1033494,0.02939306,0.1800715,0.09228722,0.06402932,0.21528440000000001,0.07193574,0.04666023,0.18814389999999998,0.08791284,0.02927355,0.18724849999999998,0.1016195,0.02549149,0.1944477,0.08477752,0.05157696,0.228169,0.06933017,0.04297461,0.2037342,0.07927762,0.02967952,0.20210989999999998,0.09083837,0.02341737,0.20869139999999997,0.10779939999999999,0.05226468,0.2006088,0.14409539999999998,-0.004808918,0.2122917,0.1423242,0.01079552,0.1865789,0.2645254,-0.2140587,0.1706641,0.1590549,-0.006817119,0.19357020000000003,0.1411789,-0.0237257,0.22685039999999998,0.2734634,-0.2056044,0.154024,0.2555875,-0.22251300000000002,0.1873042
582,17:16:47.781 PM,0.1296718,0.04211541,0.1587856,0.11453189999999999,0.06209303,0.1440358,0.09992868,0.07388802,0.1372411,0.10777049999999999,0.07660837,0.1819178,0.08030584,0.06174962,0.1627359,0.08617347,0.04215227,0.1601658,0.09742547,0.03360657,0.1637395,0.09894744,0.07307534,0.1996065,0.07561143,0.05248626,0.17273629999999998,0.08903578,0.03230737,0.1737279,0.1022485,0.02817734,0.18181,0.09207204,0.06361626,0.21665860000000003,0.07133389999999999,0.04639004,0.1897193,0.08550198,0.02750264,0.1906766,0.09844626,0.02310024,0.1988664,0.08453751,0.05145131,0.22980140000000002,0.06849034,0.04295753,0.20571660000000003,0.0781272,0.02944116,0.2040458,0.08966318,0.02292262,0.21041880000000002,0.10714480000000001,0.05140395,0.20189029999999997,0.14270039999999998,-0.006116285999999999,0.21386159999999999,0.1407017,0.009156898,0.1878315,0.2621912,-0.2167715,0.17686629999999998,0.157499,-0.008669969,0.19507879999999997,0.1398509,-0.02462813,0.22894479999999998,0.27101529999999996,-0.20879250000000002,0.15993329999999997,0.2533672,-0.2247506,0.19379920000000003
583,17:16:47.815 PM,0.1293907,0.04228176,0.1601076,0.1140884,0.06238045,0.14569379999999998,0.09910787,0.07397087,0.13938589999999998,0.1082651,0.07689966,0.18375329999999998,0.08107711,0.06248216,0.163854,0.08723528,0.04296975,0.1613186,0.09852991,0.03459023,0.1651427,0.09913658,0.07311969,0.2012346,0.07596767,0.05335544,0.173611,0.08929776,0.03311311,0.17457920000000002,0.10233489999999999,0.02860801,0.1827457,0.09189077,0.06340344,0.21798620000000002,0.07134387,0.04699455,0.19039779999999998,0.08533168,0.02796923,0.19127,0.09809451,0.02281551,0.1993049,0.08401030000000001,0.05107035,0.23076420000000003,0.06820388,0.04329683,0.2062803,0.07768639999999999,0.02969067,0.20446199999999998,0.08902844,0.02267434,0.2106518,0.1070278,0.05130319,0.2031914,0.1417197,-0.006885886,0.21467260000000002,0.14026,0.008926004,0.18875799999999998,0.2602564,-0.21843089999999998,0.179747,0.1569224,-0.009508151999999999,0.19622509999999999,0.1383706,-0.02541812,0.2296275,0.2695323,-0.2104759,0.1630458,0.2509804,-0.2263859,0.19644820000000002
584,17:16:47.848 PM,0.1299725,0.04224215,0.1608795,0.11472730000000002,0.06212939,0.1461161,0.09953574,0.07337989,0.1396987,0.10868,0.07723893,0.185074,0.08222191,0.06272040000000001,0.16428420000000002,0.08914164,0.04340802,0.1622284,0.1004197,0.03518178,0.1664164,0.09910094,0.07325880000000001,0.20226760000000002,0.07650403,0.05404429,0.1737955,0.09003964,0.03396402,0.17519200000000001,0.102833,0.02884467,0.183382,0.09140063,0.06334542,0.21869770000000002,0.07154231,0.0473284,0.1903845,0.08544546,0.02824627,0.1913638,0.09798224,0.02284755,0.1995912,0.08315619,0.0508718,0.23110429999999996,0.06820419,0.04311182,0.2060853,0.07776336,0.02954121,0.2044084,0.08894579,0.02263762,0.2110022,0.10686040000000001,0.05138634,0.20412349999999999,0.14111179999999998,-0.007044226,0.21559029999999998,0.1402892,0.00907588,0.189951,0.2612317,-0.2173243,0.17850470000000002,0.1567097,-0.009200429,0.1974144,0.13752579999999998,-0.02591603,0.23005770000000003,0.2708236,-0.2089665,0.162183,0.25163979999999997,-0.2256821,0.19482639999999998
585,17:16:47.890 PM,0.1314826,0.04379575,0.16165739999999998,0.11645919999999998,0.06363378,0.1466035,0.10138,0.0747499,0.1397048,0.10840899999999999,0.07800291,0.187039,0.08330850000000001,0.06301333,0.1649433,0.091861,0.04431261,0.1634531,0.1034729,0.03692611,0.16825009999999999,0.09840351,0.07324488,0.2037855,0.07688572,0.05483688,0.1739778,0.09101898,0.03517585,0.1754174,0.10366639999999999,0.03011955,0.18386860000000002,0.09042458,0.06262244,0.2196283,0.07153282,0.04693995,0.1904805,0.08748485,0.02953573,0.1894813,0.10078889999999999,0.02502067,0.1970055,0.08207752,0.04956834,0.2313494,0.06824547,0.0421084,0.20560630000000002,0.07817977,0.028825299999999998,0.2038126,0.08931173,0.02199157,0.21056239999999998,0.10656680000000002,0.05148332,0.20514539999999998,0.1417855,-0.006540149,0.21569339999999998,0.14129879999999997,0.01036654,0.1906,0.26975720000000003,-0.2114761,0.17512149999999999,0.1579766,-0.007559383,0.1979418,0.1383916,-0.02601451,0.22938789999999998,0.27954959999999995,-0.2022485,0.1593985,0.2599647,-0.2207036,0.1908446
586,17:16:47.926 PM,0.13174560000000002,0.04328765,0.1623197,0.11729020000000001,0.06305347,0.14662809999999998,0.10256289999999998,0.07426749,0.1391519,0.1085777,0.07812165,0.18839229999999998,0.08401171,0.06291021,0.16585,0.09243751,0.04414789,0.16441170000000002,0.10388119999999999,0.03656314,0.16930250000000002,0.09831755,0.07331879,0.2049719,0.07721315,0.05507164,0.1747704,0.09109464,0.03522678,0.1761365,0.1035894,0.02987649,0.184634,0.09004993,0.06264253,0.22063020000000003,0.07155851,0.0471815,0.191108,0.08720221,0.0295058,0.19000279999999997,0.1003401,0.02491502,0.19776989999999997,0.08144908,0.04956804,0.23214410000000002,0.06806110000000001,0.04218353,0.2061448,0.07785847,0.02881379,0.2042443,0.08885142,0.02199645,0.21123440000000002,0.10629289999999998,0.05148409,0.2062745,0.1411094,-0.006765202,0.21672110000000003,0.14089129999999997,0.01020379,0.191873,0.2725745,-0.20889169999999999,0.17332020000000004,0.15745820000000002,-0.007193644,0.1990904,0.137907,-0.02654941,0.2300117,0.2823501,-0.1992138,0.1578596,0.2627988,-0.2185696,0.1887808
587,17:16:47.953 PM,0.13101780000000002,0.04317145,0.1626585,0.1166081,0.0629191,0.146902,0.1019056,0.07415269,0.13940629999999998,0.1082362,0.07832514,0.1894027,0.08365587,0.06310983,0.1668787,0.09208667,0.04435031,0.1654329,0.10352,0.03672622,0.1702867,0.09802206,0.07348503,0.2059998,0.07675694,0.05555679,0.17572020000000002,0.09012832,0.03537916,0.17728020000000003,0.1024152,0.02965836,0.185839,0.08976103,0.06276532,0.2216319,0.07116886,0.04759626,0.19202160000000001,0.08612584,0.02932434,0.1911441,0.09900551,0.02432604,0.1990895,0.0811338,0.04967405,0.233107,0.06763964,0.04245029,0.20711729999999998,0.07730673,0.02901728,0.20500770000000001,0.0882903,0.02215947,0.211973,0.1058722,0.05159579,0.207137,0.1404879,-0.006856963000000001,0.21704210000000002,0.1401578,0.01019639,0.19233499999999998,0.2731072,-0.2076848,0.17119189999999998,0.1567409,-0.007021328,0.1993186,0.1374969,-0.02677539,0.2301806,0.2827292,-0.1978078,0.15576089999999998,0.26348509999999997,-0.2175619,0.1866229
588,17:16:47.987 PM,0.1301885,0.043081,0.1634467,0.1157004,0.06271504,0.1476203,0.1009541,0.07385351,0.1400688,0.1074901,0.07830666,0.1909287,0.08307063,0.06306426,0.1682485,0.09168189,0.04439048,0.16675779999999998,0.10319249999999999,0.03691871,0.1716657,0.09728603,0.07327701,0.2074755,0.07622039,0.05577005,0.17681229999999998,0.08845460000000001,0.03496738,0.17923889999999998,0.10012230000000001,0.02883942,0.188363,0.08904862,0.06238224,0.2229987,0.07052692,0.04754539,0.1931767,0.08506036,0.02893014,0.1924146,0.09773706,0.02366914,0.2005152,0.08045074,0.04915692,0.23434120000000003,0.06694376,0.04220502,0.2082842,0.07658198,0.02879037,0.2059384,0.08757518,0.02196376,0.2129192,0.10518630000000001,0.05139552,0.208394,0.14000510000000002,-0.007019386,0.2176448,0.13956770000000002,0.01022519,0.1931807,0.27453790000000006,-0.2055861,0.1677036,0.156194,-0.006693098000000001,0.19986500000000001,0.1372695,-0.02720234,0.23043049999999998,0.2840001,-0.1953314,0.1524208,0.26507559999999997,-0.21584070000000002,0.1829864
589,17:16:48.020 PM,0.1281769,0.04148789,0.16411789999999998,0.1132162,0.06083603,0.1483797,0.09792988,0.0715789,0.1413485,0.1061052,0.07699327,0.1910872,0.08104529,0.06149296,0.1692991,0.08978365,0.04286225,0.1680253,0.10146439999999998,0.03559066,0.1728306,0.09630214,0.07227452,0.2079643,0.07420868,0.05414842,0.1784056,0.08806819,0.0342804,0.1796299,0.1007367,0.02880909,0.1877841,0.08846883,0.06167831,0.22389740000000002,0.06896225,0.04630224,0.19499160000000001,0.08448566,0.02855997,0.193374,0.09784961,0.02391239,0.2007091,0.08019101,0.04866187,0.23570929999999998,0.06585993,0.04127805,0.21021839999999997,0.07589577,0.02821673,0.2075679,0.08738189,0.02180807,0.2141376,0.1043212,0.05045001,0.20916469999999998,0.13961800000000002,-0.007590413000000001,0.2186806,0.1385366,0.009106949,0.19404620000000003,0.27371490000000004,-0.2056482,0.1656446,0.1552561,-0.007263627,0.2004145,0.1373897,-0.02772298,0.2316431,0.28264809999999996,-0.19541860000000003,0.15003029999999998,0.2647817,-0.2158779,0.181259
590,17:16:48.050 PM,0.1264796,0.04004799,0.1650895,0.1113152,0.05932747,0.14946199999999998,0.09547385,0.06966843,0.1430852,0.104871,0.07551946,0.1912172,0.07938703,0.0599158,0.17000099999999999,0.08818941,0.04130526,0.1688814,0.09996173,0.03414027,0.173623,0.09529391,0.07104231,0.2082891,0.07267815,0.05263783,0.1793014,0.08680324,0.03296690000000001,0.1806864,0.09963602,0.02759843,0.18865220000000002,0.08769991,0.06068079,0.22449070000000002,0.06761726,0.04506399,0.1961121,0.08326443,0.02741788,0.1946405,0.09675638,0.02282284,0.2017723,0.07962158,0.04782905,0.23661759999999998,0.06476444,0.04013668,0.2115212,0.07509422,0.02734528,0.20868760000000003,0.08690343,0.02121334,0.21494259999999998,0.10341960000000001,0.04927333,0.2097533,0.13891420000000002,-0.008551314,0.21967820000000002,0.1376241,0.007823288000000001,0.194905,0.26890359999999996,-0.2089701,0.16529649999999999,0.1542221,-0.008564538,0.20113150000000002,0.1366052,-0.02857997,0.2327867,0.27771209999999996,-0.1989624,0.1494689,0.2600952,-0.21897779999999997,0.1811241
591,17:16:48.080 PM,0.12756510000000001,0.04128118,0.1655865,0.11239089999999999,0.06071512,0.1501612,0.09666252,0.07108335,0.1435539,0.1047519,0.07585038,0.1919825,0.08018792,0.06039314,0.1696072,0.08920772,0.041899900000000004,0.1682939,0.1009303,0.03481223,0.1732691,0.09471533,0.07083701,0.2086357,0.07328676,0.05282234,0.1785245,0.08760319999999999,0.03328811,0.1798774,0.1002508,0.02805035,0.1882171,0.08674785,0.05998342,0.22432710000000003,0.06778669,0.04481377,0.19495320000000002,0.08371892,0.02741514,0.1936016,0.09702743,0.02287544,0.2011034,0.07844403,0.04674242,0.235868,0.06458967,0.03945585,0.21008720000000003,0.07499446,0.02668305,0.20745189999999997,0.08654194,0.02037682,0.2140145,0.10301869999999999,0.04911621,0.2097816,0.1386393,-0.008719474,0.2193735,0.1380795,0.008398175,0.19490729999999998,0.2686664,-0.2094688,0.1663213,0.1545737,-0.008588241,0.20136279999999998,0.1357076,-0.02892564,0.232079,0.2780994,-0.1993001,0.15096320000000002,0.2592333,-0.2196375,0.1816794
592,17:16:48.109 PM,0.1282197,0.04170398,0.165331,0.11328540000000001,0.06119187,0.1497405,0.09780836,0.07175322,0.1428513,0.1052427,0.07651518,0.19182639999999998,0.08096974,0.06086908,0.1692641,0.08969107,0.04223706,0.1678963,0.1012578,0.03489472,0.1728671,0.09505926,0.07155333,0.2084064,0.07399627,0.0533291,0.17816220000000002,0.08812678,0.03366117,0.1795344,0.10068239999999999,0.02843706,0.1880208,0.08690904,0.06073757,0.2240305,0.06830136,0.04544903,0.1944914,0.08409747,0.027922500000000003,0.19319289999999997,0.09731261,0.02338134,0.2008575,0.0784329,0.04754217,0.23549879999999998,0.06497881,0.04026322,0.20950389999999997,0.07480786,0.02694829,0.2073942,0.08586108,0.02031206,0.21446300000000001,0.1031978,0.04977147,0.20957870000000003,0.1384381,-0.008270457,0.2193879,0.13806229999999997,0.008819818,0.19488339999999998,0.2701507,-0.20842489999999997,0.1682797,0.1545407,-0.008107469,0.2015277,0.1355068,-0.02844889,0.23213739999999997,0.2796677,-0.19825420000000002,0.1529748,0.2606337,-0.2185956,0.1835846
593,17:16:48.140 PM,0.1294937,0.0426928,0.1653034,0.11476969999999999,0.0622678,0.1496224,0.09947282,0.07298361,0.14257129999999998,0.10629200000000001,0.07764824,0.1920157,0.08214568,0.06200312,0.16931729999999998,0.09059845,0.04325764,0.1678209,0.1020046,0.0355932,0.17267449999999998,0.0960169,0.07269917,0.2085429,0.07525119,0.05432875,0.1781819,0.08915211,0.03450967,0.1797012,0.1015783,0.02923129,0.18834220000000002,0.08774349,0.06188692,0.2241045,0.06952909,0.046572699999999995,0.1943346,0.08458664,0.02837123,0.193794,0.09737112,0.0235386,0.2019909,0.07914546,0.04870917,0.23550210000000002,0.06591497,0.04136302,0.20941149999999997,0.07572252,0.02802058,0.2073762,0.08670013,0.02148508,0.2146536,0.1040201,0.05086546,0.20968119999999998,0.13895629999999998,-0.007368952,0.2195139,0.138693,0.009748191,0.19499520000000004,0.2716987,-0.20721479999999998,0.1698845,0.1551796,-0.007201895,0.20176329999999998,0.13600720000000002,-0.02752059,0.2323016,0.2812849,-0.1970555,0.15461529999999998,0.26211239999999997,-0.2173741,0.1851536
594,17:16:48.170 PM,0.1320454,0.04322289,0.1671301,0.1175423,0.06291588,0.151391,0.102158,0.07357372,0.14444300000000002,0.1091999,0.07888032,0.19337970000000002,0.08503272,0.06432728,0.1699878,0.0926178,0.04523124,0.1682886,0.1035048,0.03682761,0.17311079999999998,0.09834348,0.07418989,0.20960789999999999,0.07834326,0.056179,0.1785261,0.09045403,0.03540866,0.18172929999999998,0.1017942,0.02958275,0.1914452,0.08935323,0.06358506,0.2249125,0.07195969,0.04854171,0.1945201,0.08569258,0.02933441,0.1954392,0.09757863,0.0240166,0.2046284,0.08008812,0.05063094,0.2360404,0.06759508,0.04339458,0.2095585,0.07719542,0.02984662,0.20793470000000003,0.08777308,0.02326821,0.2157462,0.10571169999999999,0.05214323,0.21091550000000003,0.13895629999999998,-0.006914631,0.22153270000000003,0.1396358,0.01011278,0.1970915,0.27275429999999995,-0.20658539999999997,0.17408020000000002,0.15563870000000002,-0.006650263000000001,0.204214,0.13565370000000002,-0.02714607,0.2341061,0.28274679999999996,-0.1963375,0.1591341,0.26276170000000004,-0.2168333,0.18902629999999998
595,17:16:48.201 PM,0.135663,0.04209761,0.1722984,0.12257570000000001,0.06281881,0.15664579999999997,0.1083701,0.07479857,0.1493672,0.1142556,0.07955126,0.1989433,0.08920804,0.06843846,0.1746292,0.09399039,0.04843511,0.1734414,0.10331610000000001,0.0386266,0.1788205,0.1027992,0.07564043,0.2149636,0.08160666,0.06040619,0.1832063,0.09097475,0.03827097,0.18640839999999997,0.1012676,0.03105114,0.1963455,0.09273228,0.06569012,0.2300347,0.07436518,0.05288325,0.1992029,0.08612126,0.03240557,0.1999496,0.09730314,0.02584346,0.20921220000000004,0.08226456,0.05345406,0.2409044,0.06940699,0.04787199,0.21420300000000003,0.07776581,0.03354861,0.2124174,0.08762928,0.02595632,0.22023800000000002,0.1083144,0.05305625,0.2161815,0.1370109,-0.008300825999999999,0.2267776,0.1388907,0.008498564,0.202487,0.2683103,-0.2098208,0.1801805,0.1539654,-0.008202826,0.2097235,0.13318629999999998,-0.02855082,0.2391719,0.2786999,-0.19964679999999999,0.1654563,0.25792070000000006,-0.2199948,0.1949048
596,17:16:48.230 PM,0.13845339999999998,0.04155214,0.18067120000000003,0.130157,0.06458955,0.1649823,0.11896980000000001,0.07924403,0.1573315,0.1185123,0.08046110000000001,0.20919859999999998,0.09100427,0.07793678,0.185131,0.09031281,0.05754600000000001,0.18220379999999997,0.09709614,0.04545362,0.18668610000000002,0.1073506,0.07730927,0.2255906,0.08212431,0.06970586,0.19403620000000002,0.08727246,0.04600717,0.19382570000000002,0.09646953,0.03563501,0.2018681,0.09690382,0.06803511,0.24083429999999997,0.07439665,0.06209035,0.21066620000000003,0.08236899,0.03998362,0.2082295,0.09278677,0.03035076,0.2154811,0.08565518,0.05664574,0.2518446,0.06993202,0.05634205,0.22611289999999998,0.07556174,0.04113947,0.2221823,0.08451468,0.03104843,0.2280232,0.11052939999999999,0.05425046,0.2260444,0.13361610000000002,-0.009807244,0.2343105,0.13574070000000002,0.007172599,0.2100319,0.2554475,-0.21690170000000003,0.18644979999999997,0.15006150000000001,-0.01057291,0.2167813,0.1293539,-0.02975103,0.2470536,0.2658013,-0.2073126,0.1713136,0.2450937,-0.2264908,0.20158589999999998
597,17:16:48.260 PM,0.14123039999999998,0.04312377,0.19751329999999997,0.1365632,0.0676982,0.1826661,0.1267561,0.08358242,0.1755855,0.1219911,0.08166088,0.22673289999999996,0.09926914,0.1001785,0.20435599999999998,0.08621000000000001,0.09074666,0.1908923,0.08265478,0.07693081,0.186879,0.10977239999999999,0.07848643,0.24234899999999998,0.0844693,0.08824547,0.2112673,0.08047747,0.06678112,0.2002651,0.08432017,0.05109812,0.2012267,0.09789569,0.06922106,0.2565144,0.07401748,0.07794078,0.2279681,0.07442293,0.05708961,0.21657220000000002,0.0810969,0.04253925,0.2176034,0.08529789,0.05812763,0.2663001,0.06822119,0.06784131,0.2433265,0.07032902,0.05451973,0.23338579999999998,0.07745943,0.04159795,0.23363920000000002,0.1112889,0.05526163,0.241675,0.1294914,-0.01062351,0.2475842,0.1339412,0.007354498,0.22433820000000002,0.2436112,-0.22173679999999998,0.19826970000000002,0.1468684,-0.01156902,0.23098739999999998,0.1235264,-0.03078933,0.2592496,0.2552822,-0.2121266,0.18413859999999999,0.2319402,-0.2313469,0.21240079999999997
598,17:16:48.291 PM,0.15460739999999998,0.05553849,0.2274185,0.15474520000000003,0.08272637,0.2171002,0.1456917,0.09939136,0.21086880000000002,0.12303489999999999,0.08746661,0.2583801,0.1136892,0.1221357,0.2511539,0.10534360000000001,0.13610350000000002,0.23852559999999998,0.0992082,0.1356509,0.2253371,0.1068512,0.0808758,0.26826540000000004,0.09185317,0.11600330000000002,0.2531324,0.08314899,0.12493339999999999,0.232398,0.08074760000000002,0.11890389999999999,0.21778289999999997,0.09178995,0.06871019,0.2755111,0.07346241,0.09891941,0.26129589999999997,0.06606214,0.1040077,0.2395034,0.06667252,0.09658571,0.22544970000000003,0.07748307,0.05582298,0.2780727,0.06052992,0.07892562,0.2687202,0.05748503,0.08261158,0.2527766,0.06166717,0.07643865,0.2401348,0.10985439999999999,0.05846037,0.26274580000000003,0.1286565,-0.007600784,0.2591382,0.1394641,0.01568763,0.2426973,0.2505516,-0.21497129999999998,0.21265140000000002,0.1505196,-0.006980526999999999,0.2491417,0.11898289999999999,-0.02895809,0.26448590000000005,0.2663199,-0.2039825,0.20497929999999998,0.23478320000000003,-0.22596,0.2203235
599,17:16:48.324 PM,0.167762,0.05332212,0.26247719999999997,0.1712056,0.08191763,0.25849310000000003,0.1633307,0.09977408,0.2543054,0.1306942,0.07901417,0.2957782,0.1274443,0.11261700000000001,0.3098532,0.1238349,0.132878,0.3100255,0.1201175,0.1438654,0.3012558,0.11273430000000001,0.07130854,0.3003813,0.10121419999999999,0.10860360000000001,0.3129531,0.09408953,0.13161099999999998,0.3108391,0.09078717,0.1422192,0.2993917,0.09631071,0.05878691,0.3012787,0.07989009,0.09130611,0.3121337,0.07039296,0.11248219999999999,0.3080974,0.06769017,0.12122619999999999,0.295139,0.08155987,0.04666789,0.2976968,0.06167616,0.06727676,0.3069119,0.05205123,0.08064522,0.304841,0.04922389,0.0899419,0.2939347,0.1164038,0.05079432,0.2900209,0.1344265,-0.013821600000000002,0.27462570000000003,0.1487135,0.01237287,0.2657907,0.2609032,-0.2190427,0.23093160000000001,0.15806579999999998,-0.01295467,0.27029640000000005,0.1234349,-0.03521064,0.2745856,0.2782186,-0.20791469999999998,0.228787,0.24358779999999997,-0.23017070000000003,0.2330762
600,17:16:48.354 PM,0.1755785,0.05227067,0.28603759999999995,0.181312,0.08072303,0.28813979999999995,0.1734622,0.09908415,0.28785770000000005,0.1393688,0.07168062,0.326488,0.1402213,0.09639071,0.3535993,0.1384268,0.1156815,0.3606855,0.13544679999999998,0.12902080000000002,0.355615,0.1210284,0.06408577,0.3295261,0.11288789999999999,0.0908282,0.3597671,0.10703130000000001,0.1127174,0.3684918,0.10372619999999999,0.1272796,0.3626333,0.1039066,0.05261828,0.3277825,0.09075241,0.0758086,0.3551061,0.08211766,0.09675194,0.3619425,0.07853933,0.1105758,0.3548099,0.08843832,0.04251985,0.32174440000000004,0.06965379,0.05468677,0.3420218,0.05925828,0.06648214,0.34766020000000003,0.05389983,0.07938902,0.3430415,0.12339760000000001,0.04645143,0.31449429999999995,0.1374809,-0.0142718,0.2852345,0.15318679999999998,0.01318482,0.2810875,0.2524755,-0.22472260000000002,0.2350676,0.16131679999999998,-0.01475764,0.28208520000000004,0.1251445,-0.03483103,0.2833671,0.2705616,-0.21468589999999999,0.2344266,0.2343893,-0.23475929999999998,0.23570860000000002
601,17:16:48.385 PM,0.1832965,0.03492562,0.3144335,0.19337100000000002,0.0609677,0.32252790000000003,0.1881531,0.07983328,0.3264037,0.1485714,0.05019982,0.3584579,0.15265150000000002,0.06745936,0.39052020000000004,0.15328889999999998,0.08501215,0.4013099,0.1522672,0.09952287,0.4006057,0.1294539,0.04430895,0.3601913,0.124964,0.06202449,0.39701020000000004,0.12196359999999999,0.08145265,0.4112081,0.12034189999999999,0.0973819,0.4114491,0.1111256,0.03551699,0.3564242,0.1012819,0.051616300000000004,0.3895296,0.09545113,0.07134123,0.4011522,0.09317706,0.08701117,0.3994313,0.0946263,0.02875878,0.3487138,0.07759503,0.03619365,0.3724671,0.06877293,0.04788904,0.380447,0.06450719,0.06193249,0.37967049999999997,0.129847,0.03005923,0.34179240000000005,0.1375229,-0.02505238,0.30161659999999996,0.1557642,0.001314536,0.3016752,0.23766379999999998,-0.2393578,0.23787629999999998,0.1613576,-0.0272194,0.2992671,0.12370230000000002,-0.04431591,0.29759220000000003,0.2564915,-0.2308096,0.2387138,0.21883609999999998,-0.24790610000000002,0.23703890000000002
602,17:16:48.418 PM,0.1859432,0.01500018,0.34467329999999996,0.1983341,0.03786592,0.3577508,0.1958147,0.05582683,0.3661618,0.15505479999999996,0.02357112,0.39175290000000007,0.1618776,0.03621824,0.4254821,0.1642938,0.05170865,0.43889520000000004,0.1646041,0.06591044,0.44225870000000006,0.1356697,0.01862104,0.39347259999999995,0.1347283,0.03127603,0.4325977,0.134158,0.04846339,0.44972280000000003,0.13385550000000002,0.06384473,0.4543017,0.11659769999999998,0.01186839,0.3891888,0.1098746,0.0251091,0.424296,0.1065893,0.04452379,0.43736800000000003,0.1055692,0.06040694,0.4383146,0.09930159,0.007776335,0.3813229,0.0847197,0.01374865,0.4070508,0.07837901,0.02629296,0.4160608,0.07592984,0.0407341,0.41745390000000004,0.13415470000000002,0.008275135999999999,0.3726452,0.1359784,-0.03839578,0.3224553,0.1559886,-0.01353027,0.32615809999999995,0.22292620000000002,-0.25083479999999997,0.2365538,0.1595947,-0.04153809,0.3191697,0.1210569,-0.05649737,0.3171507,0.24219520000000003,-0.24335520000000002,0.23756329999999998,0.20365729999999999,-0.2583144,0.23554429999999998
603,17:16:48.447 PM,0.1868719,0.002501294,0.36413720000000005,0.2000158,0.02266912,0.3804563,0.1993682,0.03867541,0.39236679999999996,0.1595116,0.004219443,0.41268,0.1674635,0.013953299999999998,0.4471045,0.1704106,0.02615546,0.46345820000000004,0.1710339,0.03858425,0.47103779999999995,0.1404258,-0.001545787,0.41506940000000003,0.1413428,0.009147674,0.4547593,0.141269,0.02404211,0.47390379999999993,0.14083370000000003,0.03791063,0.4819276,0.12122169999999999,-0.008189991,0.4112519,0.116308,0.004633516,0.4468039000000001,0.11341230000000001,0.02300136,0.4613847,0.1119295,0.03836785,0.4653377,0.10345539999999999,-0.0116183,0.40417420000000004,0.09206438,-0.005893618000000001,0.43150879999999997,0.08732424,0.006265,0.44190280000000004,0.08510162,0.02022247,0.4459501,0.13750489999999999,-0.008719862,0.3931142,0.1367126,-0.04832141,0.3373696,0.1560885,-0.02265301,0.34243070000000003,0.2209268,-0.2511472,0.22878739999999997,0.1600932,-0.05067362,0.33225879999999997,0.12175350000000001,-0.06625178,0.33162220000000003,0.2400966,-0.24335820000000002,0.22910570000000002,0.2017569,-0.2589363,0.22846910000000004
604,17:16:48.480 PM,0.1882863,-0.009077668,0.3865485,0.2017344,0.009257793,0.4046803,0.2024529,0.02396636,0.4181577,0.161411,-0.009894088,0.43433590000000005,0.1688232,-0.0008038282000000001,0.4690553,0.1717723,0.00950326,0.48666509999999996,0.172539,0.02063541,0.49603859999999994,0.1423834,-0.01593545,0.43649670000000007,0.14250220000000002,-0.0048813070000000005,0.47609809999999997,0.1419781,0.008662551999999999,0.4962138,0.1412371,0.02169354,0.5055192,0.12318499999999999,-0.02243173,0.4324064,0.1172068,-0.008423448,0.46734220000000004,0.11365019999999999,0.009309113,0.4825503,0.1117529,0.02439509,0.48732749999999997,0.10537460000000001,-0.025488,0.42527,0.09427477,-0.01876481,0.45249700000000004,0.08951066,-0.007399172,0.46374269999999995,0.0869546,0.005927801,0.46940200000000004,0.1393016,-0.02161671,0.4141304,0.1381817,-0.05725281,0.3557369,0.15749660000000001,-0.03194152,0.3624513,0.22146350000000004,-0.24980070000000001,0.2292277,0.1614975,-0.05907352,0.35013629999999996,0.1231942,-0.07468688,0.3486867,0.24061509999999997,-0.24199400000000001,0.2299525,0.20231179999999999,-0.2576073,0.2285029
605,17:16:48.510 PM,0.18811470000000002,-0.02150761,0.404089,0.201047,-0.0040392579999999996,0.4234156,0.2013235,0.009982526,0.43762390000000007,0.1616079,-0.02545224,0.45149459999999997,0.16890550000000001,-0.01765096,0.486551,0.1718988,-0.008095503,0.5045739,0.1726633,0.002915695,0.5140911,0.1424609,-0.03125536,0.45320790000000005,0.1422119,-0.02150519,0.4931505,0.1416419,-0.009036243000000001,0.5139498,0.1409395,0.004038051,0.5231977,0.1231672,-0.03713185,0.44865299999999997,0.1164895,-0.02368306,0.48368320000000004,0.11276889999999999,-0.006502032,0.4994751,0.11108210000000002,0.008756265,0.5037587,0.1053407,-0.0394171,0.4412713,0.09385476,-0.03266713,0.4683314,0.08897505,-0.02190585,0.48011049999999994,0.08666306,-0.008626074000000001,0.4859831,0.1393912,-0.03551711,0.43052529999999994,0.1379234,-0.06733935,0.36995,0.15766159999999999,-0.04304232,0.37838879999999997,0.2187689,-0.2508266,0.22915349999999998,0.16123320000000002,-0.06909216,0.3643026,0.1226981,-0.08393525,0.3615178,0.2380364,-0.243405,0.230546,0.1995014,-0.2582482,0.2277611
606,17:16:48.542 PM,0.1876105,-0.02895637,0.4147456,0.1997631,-0.01233229,0.4352838,0.1998127,0.0008835047,0.4502464,0.1614066,-0.03669642,0.4612587,0.16858810000000002,-0.03069806,0.4966911,0.17157020000000003,-0.02224828,0.5152593,0.1723444,-0.01181829,0.5254087,0.1422476,-0.04259931,0.4624003,0.141559,-0.0351603,0.502831,0.1407865,-0.02447546,0.5245933,0.1399921,-0.01230238,0.5349913000000001,0.12300839999999999,-0.04818107,0.45728050000000003,0.11583030000000001,-0.03682309,0.4929455,0.1117968,-0.02123101,0.5102367,0.10992819999999999,-0.006491333,0.5160024000000001,0.1052632,-0.05000073,0.44958109999999996,0.09317549,-0.04397245,0.4765491,0.08794158,-0.03396767,0.4888316,0.08542418,-0.02105767,0.4954023,0.1394221,-0.04542598,0.4394639,0.1384735,-0.07348998,0.3770217,0.1582501,-0.04965237,0.3871558,0.21721959999999998,-0.249266,0.22562,0.1617675,-0.07519532,0.37129509999999993,0.12305410000000001,-0.08936224,0.367608,0.2365763,-0.2421825,0.2274635,0.19786289999999998,-0.2563494,0.22377640000000001
607,17:16:48.574 PM,0.18814479999999997,-0.03071974,0.41670100000000004,0.19973339999999998,-0.01361667,0.43717170000000005,0.1996596,-0.00014100969999999999,0.45190050000000004,0.1615991,-0.03852017,0.4628670999999999,0.1687121,-0.03347972,0.4984625,0.1717972,-0.02582698,0.517357,0.1727254,-0.01582059,0.5279124,0.14241020000000001,-0.04436922,0.463758,0.1407577,-0.036587699999999994,0.5040958999999999,0.1394535,-0.02559109,0.5256754,0.1383988,-0.01324064,0.5358353,0.12324280000000001,-0.04995941,0.45838409999999996,0.1153452,-0.03918321,0.4940778,0.11086320000000001,-0.02436392,0.5119294,0.10872169999999999,-0.009975255,0.5184398,0.10561969999999998,-0.05181669999999999,0.4504179,0.09261517,-0.04591829,0.4769852,0.086766,-0.03636475,0.4893491,0.08376835,-0.02368037,0.4961534000000001,0.13994790000000001,-0.04741827,0.44080820000000004,0.1398078,-0.07575814,0.37839629999999996,0.15960610000000003,-0.05220756,0.3888554,0.2182448,-0.24652729999999998,0.2212109,0.16311729999999997,-0.07739448,0.37271309999999996,0.12434200000000001,-0.09119872,0.3683611,0.2376324,-0.2396251,0.22338690000000003,0.1988571,-0.25342939999999997,0.2190349
608,17:16:48.607 PM,0.18854520000000002,-0.02873026,0.4161384,0.19990729999999998,-0.01103814,0.4362326,0.1996663,0.0027766379999999997,0.4506425,0.1621365,-0.03588732,0.46257790000000004,0.1692585,-0.03068145,0.49814780000000003,0.172207,-0.02236097,0.5167813,0.1729042,-0.01170067,0.5266976999999999,0.1429711,-0.0417895,0.46361359999999996,0.1410388,-0.03248817,0.503617,0.139491,-0.01959415,0.5241069,0.13828429999999997,-0.005910248000000001,0.5323759,0.12381610000000001,-0.04755363,0.45838059999999997,0.1158567,-0.03674282,0.49405010000000005,0.11131700000000001,-0.0214473,0.5114813,0.1092005,-0.006713495,0.5171812,0.1061873,-0.04962984,0.45048119999999997,0.09320148,-0.04354396,0.4770155,0.08742918,-0.03354527,0.4890603,0.08473902,-0.02034961,0.49496670000000004,0.14048329999999998,-0.04528987,0.44073090000000004,0.1403112,-0.07464473,0.378751,0.1600759,-0.05100739,0.3888466,0.2187541,-0.2439433,0.2199846,0.1635956,-0.07611607,0.37292159999999996,0.1248711,-0.09010325,0.3687038,0.2381163,-0.23694980000000002,0.2220935,0.19939179999999998,-0.2509369,0.2178757
609,17:16:48.644 PM,0.18946729999999998,-0.02172709,0.4090428,0.20071989999999998,-0.00296329,0.4282039000000001,0.2002945,0.01139417,0.44206809999999996,0.16398139999999997,-0.02789123,0.4562946,0.17137420000000003,-0.02025339,0.4913652,0.1740406,-0.009898915999999999,0.5089924,0.1742338,0.001918703,0.5175185999999999,0.1450146,-0.03428723,0.4578952,0.1437601,-0.02358222,0.49757219999999996,0.1423295,-0.009791076,0.5174751,0.14094790000000001,0.004257739,0.5250696,0.125947,-0.04077947,0.4532273,0.11865419999999999,-0.0294901,0.48889079999999996,0.1141664,-0.01383787,0.5060153000000001,0.1118397,0.001077712,0.511126,0.1082529,-0.04364462,0.44573149999999995,0.09589082,-0.03720248,0.4724784000000001,0.09024446,-0.0268748,0.48430259999999997,0.08753158,-0.01340327,0.4895313,0.1422379,-0.0387093,0.43520649999999994,0.14173470000000002,-0.07034886,0.37433879999999997,0.1610973,-0.04580924,0.383222,0.21941100000000002,-0.2439165,0.21986689999999998,0.1648895,-0.07160735,0.36796809999999996,0.1263476,-0.08644713,0.36526220000000004,0.2386819,-0.2364966,0.2212199,0.20014,-0.2513364,0.2185139
610,17:16:48.683 PM,0.18858540000000001,-0.01616892,0.40059670000000003,0.1999016,0.003672093,0.4186013,0.1998705,0.01873229,0.4317063,0.1634961,-0.02019276,0.44818050000000004,0.1705806,-0.009976894,0.48265519999999995,0.17295410000000003,0.0015940070000000001,0.4995541,0.1729599,0.01376711,0.5075681,0.1446439,-0.02679801,0.45022609999999996,0.14351429999999998,-0.01387161,0.48924059999999997,0.142059,0.0006833524000000001,0.5085904,0.1405773,0.01468526,0.5162524000000001,0.125665,-0.03384185,0.446018,0.1188031,-0.02129073,0.48134399999999994,0.11436279999999999,-0.005637288000000001,0.4984799,0.11178679999999999,0.009020716,0.5041827999999999,0.1079874,-0.03739591,0.4387821,0.09573731,-0.03019319,0.46538640000000003,0.08985624,-0.01998286,0.4771982,0.08652266,-0.006822526,0.4828448,0.14184029999999997,-0.03249164,0.42782539999999997,0.1415332,-0.06741548,0.3687606,0.16058470000000002,-0.04210235,0.37620329999999996,0.2200098,-0.24776420000000002,0.2226824,0.16464589999999998,-0.06872494,0.3622493,0.1262681,-0.08414089,0.3606641,0.23919870000000001,-0.2400562,0.223475,0.2008209,-0.25547220000000004,0.2218899
611,17:16:48.724 PM,0.1865557,-0.01218419,0.39536020000000005,0.1977919,0.008411154,0.41254880000000005,0.1981557,0.02397622,0.4250441,0.1612924,-0.01526253,0.4429688,0.1680287,-0.003601804,0.4770521,0.17015160000000001,0.008741543000000001,0.49342929999999996,0.169969,0.02127676,0.5008615,0.1424786,-0.02196577,0.44504849999999996,0.1409615,-0.008294612,0.4837948,0.1392654,0.006484225,0.5029543,0.137629,0.02051489,0.5105313,0.12360539999999999,-0.02931717,0.440892,0.1164964,-0.01662722,0.4761194,0.1118268,-0.001279116,0.4934691,0.1090231,0.01318121,0.4995557,0.1060337,-0.03327027,0.43360550000000003,0.09294739,-0.02612363,0.4598238,0.08643139999999999,-0.01626067,0.4715973,0.08239284,-0.003427356,0.4775284000000001,0.1399521,-0.02842891,0.42282470000000005,0.1404501,-0.06524748,0.3648969,0.1593021,-0.03958742,0.3717408,0.2198049,-0.24925879999999997,0.2239551,0.16358920000000002,-0.06668368,0.35850679999999996,0.1252466,-0.08221239999999999,0.3571928,0.23897620000000003,-0.24149450000000003,0.2246121,0.2006336,-0.2570232,0.22329810000000003
612,17:16:48.761 PM,0.1854828,-0.009939298000000001,0.3914295,0.1970806,0.01102923,0.40791259999999996,0.19826029999999997,0.02689795,0.4199685,0.16021729999999998,-0.01182134,0.4390597,0.16675410000000002,0.00129205,0.4726508,0.1687554,0.01420426,0.4885994000000001,0.16852779999999998,0.02687927,0.4957898,0.14145120000000003,-0.01860034,0.4413172,0.1397156,-0.003880128,0.4796682,0.1378674,0.01121975,0.4985615,0.136124,0.02519737,0.5062129,0.1226373,-0.02620937,0.4373598,0.1155086,-0.01313055,0.4724407,0.1107506,0.001919925,0.49002559999999995,0.10775950000000001,0.01604129,0.49678240000000007,0.10510330000000001,-0.03050321,0.4301759,0.09162062,-0.02317986,0.4561436,0.0847265,-0.01359366,0.46793029999999997,0.08013605,-0.00112389,0.47422479999999995,0.138997,-0.02572691,0.4192888,0.13979779999999997,-0.06413279,0.362383,0.1584853,-0.03822574,0.36856880000000003,0.2200879,-0.24989770000000003,0.22429949999999999,0.1629315,-0.06551675,0.3559622,0.1246931,-0.08132532,0.3549954,0.23920709999999998,-0.24199339999999997,0.22478289999999998,0.2009687,-0.257802,0.22381610000000002
613,17:16:48.796 PM,0.18505239999999998,-0.007915169,0.38915520000000003,0.196964,0.013093700000000002,0.4053607,0.1987165,0.02900414,0.41729099999999997,0.1598993,-0.009470716,0.43682529999999997,0.1663238,0.004226461,0.4702041,0.168225,0.01734774,0.4859935,0.1679134,0.03006805,0.49310010000000004,0.14119179999999998,-0.01637001,0.4392017,0.139496,-0.0015971660000000001,0.477534,0.13762839999999998,0.01337868,0.4965239000000001,0.1358274,0.02723633,0.5043773,0.1224241,-0.02415615,0.43537109999999996,0.1154048,-0.0111548,0.4705028,0.11063699999999999,0.003730863,0.4882247,0.1075618,0.01772924,0.495196,0.10490160000000001,-0.02864695,0.42828009999999994,0.09129992,-0.02141692,0.45421190000000006,0.0842596,-0.01193942,0.46600010000000003,0.07945729,0.00041528050000000003,0.47236279999999997,0.1387255,-0.02371472,0.4172464,0.13959520000000003,-0.06263036,0.3606796,0.1581556,-0.03652675,0.36658240000000003,0.2196702,-0.24953150000000002,0.2240119,0.16269560000000002,-0.06400747,0.35413859999999997,0.12450230000000001,-0.07994335,0.353554,0.23876679999999997,-0.2415636,0.22430419999999998,0.2005735,-0.2574995,0.2237196
614,17:16:48.828 PM,0.18409679999999998,-0.005936711999999999,0.3875183,0.1958149,0.01531608,0.40354559999999995,0.19759200000000002,0.03131311,0.41535559999999994,0.1592979,-0.007952705,0.4353058,0.16548020000000002,0.005931973,0.46865280000000004,0.1671777,0.01914985,0.4843847,0.1666878,0.03190084,0.49142600000000003,0.140658,-0.0150201,0.43771909999999997,0.1389096,-0.0003183782,0.4760765,0.13694189999999998,0.01464677,0.49506469999999997,0.1350313,0.02848716,0.5029226,0.12195819999999999,-0.02298632,0.4339272,0.1149096,-0.009959996,0.4690438,0.1100518,0.005071282,0.4866177,0.1068843,0.01913844,0.49340649999999997,0.10446889999999999,-0.02765192,0.4268673,0.09067857,-0.02044895,0.4527068,0.08350352,-0.0109024,0.4643572,0.07858213,0.001497373,0.4705384,0.1382316,-0.022427900000000004,0.4157807,0.13929260000000002,-0.06150585,0.35931490000000005,0.1577144,-0.03515366,0.36511509999999997,0.21854200000000001,-0.24954120000000002,0.2237263,0.16235339999999998,-0.0629391,0.3526473,0.1241568,-0.07887615,0.3524236,0.23764029999999997,-0.24157270000000003,0.22383820000000001,0.1994437,-0.2575098,0.2236145
615,17:16:48.862 PM,0.18043779999999998,-0.002059311,0.3861712,0.18983599999999998,0.02053748,0.4018796,0.1897027,0.03694566,0.4132483,0.157635,-0.0063655380000000004,0.4342501,0.1632924,0.007080615,0.46786880000000003,0.1644989,0.02023207,0.4837013,0.1635325,0.03300478,0.4906532,0.13916900000000001,-0.01387335,0.43666930000000004,0.1371785,0.00041450559999999995,0.475171,0.1348571,0.015467600000000001,0.4940494000000001,0.13259479999999998,0.02946277,0.5015305,0.1206671,-0.02229196,0.432885,0.11334860000000001,-0.008899704,0.4678081,0.10814739999999999,0.006977439,0.4845178,0.1047492,0.02149035,0.4901584,0.1032974,-0.02738756,0.4258272,0.08912255,-0.01987897,0.4513697,0.08176066,-0.009726375,0.4623724,0.07683998,0.003132761,0.46752910000000003,0.13692929999999998,-0.0213753,0.41474300000000003,0.138759,-0.0606067,0.35837040000000003,0.1567309,-0.03371857,0.3641065,0.2180189,-0.2492279,0.22360429999999998,0.1617648,-0.06193801,0.35149509999999995,0.12367910000000001,-0.07813752,0.351769,0.2370618,-0.24112820000000001,0.2234674,0.1989761,-0.2573277,0.22374120000000003
616,17:16:48.907 PM,0.1716634,0.00127928,0.3832045,0.17665179999999997,0.02587543,0.3979021,0.1740375,0.0428061,0.4081519,0.1538865,-0.005779579,0.4315969,0.1593559,0.007491141999999999,0.4653164000000001,0.1604445,0.02040763,0.48134970000000005,0.1594536,0.03291349,0.48876800000000004,0.13554739999999998,-0.01357083,0.4340847,0.1334059,0.001408681,0.4723145,0.13085039999999998,0.01702769,0.49069650000000004,0.1283985,0.031146899999999998,0.4978791,0.1172191,-0.02239886,0.43038869999999996,0.1095847,-0.006731406,0.4642825,0.10413800000000001,0.01100408,0.4789169,0.1006539,0.02603386,0.4829139,0.09997893,-0.02795087,0.4233575,0.08525260000000001,-0.01850425,0.4479263,0.07787809,-0.0068605540000000005,0.45732799999999996,0.07318904,0.006650031,0.46074269999999995,0.13355079999999997,-0.02155484,0.4123057,0.1363903,-0.06174755,0.3566424,0.15381979999999998,-0.03455992,0.36202090000000003,0.22039050000000002,-0.2488926,0.2226917,0.1594438,-0.06257292,0.3498478,0.1217369,-0.07963669,0.350042,0.23924389999999998,-0.2403607,0.2225946,0.201537,-0.2574245,0.22278879999999998
617,17:16:48.959 PM,0.1665128,0.008164972,0.37274120000000005,0.16770929999999998,0.03447019,0.3850889,0.1620056,0.05173214,0.393337,0.1516857,0.002546445,0.42197690000000004,0.1563128,0.01758023,0.4550767,0.1570047,0.03115483,0.4705795,0.15591570000000002,0.04375373,0.47782440000000004,0.1333579,-0.005184442,0.4247233,0.129822,0.01248027,0.46168170000000003,0.1264322,0.02948387,0.47864529999999994,0.1235508,0.04396774,0.4848797,0.1151455,-0.01438315,0.4213749,0.1062381,0.006519645,0.4519729,0.1003325,0.027088599999999997,0.4619933,0.09686924,0.04263563,0.4625397,0.09805371,-0.02054004,0.4144865,0.082582,-0.006591781999999999,0.436299,0.07564104,0.007400945,0.4421611,0.07180618,0.02159484,0.44212170000000006,0.1317565,-0.01469067,0.4035308,0.1357037,-0.05845734,0.350665,0.1529006,-0.03104267,0.3546018,0.2229182,-0.24952929999999995,0.224541,0.1588265,-0.05928292,0.34411020000000003,0.12130239999999999,-0.07673896,0.3446074,0.2416803,-0.2408013,0.2242924,0.2041561,-0.2582574,0.2247896
618,17:16:49.004 PM,0.16371229999999998,0.01875089,0.35735279999999997,0.1637694,0.0460514,0.3673814,0.1573658,0.06373419,0.3740792,0.1491848,0.01540761,0.4072869,0.1517476,0.03354113,0.4390313,0.1510705,0.04845284,0.45325429999999994,0.1491405,0.06133147,0.45979890000000007,0.1311869,0.007032275,0.4103128,0.12486459999999999,0.02843608,0.444845,0.1196154,0.04719605,0.45929899999999996,0.115605,0.06196521,0.4640689,0.1134768,-0.0032239559999999996,0.4073642,0.10183350000000001,0.02309297,0.4323572,0.09478617,0.0454043,0.43569259999999993,0.09100775,0.06040789,0.43186009999999997,0.09680705,-0.01064235,0.4006868,0.08039829,0.007529363000000001,0.4183042,0.07422137,0.0230075,0.4191352,0.0716482,0.03675069,0.41458140000000004,0.1303895,-0.003989026,0.3898198,0.1369715,-0.05116102,0.34017040000000004,0.1531031,-0.02268967,0.34246040000000005,0.22789829999999997,-0.24860079999999998,0.22715100000000002,0.1601033,-0.05197352,0.33364590000000005,0.12293239999999998,-0.0700925,0.3353929,0.2464837,-0.2395413,0.22627750000000002,0.20931279999999997,-0.2576603,0.22802460000000002
619,17:16:49.042 PM,0.1616401,0.03133662,0.3383192,0.1601463,0.05919929,0.3465505,0.1531029,0.07700466,0.35221020000000003,0.14717449999999999,0.03040944,0.3886055,0.1473229,0.05178617,0.41839740000000003,0.1450035,0.06777228,0.4312241,0.1419576,0.08075179,0.43711930000000004,0.12985510000000003,0.02098732,0.3924263,0.12175029999999999,0.04507326,0.42476490000000006,0.115148,0.0643291,0.43796490000000005,0.11015209999999999,0.07875238,0.44286640000000005,0.1129013,0.009316713,0.390404,0.0986977,0.03879274,0.4100329000000001,0.09035642,0.06085233,0.4079373,0.08597746,0.07449798,0.4008958,0.09674489,0.0002981871,0.38446009999999997,0.07942212,0.02035151,0.3989031,0.07303078,0.03564687,0.3968739,0.07036429,0.04842009,0.3900683,0.1296586,0.008598343,0.372709,0.13948,-0.04231919,0.32726740000000004,0.1532105,-0.01153998,0.3263546,0.2349705,-0.2462151,0.23031500000000002,0.16238989999999998,-0.04284788,0.3199852,0.126119,-0.06218011,0.3248543,0.253106,-0.23654899999999998,0.22788049999999999,0.2168351,-0.2558812,0.2327495
620,17:16:49.077 PM,0.1595134,0.03938518,0.3162397,0.15604949999999998,0.06785147,0.3210827,0.1479333,0.08570741,0.32479790000000003,0.1445365,0.04397853,0.36664800000000003,0.1408109,0.06906937,0.39309079999999996,0.1359441,0.08608995,0.40365120000000004,0.13118239999999998,0.09903707,0.4083414,0.12827249999999998,0.03363942,0.3722823,0.1184372,0.06129046,0.401072,0.1101963,0.08162914,0.4113954000000001,0.10391019999999998,0.09610404,0.4141896,0.1124325,0.02035378,0.37239859999999997,0.09554986,0.05182894,0.3856865,0.08570191,0.07177614,0.3777311,0.08097387,0.08209749,0.3665546,0.09704019,0.009246841,0.36826190000000003,0.07888959,0.03085445,0.3789065,0.07195686,0.04510288,0.37369250000000004,0.06907225,0.05584143,0.3640786,0.1287256,0.01882984,0.3543254,0.14069,-0.03596814,0.3142667,0.15285420000000002,-0.004986599,0.31006500000000004,0.2386201,-0.24701979999999998,0.23758720000000003,0.16330060000000002,-0.03673301,0.30611209999999994,0.1278725,-0.05630844,0.3147533,0.2563342,-0.2372321,0.23326660000000002,0.22090610000000002,-0.25680749999999997,0.2419078
621,17:16:49.109 PM,0.1581217,0.04546006,0.2972571,0.15369829999999998,0.07409303,0.29982,0.1444595,0.09161286,0.3023264,0.14249289999999998,0.05449419,0.3467304,0.1360789,0.08183824,0.37028099999999997,0.12903710000000002,0.09956308,0.3781299,0.12248540000000001,0.11243679999999999,0.3801345,0.12699739999999998,0.043885900000000005,0.3538432,0.1157279,0.0746773,0.37866279999999997,0.1059193,0.09608115,0.3845559,0.09850675,0.11025940000000001,0.3831877,0.11196510000000001,0.02981623,0.35574770000000006,0.09381689,0.06162909999999999,0.3662962,0.08273006,0.08010949,0.35660240000000004,0.07743472,0.08847208,0.3441101,0.09715106,0.01750647,0.35319140000000004,0.07881736,0.03989838,0.361698,0.07154388,0.05312027,0.3545759,0.06870835,0.06187008,0.3430997,0.12788419999999998,0.027383099999999997,0.33744109999999994,0.141811,-0.03060162,0.3027699,0.1522983,0.0005919337,0.29507259999999996,0.2434929,-0.245471,0.2434386,0.1641265,-0.03154805,0.2938575,0.1296637,-0.05114214,0.3057491,0.2607243,-0.23567399999999997,0.2374927,0.2262616,-0.2552681,0.2493844
622,17:16:49.139 PM,0.1547164,0.05128805,0.279823,0.14816210000000002,0.07961746,0.2802232,0.13754270000000002,0.09645621,0.2816734,0.141351,0.06499983,0.3276255,0.1327295,0.09522407,0.34644949999999997,0.1235807,0.11337269999999999,0.3497902,0.1153777,0.1251567,0.34742049999999997,0.12649749999999998,0.05474584,0.33642259999999996,0.11382750000000001,0.08863284,0.3559364,0.1025778,0.1100981,0.3564605,0.09438610000000001,0.1227318,0.35099369999999996,0.1120469,0.04050432,0.340398,0.09365787,0.07300545,0.3480106,0.08180082,0.08999766,0.3366555,0.07593819,0.09652613,0.3233548,0.09759661,0.02753572,0.3397458,0.07961476,0.05109788,0.34531649999999997,0.07254869,0.06276222,0.3357171,0.07016452,0.06873502,0.3225055,0.12739289999999998,0.03660478,0.3218591,0.1418873,-0.02426581,0.2927703,0.1512426,0.006169587,0.2816938,0.24419929999999998,-0.2422194,0.24751220000000004,0.16374879999999997,-0.02571441,0.2828559,0.13025710000000001,-0.04461256,0.29815890000000006,0.2609451,-0.23277029999999999,0.2398607,0.2274534,-0.2516685,0.2551637
623,17:16:49.174 PM,0.1498349,0.04948263,0.26067440000000003,0.14151529999999998,0.07726489,0.2585114,0.13000799999999998,0.09356983,0.25902379999999997,0.1413291,0.06966089,0.3055764,0.1286634,0.1031368,0.3133141,0.1161248,0.11828889999999999,0.3072223,0.1064496,0.124173,0.2980744,0.12750889999999998,0.06065907,0.3170228,0.11114600000000001,0.0979581,0.32226809999999995,0.09760039999999999,0.11356600000000001,0.30967859999999997,0.08955584,0.1176927,0.29648800000000003,0.11377960000000001,0.04700716,0.3242658,0.09419511,0.07955022,0.32161059999999997,0.08276975,0.08861388,0.3030659,0.07825305,0.08759315,0.28783400000000003,0.0996334,0.03393157,0.3267629,0.08254661,0.05860303,0.32404679999999997,0.07722081,0.06470717,0.30949709999999997,0.07671463,0.06376059,0.2948548,0.1276056,0.04058076,0.30524509999999994,0.1408362,-0.0236242,0.2836218,0.1487123,0.004814178,0.26805759999999995,0.24056220000000003,-0.24420879999999998,0.24597420000000003,0.1614328,-0.025832900000000002,0.27140640000000005,0.1302122,-0.04347395,0.2920725,0.25617260000000003,-0.23538820000000002,0.2356411,0.22495189999999998,-0.25302929999999996,0.2563072
624,17:16:49.204 PM,0.1516227,0.04790007,0.2417739,0.142993,0.07533546,0.23744160000000003,0.1315039,0.09165286,0.236887,0.1474855,0.07318653,0.28250290000000006,0.129852,0.10421269999999999,0.273924,0.1161775,0.1100665,0.2595792,0.10734489999999998,0.1085042,0.24806660000000003,0.1338716,0.06606771,0.2954368,0.1151226,0.09991269,0.28137049999999997,0.1025962,0.1036714,0.2608975,0.09648819,0.09868746,0.2469161,0.1200731,0.05381705,0.30477129999999997,0.09991024,0.08036534,0.2862166,0.09123432,0.07817136,0.2643127,0.08893816,0.07002701,0.25078870000000003,0.10569669999999999,0.04156934,0.30934040000000007,0.09074545,0.06293137,0.2941216,0.08840747,0.0606962,0.277731,0.09008221,0.0527385,0.26545830000000004,0.13301570000000001,0.044699,0.286227,0.14382379999999997,-0.02191894,0.27175920000000003,0.1518049,0.004025459,0.2530348,0.23891759999999998,-0.24593520000000002,0.243511,0.16364800000000002,-0.02523575,0.2585566,0.133509,-0.04100375,0.28213699999999997,0.2539871,-0.23805120000000002,0.2317208,0.22384810000000002,-0.2538192,0.2553012
625,17:16:49.235 PM,0.1468596,0.03272785,0.2268435,0.1374919,0.05819909,0.21641220000000003,0.1257307,0.07382739999999999,0.21244870000000002,0.1445203,0.06727050000000001,0.25943979999999994,0.1227422,0.08234967,0.2342339,0.1112705,0.06983586,0.2229959,0.10908689999999999,0.05595262,0.22204079999999998,0.1316656,0.06362639,0.2744264,0.1083268,0.07630388,0.24323209999999998,0.10053200000000001,0.05950074,0.22815389999999997,0.1008303,0.04419594,0.2252196,0.1185412,0.054103599999999995,0.2872535,0.09748924,0.05988331,0.2561093,0.09692150000000001,0.03982951,0.2439399,0.1023299,0.02506365,0.24449949999999998,0.1046116,0.04336636,0.29550879999999996,0.09112205,0.05094241,0.26967179999999996,0.09230443,0.03738089,0.2601544,0.09764991,0.02382652,0.2607639,0.13073210000000002,0.04062001,0.27101640000000005,0.1420742,-0.02728625,0.27139640000000004,0.14859470000000002,-0.007073089,0.24837220000000002,0.2415098,-0.2499088,0.2474656,0.16043659999999998,-0.03094245,0.2563048,0.13365539999999998,-0.0458923,0.284095,0.25490039999999997,-0.24243379999999998,0.23357060000000002,0.2281192,-0.2573837,0.2613607
626,17:16:49.264 PM,0.1474697,0.03123011,0.2152813,0.13866710000000002,0.05512451,0.20122820000000002,0.1269402,0.06987266,0.1946305,0.1390636,0.06904985,0.2435786,0.1163798,0.06690849,0.2148554,0.11361320000000001,0.04649396,0.2160172,0.11786279999999999,0.03513826,0.2241201,0.1255472,0.06639262,0.2581891,0.1044432,0.06071527,0.22334890000000002,0.1076018,0.0366451,0.22334189999999998,0.1147184,0.02543284,0.23234029999999997,0.1121921,0.05764256,0.271327,0.09469726,0.05154036,0.2380159,0.10154149999999999,0.02892913,0.23716089999999998,0.11007560000000001,0.01896386,0.246221,0.09836721,0.04712282,0.2800278,0.08724836,0.04683401,0.2519886,0.09238563,0.031232999999999997,0.24903409999999998,0.09960523,0.02087502,0.2565771,0.1260017,0.04312654,0.2574338,0.140468,-0.02365141,0.26521269999999997,0.1476053,-0.005729899,0.24146579999999998,0.2440906,-0.2446906,0.24456770000000003,0.1592704,-0.02705026,0.25061039999999996,0.13202779999999997,-0.04235647,0.2777504,0.2577119,-0.2370375,0.23099760000000003,0.2304693,-0.2523437,0.25813769999999997
627,17:16:49.296 PM,0.146751,0.03323935,0.19879370000000002,0.1383965,0.05581535,0.1824739,0.126925,0.07003139,0.1744224,0.13264820000000002,0.07270418,0.22463779999999997,0.1087001,0.06023337,0.19986900000000002,0.11278699999999998,0.04046069,0.20369089999999998,0.12145539999999999,0.03273611,0.2124334,0.12024160000000002,0.07039817,0.2402565,0.09845537,0.0573235,0.2079366,0.1053288,0.03451596,0.21250410000000003,0.11437069999999999,0.02663596,0.2231366,0.10837349999999998,0.06192051,0.2549104,0.08962966,0.05137433,0.2234506,0.09882172,0.02967919,0.2252225,0.1087047,0.02197488,0.2350678,0.09591576,0.05126001,0.26533059999999997,0.08355442,0.04699941,0.2381531,0.09032937,0.03177051,0.2374431,0.09881064,0.02342238,0.2460761,0.12241869999999999,0.04724921,0.2414228,0.141763,-0.0176374,0.2532457,0.1467118,-0.001170889,0.22824450000000002,0.2468656,-0.23790540000000002,0.23186199999999998,0.1595127,-0.02125726,0.23742939999999998,0.1345235,-0.03604434,0.2669236,0.25936010000000004,-0.23051190000000002,0.2171149,0.234371,-0.24529890000000001,0.2466091
628,17:16:49.324 PM,0.1459447,0.03547116,0.1845945,0.13779660000000002,0.05688773,0.16668339999999998,0.12671860000000001,0.07065578,0.15739579999999997,0.1267654,0.07556798,0.208911,0.1021336,0.05989896,0.1867575,0.1094935,0.04077889,0.1890682,0.12006680000000002,0.03358458,0.1960578,0.11542730000000001,0.07352166,0.2253571,0.09281258,0.05695631,0.1952801,0.1014528,0.03498758,0.2008568,0.11156089999999999,0.02831762,0.21135860000000004,0.10498869999999999,0.06529956,0.2411985,0.08528203,0.05150355,0.21163769999999998,0.09600205,0.03060408,0.21422070000000004,0.1069068,0.02413245,0.22387529999999997,0.09387518,0.05458377,0.2529945,0.08034035,0.04773985,0.22692359999999998,0.08807828,0.03295974,0.22677089999999997,0.0975666,0.02558015,0.23523829999999998,0.11922329999999999,0.05068646,0.2278468,0.1431674,-0.01207756,0.2421161,0.14596199999999998,0.003140613,0.21631689999999998,0.2517544,-0.230223,0.21674659999999998,0.1598535,-0.01555617,0.2251519,0.13734000000000002,-0.03041349,0.2565433,0.2630111,-0.2227944,0.2010509,0.2404976,-0.23765170000000002,0.2324424
629,17:16:49.356 PM,0.1454809,0.03549455,0.1733172,0.138514,0.05557202,0.1534635,0.1289905,0.06892167,0.14208220000000002,0.12188289999999999,0.07632242,0.1950769,0.09747437,0.05863114,0.1742376,0.1045872,0.03944738,0.1767673,0.11512060000000002,0.03201897,0.1835677,0.1108019,0.07492994,0.21176489999999998,0.08842655,0.05526222,0.1834289,0.1001714,0.03463955,0.18844059999999999,0.1117718,0.02953805,0.19825610000000002,0.10089160000000001,0.06738038,0.22826660000000001,0.08140202,0.05062388,0.2001275,0.09429092,0.03101949,0.202619,0.10625439999999998,0.02602835,0.211864,0.09038143,0.05703358,0.24091420000000002,0.07692588,0.04779495,0.2155511,0.08521354,0.03332676,0.2161309,0.09510343,0.02678894,0.2248275,0.11564369999999999,0.05251484,0.21578429999999998,0.14240160000000002,-0.0080809,0.23341489999999998,0.14438420000000002,0.005509675,0.20724679999999998,0.2575645,-0.22260210000000002,0.2062226,0.15869049999999998,-0.0111168,0.215986,0.137629,-0.02649712,0.2481245,0.2680953,-0.214912,0.1901534,0.2470337,-0.23029229999999998,0.2222919
630,17:16:49.384 PM,0.14544110000000002,0.03849836,0.1660353,0.1395908,0.05849159999999999,0.1457398,0.13161779999999998,0.07195009,0.1333374,0.1191332,0.07849588,0.18710770000000002,0.09502135,0.061362400000000004,0.16547279999999998,0.1010647,0.04168381,0.1666121,0.1111622,0.03325115,0.1728836,0.1077414,0.07676567,0.20355279999999998,0.08662262,0.05637617,0.1747655,0.09839911,0.03567915,0.1793835,0.10990910000000001,0.03048964,0.1892598,0.09771847,0.06891839,0.2198462,0.07931776,0.05149429,0.19138010000000003,0.0929298,0.03224213,0.1929448,0.1051765,0.02740897,0.20192620000000003,0.08726872,0.05825318,0.2322775,0.07466798,0.04857285,0.2066411,0.08305726,0.03415222,0.2067638,0.09297143,0.02746715,0.2153196,0.1132024,0.05451809,0.2077096,0.141371,-0.005244657,0.22600250000000002,0.1435971,0.008440346,0.1998686,0.26116839999999997,-0.21756430000000002,0.2016966,0.1581185,-0.007979215999999999,0.20896279999999998,0.1366032,-0.02374207,0.2406116,0.2719261,-0.20968289999999998,0.18587220000000002,0.2504108,-0.22544570000000003,0.217521
631,17:16:49.416 PM,0.1438624,0.04116459,0.1614255,0.1385092,0.06139855,0.1412318,0.1315721,0.07505964,0.1284338,0.11632060000000001,0.07999949,0.1815465,0.09208302,0.0647523,0.1586764,0.0970097,0.04473741,0.15823410000000002,0.1067309,0.03556092,0.16403900000000002,0.1044651,0.07790266,0.19761679999999998,0.08471599,0.05724521,0.168059,0.09646972,0.03648184,0.1724307,0.1077567,0.03102724,0.1824208,0.09411986,0.06972207,0.21354050000000002,0.07701004,0.05208756,0.1844068,0.09081215,0.03297208,0.1859817,0.10288800000000001,0.02822135,0.19523429999999997,0.08353163,0.05874129,0.22557329999999998,0.07151737,0.04857202,0.199845,0.08343139,0.03721999,0.1970996,0.09570386,0.03283553,0.2039072,0.11029380000000001,0.05575453,0.2018049,0.13921589999999998,-0.0034884359999999997,0.2206188,0.1419473,0.0104215,0.1946332,0.26457470000000005,-0.2128882,0.1992119,0.1565498,-0.00575476,0.2041049,0.13441789999999998,-0.02216209,0.23499189999999998,0.2756407,-0.2046846,0.1837684,0.2535088,-0.22109189999999998,0.2146554
632,17:16:49.445 PM,0.14090350000000001,0.04242574,0.15959920000000002,0.1348439,0.06270458,0.13965120000000003,0.12779849999999998,0.07630993,0.12685280000000002,0.11289339999999999,0.07993639999999999,0.17955410000000002,0.08888428,0.06543122,0.1559708,0.0939928,0.04549144,0.1547925,0.1039143,0.03646763,0.160497,0.10085,0.07726409,0.1953979,0.08229093,0.05630423,0.1652864,0.09456857,0.03581254,0.1694971,0.1058612,0.03052296,0.1795693,0.09052081,0.06856336,0.2110542,0.07449156,0.05070724,0.18144449999999998,0.0889007,0.03204809,0.1830545,0.1009665,0.02765776,0.1924965,0.08010636,0.05710082,0.2227857,0.06907165,0.04706682,0.1965697,0.07977967,0.03434415,0.19524129999999998,0.09087943,0.029099,0.20333120000000002,0.10734280000000002,0.05527441,0.19944189999999998,0.1377525,-0.00327304,0.2182175,0.1406026,0.01109919,0.19231189999999998,0.2667489,-0.21073850000000002,0.19978120000000002,0.1555021,-0.005271394,0.2021157,0.1329025,-0.02202123,0.2324757,0.2780487,-0.2023636,0.18460120000000002,0.2554491,-0.2191134,0.21496120000000002
633,17:16:49.476 PM,0.1361591,0.04176904,0.15908239999999998,0.1295164,0.06183405,0.139104,0.12280150000000001,0.07534193,0.1260278,0.1088576,0.07855134,0.1789181,0.08423989,0.06548341,0.1551243,0.08872444,0.04550491,0.1527241,0.09808642,0.03527538,0.15719489999999997,0.09683220000000001,0.07556458,0.1947195,0.07889555,0.05418523,0.16452560000000002,0.09167083,0.03400682,0.16876870000000002,0.10305810000000001,0.02900966,0.1788836,0.08667027,0.0665939,0.2103328,0.07140317,0.04851471,0.1804566,0.08446588,0.02914225,0.1839856,0.09554875,0.02459086,0.19449560000000002,0.0765042,0.05486433,0.22201839999999998,0.06602588,0.04476772,0.1955989,0.0754441,0.03099687,0.1956989,0.08536992,0.02529998,0.20492950000000001,0.10385370000000001,0.05373774,0.1987622,0.135537,-0.004111409,0.2177199,0.1382191,0.01040632,0.191696,0.2675121,-0.2099942,0.2030085,0.1534686,-0.006057106,0.2018144,0.1308029,-0.02275399,0.2321542,0.2788449,-0.2016458,0.1878386,0.2561792,-0.2183427,0.21817840000000002
634,17:16:49.507 PM,0.13128829999999997,0.04043458,0.1593783,0.122045,0.06029265,0.1402379,0.1121337,0.07310794,0.1285403,0.10481689999999999,0.07680745,0.17952279999999998,0.07933572,0.06518562,0.1558862,0.0827609,0.04519673,0.15217039999999998,0.09156082,0.03406288,0.1554885,0.09296138,0.07362451,0.1954142,0.07494485,0.05225419,0.1652612,0.08791925,0.03215037,0.1692469,0.09944126,0.027115300000000002,0.17918889999999998,0.08302087,0.06447567,0.21106689999999997,0.06764712,0.04642759,0.18122639999999998,0.08098755,0.027228700000000005,0.1846645,0.09219871,0.02278332,0.1950836,0.07306545,0.05259003,0.2227764,0.06244004,0.04254781,0.19639479999999998,0.07206273,0.02891906,0.19651429999999998,0.08210239,0.02337553,0.2057153,0.1002135,0.05183916,0.19927,0.1325219,-0.005853683,0.21782240000000003,0.1348991,0.008857921,0.1916505,0.2649074,-0.21168070000000003,0.20635949999999997,0.15047860000000002,-0.008002069,0.2019716,0.1278037,-0.024288,0.232527,0.2762448,-0.20353770000000002,0.1910817,0.2535699,-0.2198237,0.22163720000000003
635,17:16:49.538 PM,0.127974,0.03940983,0.1613536,0.11557970000000001,0.05853574,0.1432871,0.1031233,0.0701984,0.1329281,0.1021999,0.07536514,0.18202190000000001,0.07757867,0.06414609,0.1573049,0.08064248,0.04401244,0.1540918,0.08894826,0.03269978,0.15802020000000003,0.09026189999999999,0.07171421,0.1977499,0.07288359,0.0505458,0.1670845,0.08625624,0.03069125,0.1710021,0.09777304,0.02577804,0.18101099999999998,0.08034377,0.06213598,0.21315789999999998,0.06554739,0.04432876,0.182884,0.07925281,0.02537639,0.1862529,0.09044231,0.02098913,0.1967198,0.07049272,0.04988746,0.22457779999999997,0.06027497,0.04010724,0.197938,0.07018903,0.02668907,0.19805820000000002,0.08023286,0.02120917,0.20729270000000002,0.09785527,0.04999505,0.20130989999999999,0.1308497,-0.007511228000000001,0.2193389,0.1333442,0.007748201,0.1932949,0.26378409999999997,-0.21303699999999998,0.20887129999999998,0.1490582,-0.009542614,0.2037622,0.1259346,-0.02603242,0.23386880000000002,0.275346,-0.2047921,0.19381800000000002,0.2522223,-0.2212819,0.2239246
636,17:16:49.566 PM,0.1256261,0.03887282,0.16255260000000002,0.1119765,0.05754189,0.1449169,0.0985318,0.06855963,0.13509939999999998,0.0996426,0.07416452,0.1837351,0.07582226,0.06210534,0.1586316,0.07926808,0.04194741,0.1560127,0.08764123,0.03088273,0.16046970000000002,0.08784823,0.07005928,0.1994594,0.07099284,0.04882331,0.1685497,0.08411339999999999,0.02888261,0.1728626,0.09537173,0.02386047,0.1831087,0.07821892,0.06008218,0.2147973,0.06377319,0.04222132,0.184386,0.07796904,0.02359764,0.1875506,0.08930764,0.01930679,0.1978963,0.0687103,0.04747786,0.2261199,0.05865432,0.0377178,0.19941129999999999,0.06893132,0.0245751,0.1994464,0.07915224,0.01918401,0.2085377,0.09598849,0.04850017,0.2027754,0.1303084,-0.008433595,0.22029369999999998,0.1324878,0.0072301330000000006,0.1942265,0.2646574,-0.2131301,0.21182670000000003,0.1486309,-0.0104302,0.20484670000000002,0.1254208,-0.02690664,0.234894,0.2762625,-0.2048919,0.1968031,0.25305229999999995,-0.2213683,0.22685029999999998
637,17:16:49.595 PM,0.1242872,0.03805028,0.1630527,0.11015699999999999,0.05644114,0.1455031,0.09641118,0.06717058,0.13578320000000002,0.09792578,0.07292278,0.18419979999999997,0.07455292,0.05988233,0.1591658,0.07854396,0.03979091,0.1568217,0.08720119999999999,0.02902715,0.16146960000000002,0.08621842,0.06863625,0.19994089999999998,0.06974301,0.04714204,0.1690047,0.0825182,0.02704857,0.1736355,0.09355254,0.02183919,0.1840309,0.07677083,0.05851357,0.2152965,0.06258096,0.04040109,0.1849134,0.07703109,0.02195571,0.1879701,0.08847604,0.01768745,0.1982076,0.06748182,0.04576342,0.2266383,0.05755387,0.03582443,0.1999477,0.06802706,0.02283736,0.19993870000000002,0.07838465,0.01744841,0.2088754,0.094712,0.04721425,0.2032602,0.1298711,-0.009196877,0.2209002,0.1318672,0.006537333,0.1946925,0.2652111,-0.2133388,0.2152828,0.1482802,-0.01127143,0.20556679999999997,0.1249961,-0.02753652,0.23567190000000002,0.2768531,-0.2052063,0.2002303,0.25356910000000005,-0.22147139999999998,0.23033539999999997
638,17:16:49.627 PM,0.12400989999999999,0.03737594,0.16259479999999998,0.1102069,0.05587779,0.1449022,0.09672923,0.06675301,0.1349712,0.0974163,0.07215948,0.183555,0.07434847,0.05876498,0.1584254,0.07849496,0.03869881,0.156136,0.08725541,0.02808051,0.1609229,0.08560865,0.06785373,0.19921570000000002,0.06936341,0.04639967,0.16813029999999998,0.08182139999999999,0.02612366,0.1728273,0.09267667,0.02071665,0.18330970000000002,0.07606696,0.05771355,0.2145014,0.06208833,0.03961493,0.1840124,0.07647699,0.02111708,0.1870417,0.08787607,0.01672171,0.19727650000000002,0.06671188,0.04494904,0.2257724,0.05696563,0.03502382,0.1990099,0.06742449,0.02202521,0.19900410000000002,0.07775225,0.01652379,0.20790660000000002,0.09409391,0.04643469,0.20257460000000002,0.1291194,-0.00999032,0.2205277,0.13133039999999999,0.005787745,0.1942205,0.26374169999999997,-0.21467550000000002,0.218854,0.14772000000000002,-0.01229548,0.20546060000000002,0.12398110000000001,-0.02815367,0.23542739999999998,0.2756111,-0.2067464,0.2038706,0.2518723,-0.22260460000000004,0.2338373
639,17:16:49.659 PM,0.123925,0.03795223,0.1603021,0.11016010000000001,0.05640884,0.1425325,0.09675726,0.06729062,0.132508,0.09684201,0.07254781,0.18101470000000003,0.07372974,0.05878989,0.1561235,0.07802325,0.038765499999999994,0.15374089999999999,0.08696548,0.02827062,0.1584631,0.08509779,0.06827514,0.19673210000000002,0.06881944,0.046592699999999994,0.165823,0.08156522,0.02645434,0.1703363,0.09260173,0.02117045,0.1806914,0.07565268,0.05817904,0.21210660000000003,0.06167638,0.03978203,0.1817957,0.07640877,0.02152507,0.1846266,0.08800828,0.01730271,0.1947077,0.06639975,0.04543369,0.22348320000000002,0.05664672,0.03527822,0.19680970000000003,0.06716782,0.02232991,0.1968289,0.07755665,0.01691334,0.2057124,0.09371623,0.04692815,0.2002088,0.1290374,-0.009214848000000001,0.2185407,0.1311693,0.006445556999999999,0.19202650000000002,0.2630181,-0.21431839999999996,0.2204442,0.147678,-0.01180921,0.2035705,0.12379489999999999,-0.02713084,0.2337013,0.27495970000000003,-0.2066576,0.2053788,0.2510766,-0.2219792,0.2355096
640,17:16:49.696 PM,0.1235249,0.0381173,0.15799770000000002,0.11011689999999999,0.05657662,0.1399602,0.09714160000000001,0.06765789999999999,0.1295974,0.09623231,0.07286908,0.178315,0.07286834,0.058940599999999996,0.1537558,0.07699095,0.03888176,0.15136270000000002,0.08592459,0.02834882,0.1560157,0.0845587,0.06882267,0.1941444,0.06809272,0.04678087,0.16359100000000001,0.08071445,0.02660616,0.1682868,0.09175439,0.02136798,0.1786616,0.07517313,0.05894504,0.20969629999999997,0.06097873,0.04014812,0.1797341,0.07601624,0.02211238,0.1823736,0.08785244,0.01810767,0.1922668,0.06595583,0.0463656,0.22128449999999997,0.05605545,0.03587718,0.19479470000000002,0.06653812,0.02289812,0.1948901,0.07696725,0.01755591,0.2037714,0.09315987,0.04750885,0.19785899999999998,0.1284904,-0.008438840999999999,0.2167576,0.1305072,0.006859943,0.190026,0.2624367,-0.2135373,0.22063670000000002,0.1470524,-0.01123313,0.20172579999999998,0.1233231,-0.026154400000000005,0.23217739999999998,0.27430140000000003,-0.2060766,0.20541089999999998,0.2505721,-0.22099789999999997,0.23586239999999997
641,17:16:49.733 PM,0.12246169999999999,0.03809012,0.1570674,0.1090237,0.05656503,0.1390682,0.09609708,0.06770734,0.12870979999999999,0.09496631,0.0726365,0.177403,0.07131007,0.05851363,0.1532377,0.07542458,0.03846623,0.1507353,0.08439671,0.02786101,0.15514429999999998,0.08350551,0.06862049,0.19339489999999998,0.06683656,0.04641362,0.163072,0.07888678,0.02600725,0.1682444,0.08968145,0.0206417,0.1788104,0.07435973,0.0587837,0.20911479999999996,0.05993713,0.03976549,0.1794022,0.07479939999999999,0.02160962,0.1822061,0.08661637,0.01761074,0.1921247,0.06534859999999999,0.04622333,0.2208844,0.05518493,0.03553249,0.1945759,0.06572263,0.02259766,0.1945876,0.07628782,0.01735048,0.20336410000000002,0.09226222,0.04737298,0.1971261,0.1280766,-0.008304104,0.21595630000000002,0.1297248,0.006873205,0.18907279999999999,0.26212529999999995,-0.2133132,0.2208797,0.1465078,-0.01125551,0.2007942,0.1230502,-0.02585361,0.2316107,0.2738541,-0.20601420000000004,0.2054714,0.2503965,-0.2206123,0.236288
642,17:16:49.766 PM,0.1215878,0.03901426,0.15781689999999998,0.1076202,0.05747004,0.14020539999999998,0.09427711,0.06840403,0.1301579,0.09387134,0.07293858,0.1786463,0.07063992,0.05901761,0.1539574,0.07522289,0.03911678,0.1511219,0.08438675,0.02863269,0.1554247,0.08227999,0.06843702,0.1944132,0.06624056,0.0466805,0.16343129999999997,0.07851513,0.02634586,0.16835260000000002,0.08925625,0.02092035,0.1789425,0.07307632,0.05814968,0.2098074,0.05924945,0.03964268,0.17949489999999999,0.0740432,0.02143474,0.182323,0.08564548,0.01728527,0.1924313,0.06408456,0.045228199999999996,0.2211946,0.05434741,0.03500019,0.194543,0.06503635,0.02219106,0.1943871,0.07556707,0.01686402,0.203157,0.09124865,0.04721697,0.1977794,0.12745109999999998,-0.008467078000000001,0.21589229999999998,0.1292834,0.007347763,0.1892748,0.2625825,-0.21278029999999998,0.22009539999999997,0.14614860000000002,-0.01109577,0.20099920000000002,0.12226669999999999,-0.02626971,0.2312056,0.27452340000000003,-0.2051933,0.2049922,0.2506415,-0.2203673,0.23519859999999998
643,17:16:49.797 PM,0.120886,0.03921168,0.1591933,0.1064746,0.05753867,0.1418063,0.09276213,0.06819482,0.1319599,0.09320363,0.07285441,0.1806307,0.07056047,0.05879258,0.15547979999999997,0.07612669,0.03915422,0.1525841,0.08572106,0.02908759,0.15694229999999998,0.08141704,0.06791429,0.19611900000000002,0.06597525,0.04678114,0.1644108,0.0783544,0.02645512,0.1691002,0.08897984,0.02089138,0.17973499999999998,0.07206731,0.05721574,0.21114029999999998,0.05882758,0.03929721,0.1802184,0.07371855,0.02114137,0.1828655,0.08520443,0.01683418,0.1930405,0.0630082,0.04397569999999999,0.22210010000000002,0.05374081,0.03428088,0.1950843,0.06452557,0.02155469,0.1947931,0.07497737,0.01606707,0.2035583,0.0904966,0.04668958,0.1991407,0.1268204,-0.009131044,0.2166587,0.12895410000000002,0.007300183000000001,0.1903084,0.2627865,-0.21287979999999998,0.221315,0.1458379,-0.01150168,0.2021319,0.12139960000000001,-0.02713529,0.2316511,0.2750057,-0.20506300000000002,0.2065554,0.2505674,-0.2206966,0.23607460000000002
644,17:16:49.825 PM,0.12042699999999999,0.03858994,0.16072550000000002,0.1059425,0.05681778,0.143295,0.09186073,0.06715549999999999,0.133632,0.09294598,0.07244132,0.18272750000000001,0.07076102,0.05764763,0.157588,0.07775249,0.03844823,0.1548395,0.08807196,0.02918021,0.1593115,0.08101887,0.06732239,0.1980494,0.06577774,0.04657744,0.1659895,0.07855367,0.02641313,0.1702962,0.08931710000000001,0.02086891,0.1808015,0.07152344,0.05644743,0.2128511,0.05852193,0.03895019,0.1815886,0.07336241,0.02073897,0.1841366,0.08475366,0.01627715,0.1943513,0.06234953,0.04308294,0.2235616,0.05329946,0.03375168,0.1963447,0.06406348,0.02101,0.19597509999999999,0.07443361,0.0153821,0.2047483,0.09003858,0.04604526,0.20087539999999998,0.1261653,-0.01002274,0.2180326,0.1285084,0.006707698000000001,0.1918671,0.2629364,-0.2132377,0.22243579999999996,0.14534589999999997,-0.012192399999999999,0.2036901,0.1206618,-0.02817458,0.2328155,0.27527840000000003,-0.2052466,0.207873,0.2505943,-0.2212288,0.2369985
645,17:16:49.854 PM,0.1199855,0.03732662,0.16248710000000002,0.10573769999999999,0.05546202,0.1447674,0.09145403,0.06554236,0.13512860000000002,0.09270424,0.07158248,0.18485320000000002,0.07098631,0.05622493,0.1596437,0.07857393,0.0371833,0.1574214,0.08912266,0.0284047,0.1623279,0.08070674,0.06644689,0.2001144,0.0654474,0.04581805,0.16798829999999998,0.078766,0.02592431,0.17189229999999997,0.08980237,0.0205325,0.18219200000000002,0.07112765,0.05555056,0.21484629999999996,0.05819991,0.03818892,0.18347779999999997,0.07295678,0.01991452,0.18605950000000002,0.08428247,0.01537065,0.1963108,0.06187873,0.04217671,0.2254804,0.05290534,0.03295527,0.19820079999999998,0.06364283,0.02019079,0.1978464,0.07396513,0.01450869,0.20664120000000002,0.0896597,0.04513712,0.2029067,0.1256345,-0.01103991,0.2200134,0.1280588,0.005726248000000001,0.19391689999999998,0.26325479999999996,-0.21368800000000002,0.2240689,0.1448639,-0.01307656,0.20571679999999998,0.1201671,-0.02926808,0.23471550000000002,0.2756032,-0.20559229999999998,0.20956950000000002,0.2509064,-0.22178379999999998,0.23856820000000004
646,17:16:49.885 PM,0.11908769999999999,0.03746717,0.1650828,0.1051875,0.05586784,0.1473607,0.0909912,0.06601401,0.1376621,0.09194028,0.07130401,0.188425,0.07079405,0.05613489,0.1626231,0.0788245,0.03729485,0.16024839999999999,0.08950049,0.02872302,0.16524370000000002,0.0798599,0.06564794,0.2034342,0.0649194,0.04582112,0.1706606,0.07894538,0.02626906,0.17371470000000003,0.09025875,0.02084707,0.1836926,0.07025471,0.05426939,0.21777889999999997,0.05774991,0.03765328,0.185841,0.07270364,0.01949091,0.188052,0.08400922,0.01476452,0.1982428,0.06103729,0.04052915,0.227963,0.05238215,0.03197671,0.20036500000000002,0.06325527,0.01933508,0.1998067,0.07355452,0.01350224,0.20852939999999998,0.08898224,0.04435043,0.20572449999999998,0.1252769,-0.01196745,0.22176729999999997,0.127814,0.005541921,0.1960049,0.26378409999999997,-0.2140154,0.22556500000000002,0.1447629,-0.01372569,0.2077846,0.11964160000000001,-0.03041401,0.2361297,0.2763447,-0.2056712,0.2113925,0.2512234,-0.2223596,0.2397375
647,17:16:49.914 PM,0.11801989999999998,0.03889219,0.1684985,0.10396199999999998,0.05753995,0.15116329999999997,0.08961947,0.06760041,0.1415914,0.09096503,0.07165335,0.1931717,0.0708077,0.05716343,0.1662131,0.07945453,0.03866874,0.1633376,0.09023847,0.03020407,0.1682837,0.0786939,0.06503962,0.20762519999999998,0.06460163,0.04675679,0.1736009,0.07922941,0.02751659,0.1756566,0.09064318,0.02180304,0.18535379999999999,0.06902601,0.052791099999999994,0.22119090000000002,0.05752638,0.03752483,0.1882174,0.07274368,0.01952608,0.1899096,0.08391684,0.01443301,0.2000698,0.05987921,0.03839497,0.23049560000000002,0.05184397,0.031174700000000003,0.2023346,0.06295443,0.01876716,0.2013527,0.07321198,0.0126178,0.2099056,0.08819459,0.04383366,0.20907620000000002,0.12518010000000002,-0.01255509,0.22336889999999998,0.1279933,0.006296694,0.19832579999999997,0.265164,-0.2135991,0.2261769,0.1451532,-0.01376204,0.2100299,0.11920539999999999,-0.03145255,0.2369888,0.27813790000000005,-0.20475379999999999,0.21269749999999998,0.2521901,-0.2224444,0.23965630000000002
648,17:16:49.948 PM,0.11813489999999999,0.04137789,0.17649260000000003,0.10411980000000001,0.06046562,0.15960739999999998,0.08960085,0.07022576,0.14999079999999998,0.09005281,0.0720837,0.2024518,0.07260536,0.05943061,0.17281329999999998,0.08231428,0.04156069,0.16942449999999998,0.09298117,0.03309225,0.1746119,0.07693668,0.06388636,0.2152567,0.06586542,0.04904933,0.1785463,0.07950722,0.02908106,0.180428,0.08965126,0.02197756,0.190605,0.06665393,0.05022217,0.2268779,0.05787723,0.03806441,0.1918406,0.07338388,0.02025978,0.19280039999999998,0.08401427,0.01422033,0.20302409999999999,0.05727674,0.034822900000000004,0.23411639999999997,0.05126713,0.03038086,0.204896,0.062703,0.01832561,0.2033983,0.07256628,0.01142392,0.2118399,0.08694387,0.04286648,0.2155366,0.1243346,-0.013780700000000002,0.2277631,0.12856510000000002,0.007420391,0.2045938,0.26738059999999997,-0.2126761,0.2284876,0.1454311,-0.01373894,0.2162198,0.11754269999999999,-0.03371199,0.2393788,0.2813248,-0.2026896,0.21690810000000002,0.2534364,-0.22266260000000002,0.240067
649,17:16:49.983 PM,0.118797,0.04273309,0.1888943,0.1049673,0.06211697,0.1721946,0.09053295,0.07149269,0.1620808,0.08868764,0.07076748,0.21520029999999998,0.07462613,0.060634900000000005,0.1829104,0.08566375,0.04361363,0.1792316,0.09617002,0.03509454,0.1846586,0.07477169,0.06089793,0.2257907,0.06744429,0.05038516,0.18672320000000003,0.08096261,0.03028248,0.1879555,0.09008861,0.0219316,0.19815020000000003,0.06404727,0.04581015,0.2350029,0.05864293,0.03746982,0.19820929999999998,0.07471042,0.02014749,0.1986019,0.08478874,0.01310571,0.2087435,0.05473807,0.02944784,0.2398091,0.05118215,0.02824004,0.2098821,0.06314811,0.01677181,0.2079723,0.07264659,0.009144038,0.21620509999999998,0.08568376,0.04034023,0.2251859,0.12408410000000002,-0.01594898,0.235886,0.1298106,0.007696137,0.21540279999999998,0.2692874,-0.2132166,0.23102379999999997,0.1461921,-0.01465819,0.2265114,0.11649649999999999,-0.03696654,0.2447743,0.2841351,-0.2020625,0.2218923,0.25443960000000004,-0.2243708,0.2401552
650,17:16:50.017 PM,0.1197087,0.04047997,0.2014511,0.10592,0.06050463,0.18548989999999999,0.0914942,0.07014881,0.1756194,0.08999713,0.06750642,0.22950660000000003,0.07641707,0.06011659999999999,0.1962803,0.08753959,0.0432867,0.1920223,0.09782208,0.03433119,0.19716760000000003,0.07579476,0.05700482,0.2390577,0.06858768,0.05040233,0.1991213,0.08193251,0.03014757,0.1989287,0.09085663,0.02082394,0.2084355,0.06480037,0.041375800000000004,0.24695540000000002,0.05940375,0.03652428,0.20954070000000002,0.07531894,0.01908167,0.20862440000000002,0.0853184,0.0109663,0.2180136,0.05532481,0.024768900000000003,0.250406,0.05165091,0.026457799999999997,0.22051669999999998,0.06351019,0.0150644,0.2177065,0.07294925,0.006573781,0.22512220000000002,0.08665379,0.03648408,0.2373154,0.1245305,-0.02063768,0.24512840000000002,0.1309045,0.004371434,0.2263991,0.2681449,-0.21864650000000002,0.2313666,0.1468874,-0.01897401,0.2364272,0.11653499999999999,-0.04210223,0.2524534,0.2833211,-0.2070824,0.22335349999999998,0.2529686,-0.23021060000000002,0.2393797
651,17:16:50.051 PM,0.12241089999999999,0.03572939,0.2151261,0.1097001,0.05703540000000001,0.1999515,0.09574024,0.06775294,0.1905312,0.09534731,0.06398495,0.24496379999999998,0.08104379,0.05995549,0.21146979999999999,0.09088773,0.04265632,0.2061058,0.1004831,0.03263791,0.2105656,0.08028875,0.05415408,0.2538975,0.07231989999999999,0.05109759,0.21368310000000001,0.0841319,0.02998994,0.21190140000000002,0.09240197,0.01936279,0.22059389999999998,0.06803839999999999,0.03905205,0.2609241,0.06197359,0.03735702,0.2233407,0.07638297,0.01877297,0.22105039999999998,0.0857676,0.009151533,0.2296119,0.05726073,0.023087700000000003,0.2634647,0.05339128,0.02728267,0.2338515,0.06424341,0.01517113,0.23013289999999997,0.07303154,0.005401626,0.23672510000000002,0.08951521,0.03296088,0.2511255,0.12288810000000001,-0.02719519,0.25617,0.1311902,-0.00192672,0.23871370000000003,0.254701,-0.2326288,0.23517480000000002,0.14542,-0.02648989,0.2477964,0.1135375,-0.04844384,0.262444,0.2706422,-0.2216518,0.22785100000000003,0.23875970000000002,-0.24360570000000004,0.24249859999999998
652,17:16:50.085 PM,0.1196029,0.027699099999999997,0.2291846,0.1074548,0.05065052,0.21609450000000002,0.09376281,0.06331219,0.2089802,0.1031827,0.05935578,0.26280820000000005,0.0824239,0.06114472,0.23268179999999997,0.08501217,0.04337506,0.2226246,0.09144948,0.03034912,0.2221562,0.08852296,0.0516807,0.27418259999999994,0.07214872,0.05409448,0.23656390000000002,0.07829979,0.03244413,0.22761620000000002,0.08592847,0.01885606,0.23127889999999998,0.07552771,0.03841175,0.2832672,0.06165297,0.04110734,0.24788510000000002,0.070864,0.02118306,0.23919139999999997,0.07991049,0.008742854,0.24330970000000002,0.06311163,0.02414061,0.2876936,0.05426671,0.03075533,0.25963179999999997,0.06128414,0.01815026,0.2512812,0.06954328,0.006209075,0.25351999999999997,0.09400069999999999,0.02941887,0.2701437,0.1193394,-0.03473254,0.27066840000000003,0.1275811,-0.01094711,0.2514156,0.2320875,-0.25017249999999996,0.24081750000000002,0.14050020000000002,-0.03601446,0.2593158,0.10945350000000001,-0.05499461,0.27903579999999994,0.2476109,-0.24068240000000002,0.23095749999999998,0.21656420000000004,-0.2596625,0.2506775
653,17:16:50.119 PM,0.1199748,0.02860679,0.25177910000000003,0.1111461,0.05385418,0.2404058,0.1008102,0.06942867,0.2334761,0.10539580000000001,0.05825011,0.2878642,0.08649559,0.07584055,0.26199720000000004,0.07946373,0.06937163,0.24393389999999998,0.07793288,0.05888839,0.2341201,0.08971549,0.05072974,0.2978935,0.07244491,0.07082115,0.2665887,0.06907439,0.06200327,0.24458000000000002,0.07192777,0.04843326,0.23695059999999998,0.07536062,0.03774475,0.3051486,0.05852675,0.0554211,0.2759953,0.05893715,0.04588039,0.2546892,0.0647879,0.03283422,0.24809810000000002,0.06170553,0.02416609,0.307693,0.04944706,0.03988294,0.28514079999999997,0.05158342,0.03616761,0.26915500000000003,0.05820411,0.02669053,0.26039670000000004,0.09363081,0.02858762,0.29185720000000004,0.11418699999999998,-0.03713095,0.2873745,0.1247731,-0.01238048,0.270406,0.21743099999999999,-0.2564319,0.2517469,0.13591620000000001,-0.03893835,0.277231,0.10278210000000002,-0.05725365,0.2939552,0.233998,-0.24727420000000003,0.24338479999999998,0.20086389999999998,-0.2655895,0.26010900000000003
654,17:16:50.144 PM,0.12214549999999999,0.028635400000000005,0.26636809999999994,0.1166895,0.055327699999999994,0.256029,0.10914460000000001,0.07262616,0.24934629999999997,0.1047347,0.05647723,0.30324709999999994,0.0883234,0.08334897,0.28367420000000004,0.07832447,0.08844616,0.265412,0.07277768,0.08491950000000001,0.2516721,0.08876382,0.04877816,0.312678,0.07170634,0.07921319,0.2899306,0.06305415,0.08571608,0.26681320000000003,0.06059471,0.08012171,0.25063670000000005,0.07406589,0.03572519,0.3191001,0.05526156,0.06231035,0.2983555,0.04868296,0.06601180000000001,0.27477540000000006,0.04992149,0.05856694,0.2596857,0.06013167,0.02228732,0.3207977,0.04400022,0.043425099999999994,0.3056989,0.04123085,0.04768212,0.28914759999999995,0.04448868,0.04414062,0.2746155,0.0923842,0.02686702,0.30566550000000003,0.1118145,-0.03882658,0.2967823,0.1231427,-0.01362628,0.2827785,0.22120399999999998,-0.2543013,0.2558992,0.1339402,-0.03975061,0.28740290000000007,0.10062760000000001,-0.05945003,0.30207340000000005,0.2378603,-0.24445160000000002,0.2485639,0.20454760000000002,-0.264151,0.2632345
655,17:16:50.173 PM,0.1303311,0.03299533,0.29751279999999997,0.1293609,0.06204717,0.2969465,0.1226624,0.08084078,0.2964603,0.10651600000000001,0.04721402,0.3415557,0.09864227,0.08141638,0.3517757,0.0928067,0.10103089999999999,0.3534835,0.0872704,0.11369870000000001,0.3490173,0.08999591,0.03730308,0.3472155,0.07628699,0.07332052,0.3612204,0.06761254,0.09529473,0.3662769,0.06146537,0.1089132,0.3606824,0.07473025,0.02339621,0.3482117,0.05697605,0.05441611,0.36113429999999996,0.04558061,0.0748526,0.3634813,0.03927876,0.08699234,0.3554923,0.060404,0.01076038,0.34467709999999996,0.04014644,0.03044806,0.3550258,0.0292483,0.04282416,0.35700679999999996,0.02168477,0.05443715,0.3523342,0.0933331,0.01914702,0.3330406,0.11219649999999999,-0.041309399999999996,0.30566609999999994,0.1239326,-0.011822299999999999,0.29823249999999996,0.22629610000000003,-0.24975509999999998,0.24606979999999998,0.1352649,-0.04113769,0.29887420000000003,0.100538,-0.06232569,0.30649840000000006,0.24365949999999997,-0.2391611,0.24225770000000002,0.2089326,-0.2603491,0.24988200000000002
656,17:16:50.205 PM,0.1401763,0.02571617,0.3304074,0.1438635,0.05301316,0.3396232,0.1393039,0.07124926,0.3462706,0.11725439999999998,0.02583878,0.379703,0.1177464,0.04730557,0.4093246,0.11531480000000001,0.06348641,0.4218598,0.1109729,0.07714827,0.4244742,0.1004681,0.01545288,0.38336770000000003,0.09439709,0.03487037,0.4190177,0.08869959,0.051627,0.435597,0.08332977,0.06631114,0.4391059,0.08420122,0.002893105,0.38118009999999997,0.07328501,0.01868115,0.4140366,0.06462653,0.03434695,0.42944899999999997,0.05819485,0.04882701,0.4310924,0.06860417,-0.006946117,0.3750995,0.05146916,0.0002542287,0.3988199,0.04120969,0.008662179,0.4089357,0.03304785,0.0205584,0.41173859999999995,0.1010586,0.00325048,0.3635752,0.11346960000000002,-0.04614417,0.31752329999999995,0.125919,-0.01514421,0.3172225,0.22635770000000002,-0.24917329999999996,0.23975639999999998,0.1367725,-0.04569934,0.3115974,0.10145549999999999,-0.06689192,0.31567249999999997,0.24401620000000002,-0.238577,0.23771889999999998,0.20869920000000003,-0.2597696,0.24179389999999998
657,17:16:50.235 PM,0.1536766,0.0055253509999999995,0.35940359999999993,0.16327360000000002,0.0277843,0.3754757,0.162407,0.04386212,0.3872781,0.1288432,-0.00403744,0.4086248,0.1329257,0.007711753000000001,0.44309679999999996,0.13119470000000003,0.02377291,0.45590810000000004,0.1278031,0.03775714,0.4582202,0.1106925,-0.01250881,0.4100403,0.10778319999999998,-0.0037325920000000003,0.4501028,0.10372719999999999,0.01327062,0.4669201,0.1003967,0.02842988,0.47092740000000005,0.09268161,-0.02143848,0.40520409999999996,0.08458305,-0.01470299,0.4418317,0.07819817,0.001167342,0.4581335,0.07446868,0.01648842,0.46044979999999996,0.07572005,-0.02676934,0.3973699,0.06009017,-0.02455655,0.42307100000000003,0.051888,-0.01426095,0.43332170000000003,0.04753678,-0.00043606760000000004,0.4357962,0.109273,-0.01848917,0.3875842,0.1146776,-0.054730499999999994,0.3298982,0.13070879999999999,-0.02623445,0.3367016,0.21558490000000002,-0.2538451,0.2289259,0.1382727,-0.05552438,0.32532150000000004,0.10117319999999999,-0.07384808,0.3243778,0.2341346,-0.24468320000000005,0.2293978,0.19703510000000002,-0.26300690000000004,0.228454
658,17:16:50.268 PM,0.161055,-0.01669641,0.3817534,0.17439870000000002,0.0005832762,0.40096240000000005,0.1759737,0.01396345,0.41569040000000007,0.1345034,-0.03073147,0.4301281,0.14087779999999997,-0.02305576,0.46539030000000003,0.14048829999999998,-0.007591754,0.4790195,0.138222,0.006266773000000001,0.4829145,0.1158287,-0.03807889,0.43082570000000003,0.114923,-0.03250296,0.47155059999999993,0.1127563,-0.01638946,0.48954849999999994,0.1108204,-0.001635924,0.49550550000000004,0.09707762,-0.04480197,0.42528509999999997,0.09024399,-0.03982988,0.4624482,0.08568949,-0.02289766,0.4782871,0.08337265,-0.007561147,0.4819372,0.07954935,-0.04754013,0.4173651,0.06527196,-0.04652755,0.4439141,0.05929494,-0.03501868,0.4544095,0.05692746,-0.02096951,0.45803679999999997,0.11331980000000001,-0.03996524,0.407758,0.115077,-0.06643245,0.3450458,0.1326361,-0.04019397,0.355461,0.21187110000000003,-0.2561698,0.2240058,0.1386875,-0.06735092,0.3405727,0.10114580000000001,-0.08448771,0.3374149,0.23064189999999998,-0.2476014,0.22558470000000003,0.19310020000000003,-0.2647382,0.22242689999999998
659,17:16:50.300 PM,0.1649364,-0.02628693,0.3952914,0.179056,-0.01108257,0.4156709,0.1821223,0.0007772744,0.43143279999999995,0.13796660000000002,-0.04296459,0.44290870000000004,0.1445251,-0.03564341,0.4782133,0.1447901,-0.02186932,0.49355,0.1431043,-0.008843675,0.4998606,0.1193097,-0.05038303,0.44323559999999995,0.1184522,-0.04528902,0.48402520000000004,0.1165657,-0.03159371,0.5039547999999999,0.1147404,-0.0179472,0.5121611,0.10051,-0.05670224,0.43739120000000004,0.09354243,-0.05258657,0.4746343,0.08887318,-0.03849968,0.4930191,0.0861465,-0.02471602,0.5005314000000001,0.08290295,-0.05886352,0.42946629999999997,0.06890059,-0.05805726,0.45616850000000003,0.06288314,-0.0477363,0.4678127,0.05979358,-0.03472775,0.4739227,0.1165609,-0.05050604,0.42011689999999996,0.11770719999999998,-0.07252854,0.3557875,0.135327,-0.04669687,0.3677547,0.2125998,-0.2591652,0.22857310000000003,0.14129470000000002,-0.07349128,0.3512039,0.10360889999999999,-0.09022947,0.3476498,0.2314427,-0.2507961,0.2303502,0.1937568,-0.2675343,0.22679610000000003
660,17:16:50.335 PM,0.16548510000000002,-0.03170076,0.4032655,0.1779007,-0.01570044,0.4241357,0.1798486,-0.003650323,0.43992939999999997,0.1407276,-0.04939589,0.45067159999999995,0.14762820000000001,-0.04183814,0.48586090000000004,0.1488285,-0.02989662,0.5026234,0.1478225,-0.01780921,0.5107016,0.12210039999999998,-0.05686519,0.45134040000000003,0.12141760000000001,-0.050826800000000005,0.49200420000000006,0.119823,-0.03863187,0.5129108,0.11807999999999999,-0.02565525,0.5221582,0.1032105,-0.06322663,0.4458432,0.09657387,-0.05797789,0.4830038,0.09205311,-0.04508838,0.502286,0.08925411,-0.0319732,0.5108979,0.08546256,-0.06542388,0.4382497,0.07218663,-0.06297799999999999,0.4652205,0.0663134,-0.05307692,0.47729620000000006,0.06301742,-0.0405136,0.4841868,0.11891480000000001,-0.05696198,0.4282776,0.11891289999999999,-0.07868816,0.363791,0.1366759,-0.05302602,0.37557540000000006,0.2126571,-0.26131170000000004,0.23006820000000003,0.14240379999999997,-0.07932316,0.35868390000000006,0.10479649999999999,-0.09631552,0.3555257,0.2314607,-0.2528156,0.2316473,0.1938535,-0.26980790000000004,0.2284891
661,17:16:50.365 PM,0.1632223,-0.03275366,0.407901,0.1726441,-0.01558283,0.4294031,0.1727594,-0.003318578,0.44515540000000003,0.14251529999999998,-0.05274743,0.4544465999999999,0.1493852,-0.04565999,0.4897398,0.1508625,-0.03500761,0.5073308,0.15008429999999998,-0.0237468,0.5165506,0.12400370000000001,-0.06045756,0.4554943,0.12363900000000001,-0.05416197,0.49612330000000004,0.12220619999999999,-0.04274301,0.517476,0.1204695,-0.030420799999999998,0.5275808000000001,0.10507910000000002,-0.06703831,0.45038809999999996,0.09913413,-0.06116106,0.4875723,0.09489401,-0.04869841,0.507196,0.09209916,-0.03596137,0.5163595,0.08719655,-0.06943206,0.44317890000000004,0.07491936,-0.06582627,0.4704922,0.06938366,-0.05601442,0.4827982,0.06612337,-0.04363954,0.4900384,0.1203098,-0.06050155,0.432507,0.1190452,-0.08179434,0.3678267,0.13684820000000003,-0.05612427,0.37944240000000007,0.21040140000000002,-0.26003339999999997,0.22673000000000001,0.1423742,-0.0820591,0.3619956,0.1048517,-0.09935348,0.3595481,0.22916260000000002,-0.2513862,0.2279538,0.1916401,-0.26868059999999994,0.22550630000000002
662,17:16:50.397 PM,0.1589389,-0.03288357,0.4105376,0.1650357,-0.01514579,0.4327613,0.163462,-0.0030045809999999997,0.44852829999999994,0.1424842,-0.05531180000000001,0.45554859999999997,0.14891079999999998,-0.04866789,0.491011,0.15010079999999998,-0.03843661,0.5088712000000001,0.14909879999999998,-0.02746363,0.5184103,0.1240849,-0.06326765,0.4567268,0.1238481,-0.05651781,0.49728370000000005,0.12236680000000001,-0.04485948,0.5185032,0.120554,-0.03266045,0.5287429,0.10518430000000001,-0.07002904,0.4517702,0.09982899,-0.06388102,0.489,0.09583656,-0.05156253,0.5087661,0.09308339,-0.03905495,0.5182523,0.08724769,-0.07256676,0.444747,0.07589595,-0.0689549,0.4724566,0.07058865,-0.05976041,0.4853264,0.06728332,-0.04783875,0.4932712,0.1201151,-0.06309529999999999,0.4337863,0.1182694,-0.08350806,0.3687817,0.1359569,-0.05790125,0.38058309999999995,0.208563,-0.2563092,0.22042960000000003,0.141482,-0.08335312,0.3625001,0.10408610000000001,-0.10094310000000001,0.3602282,0.2272609,-0.24751420000000002,0.2215656,0.189865,-0.2651042,0.2192936
663,17:16:50.427 PM,0.156038,-0.03062302,0.4094757,0.15933970000000003,-0.01240584,0.43190839999999997,0.1556618,-0.00036783519999999996,0.44740640000000004,0.14250960000000001,-0.05402407,0.4535902,0.1486381,-0.04723957,0.4890789000000001,0.1496269,-0.03705506,0.5069782,0.1484944,-0.02619968,0.5166367000000001,0.1242047,-0.0621891,0.45480859999999995,0.12375439999999999,-0.05456515,0.49520870000000006,0.12206610000000001,-0.04248495,0.5161754,0.1201027,-0.030235900000000003,0.5263274,0.1053857,-0.06919827,0.4498856,0.09995692,-0.06233901,0.4869806,0.09585208,-0.04986192,0.5066238000000001,0.09297209,-0.03739133,0.5161210999999999,0.08748135,-0.07198371,0.44287390000000004,0.07629353,-0.06819429,0.47062659999999995,0.07089473,-0.05936593,0.4837134,0.06737888,-0.04772536,0.49197920000000006,0.1202373,-0.06218512,0.4318669,0.118584,-0.08285584,0.3668965,0.13602650000000002,-0.05708776,0.3786387,0.20969770000000004,-0.2532589,0.21628699999999998,0.1417562,-0.08240733,0.36048109999999994,0.1045231,-0.1003447,0.35825100000000004,0.2283143,-0.2442902,0.21740210000000001,0.1910812,-0.2622275,0.21517199999999997
664,17:16:50.458 PM,0.15421949999999998,-0.02764489,0.4069345,0.1562307,-0.008830369,0.4290215,0.1511183,0.0032750220000000003,0.44405,0.1425267,-0.05077031,0.4510413,0.1487229,-0.04339239,0.48639940000000004,0.1497547,-0.03307542,0.5042202,0.1486713,-0.02226122,0.5139303,0.1243088,-0.05909897,0.4524407999999999,0.12385330000000001,-0.05047707,0.4926393,0.12212169999999999,-0.03809071,0.513423,0.1200952,-0.02579418,0.5235047,0.1055635,-0.06640822,0.447676,0.10011060000000001,-0.05867085,0.4845939,0.09592926,-0.04603719999999999,0.5041205,0.09293864,-0.03357899,0.5135999,0.0876881,-0.06952985,0.44073260000000003,0.0764609,-0.06526138,0.4683996,0.07091124,-0.05650041,0.4814685,0.06716878,-0.04495433,0.489767,0.1203374,-0.059625,0.42950600000000005,0.1188962,-0.08159202,0.36494590000000005,0.1360624,-0.05549672,0.3761751,0.2122941,-0.2525004,0.21632220000000002,0.142058,-0.08090118,0.35851409999999995,0.1050743,-0.09937371,0.3565153,0.2307859,-0.2432641,0.21732159999999998,0.19380229999999998,-0.26173670000000004,0.2153228
665,17:16:50.487 PM,0.1534637,-0.02496809,0.4039173,0.1556754,-0.005695999,0.425587,0.15024820000000003,0.00659281,0.4403544,0.1426221,-0.04749689,0.4483765,0.1490759,-0.03956766,0.48356899999999997,0.1501896,-0.02895735,0.5012118,0.1491364,-0.01801787,0.510784,0.124471,-0.05592512,0.45002650000000005,0.124304,-0.04660891,0.4900724,0.12267370000000001,-0.03387497,0.5106533,0.12065450000000001,-0.02140355,0.5205195,0.1057536,-0.06345282,0.4454972,0.100563,-0.05512524,0.4823246,0.09646877,-0.04223262,0.5016999,0.09347747,-0.02962838,0.510984,0.08786542,-0.06682831,0.4387071,0.07677132,-0.06224303,0.4663771,0.07121646,-0.05339475,0.47938500000000006,0.06741791,-0.04177985,0.48756109999999997,0.1203858,-0.05690677,0.42712659999999997,0.11882739999999999,-0.08007562,0.36300190000000004,0.1358076,-0.053664699999999996,0.37364580000000003,0.21405010000000002,-0.2524944,0.2173083,0.14196910000000001,-0.07922179,0.3565177,0.10520810000000001,-0.09817134,0.3549168,0.23243060000000001,-0.2430196,0.2181087,0.19566960000000003,-0.2619692,0.2165078
666,17:16:50.519 PM,0.1524325,-0.0227873,0.4008179,0.1546463,-0.00318408,0.42218809999999996,0.1485621,0.009130105,0.4366753,0.14181670000000002,-0.04474683,0.4455345,0.14828329999999998,-0.03633006,0.4806111,0.149206,-0.02514282,0.4979048,0.1479034,-0.01376842,0.5069228,0.1237157,-0.0532614,0.44728850000000003,0.12365160000000001,-0.04342975,0.4872111,0.12194389999999998,-0.03003234,0.5073595999999999,0.11980460000000001,-0.01707244,0.516547,0.1050505,-0.06097043,0.44284989999999996,0.09993669,-0.0522491,0.47959670000000004,0.09580135,-0.03878646,0.49857120000000005,0.09276456,-0.02571781,0.5071728,0.08719178,-0.06455609,0.43609030000000004,0.07615229,-0.05989622,0.4637697,0.07060475,-0.0507915,0.4766025,0.06686185,-0.03886211,0.48433940000000003,0.1196647,-0.05460671,0.42440100000000003,0.11836189999999999,-0.0787468,0.3606447,0.1351317,-0.05206078,0.3708958,0.2154078,-0.25319980000000003,0.2186236,0.14152089999999998,-0.07784404,0.35422950000000003,0.1049075,-0.09709485,0.3528577,0.2337145,-0.24357440000000002,0.21930940000000002,0.197101,-0.2628252,0.21793769999999998
667,17:16:50.548 PM,0.1516281,-0.02027042,0.39743979999999995,0.15371529999999997,-0.000364095,0.41854090000000005,0.1470826,0.01193911,0.43279520000000005,0.1412543,-0.04172648,0.44242159999999997,0.1475664,-0.03272294,0.47738050000000004,0.14821579999999998,-0.021071700000000002,0.494378,0.14663610000000002,-0.009425655,0.5029968,0.1232636,-0.0504498,0.4442811,0.12319369999999999,-0.04010606,0.4840741,0.1213258,-0.02623537,0.5038857,0.1190097,-0.01301315,0.5126472,0.1047028,-0.05845922,0.43993720000000003,0.09959713,-0.04942426,0.47660929999999996,0.09533533,-0.035630199999999994,0.4953161,0.09216072,-0.02237195,0.5035715000000001,0.08689684,-0.06236714,0.433217,0.07587518,-0.05774595,0.46091000000000004,0.07024307,-0.04857165,0.47365609999999997,0.06638505,-0.03655912,0.4812058,0.1192471,-0.05215852,0.4214117,0.11825419999999999,-0.07726076,0.3580217,0.1347194,-0.05014065,0.36788540000000003,0.21636839999999996,-0.25388829999999996,0.21946279999999996,0.1413971,-0.07632235,0.3515537,0.10492269999999998,-0.09586192,0.35063390000000005,0.2346056,-0.2441185,0.21992270000000003,0.1981312,-0.263658,0.2190029
668,17:16:50.579 PM,0.15104879999999998,-0.01799767,0.3947119,0.1528829,0.002149805,0.4156067,0.1457207,0.01441661,0.4296342000000001,0.14077179999999997,-0.03894466,0.43984520000000005,0.14685420000000002,-0.02928351,0.47466899999999995,0.1472943,-0.01730751,0.491446,0.1455614,-0.00554511,0.4998751,0.1228661,-0.04783079,0.4417531,0.12266580000000002,-0.0368713,0.48138050000000004,0.12063589999999999,-0.02265285,0.5009278,0.1181958,-0.009340644,0.5095175999999999,0.10440439999999998,-0.05608574,0.43744740000000004,0.09917685,-0.0465084,0.4739644,0.09476027,-0.03237502,0.4923795999999999,0.09145724,-0.01903716,0.5004543,0.08666308,-0.06026129,0.43071709999999996,0.07555687,-0.05535206,0.4583266,0.06983769999999999,-0.04594694,0.47086400000000006,0.06586231,-0.03385356,0.4782214,0.1189464,-0.04986380000000001,0.41889350000000003,0.118353,-0.07580504,0.35582820000000004,0.1345813,-0.04834729,0.365398,0.2170159,-0.2543761,0.22018200000000002,0.141492,-0.07489912,0.3493414,0.10508039999999999,-0.09456806,0.3487504,0.2352217,-0.24454160000000003,0.22047750000000002,0.19881010000000002,-0.26421059999999996,0.2198866
669,17:16:50.610 PM,0.15129,-0.01662669,0.3923417,0.15322779999999997,0.003770992,0.41298290000000004,0.14586110000000002,0.01611094,0.4268393,0.14106,-0.03693062,0.43777479999999996,0.14719520000000003,-0.02674402,0.4724393,0.14764649999999999,-0.01453431,0.4890468,0.1459108,-0.002668515,0.4973292,0.1231809,-0.04583235,0.4398519,0.1231672,-0.03441690000000001,0.4793509,0.1212222,-0.02000181,0.4987624,0.1188141,-0.006621256,0.5072545,0.104726,-0.054185699999999996,0.43570929999999997,0.09965982,-0.04412664,0.4721193,0.09530672,-0.02973647,0.49035,0.09202109,-0.01631065,0.49828490000000003,0.08697495,-0.05849014,0.42908670000000004,0.07596762,-0.05319548,0.4566646,0.07029279,-0.04355247,0.46904049999999997,0.06633267,-0.03134635,0.47621769999999997,0.1191991,-0.04817399,0.4170325,0.11846689999999999,-0.0749744,0.35432990000000003,0.1346739,-0.04732288,0.3634756,0.2169487,-0.2554245,0.221058,0.14158410000000002,-0.07413489999999999,0.34775700000000004,0.10519790000000001,-0.09385891,0.34757550000000004,0.23514179999999996,-0.2455625,0.22114879999999998,0.1987557,-0.2652865,0.22096729999999998
670,17:16:50.644 PM,0.15211670000000002,-0.01574561,0.3899761,0.1547374,0.004789487,0.4104045,0.1476139,0.01729386,0.4242407,0.14156470000000002,-0.03548515,0.4357417,0.14786329999999998,-0.02494614,0.47027129999999995,0.148426,-0.0125926,0.48676850000000005,0.1467641,-0.0006528199,0.49495920000000004,0.12366980000000001,-0.04431608,0.4379792,0.12387390000000001,-0.03250037,0.4773598,0.1220522,-0.01784903,0.4966056,0.1197173,-0.004360214,0.5049456,0.1051703,-0.05264793,0.43399560000000004,0.10028730000000001,-0.0420121,0.4702665,0.09604542,-0.02720782,0.4881893,0.09283788,-0.01358719,0.4958183,0.08737437,-0.0569535,0.4274954000000001,0.07652293,-0.05109401,0.4550209,0.07099168,-0.04104897,0.46713940000000004,0.06717772,-0.02861875,0.4740044,0.1195692,-0.04683284,0.4151996,0.11847039999999999,-0.07417716,0.3527514,0.13478310000000002,-0.0464672,0.36156259999999996,0.21605029999999997,-0.256702,0.2216596,0.14157,-0.07349241,0.3460993,0.1051288,-0.09311441,0.3462943,0.23427089999999998,-0.24689099999999997,0.2215621,0.1978297,-0.266513,0.22175709999999998
671,17:16:50.679 PM,0.15329779999999998,-0.01439396,0.3876358,0.15656370000000003,0.0062532130000000005,0.4078571,0.15006770000000003,0.01909588,0.4216925,0.1416384,-0.03351437,0.43363679999999993,0.14758310000000002,-0.02268985,0.4681409000000001,0.14803370000000002,-0.01029521,0.4846108,0.14634729999999999,0.001646906,0.49279300000000004,0.1237105,-0.042298699999999995,0.43579229999999997,0.1235213,-0.03018785,0.4750833,0.12152069999999998,-0.01540974,0.4942142,0.1191203,-0.001879364,0.5024678,0.10523189999999999,-0.05063312,0.43171809999999994,0.09998167,-0.03933604,0.467737,0.09556573,-0.0240678,0.4852234,0.09230653,-0.01024647,0.49245950000000005,0.08748488,-0.05496272,0.425101,0.07639897,-0.04832615,0.4523555,0.0708699,-0.037716,0.46398379999999995,0.06714807,-0.02497247,0.47030370000000005,0.1198,-0.0449923,0.41299949999999996,0.1191556,-0.07286961,0.3507721,0.1354712,-0.04508252,0.359493,0.2162942,-0.2573793,0.2221542,0.14230020000000002,-0.07240947,0.3442583,0.1057249,-0.09178073,0.3444241,0.23458179999999998,-0.2476937,0.22207129999999997,0.1980066,-0.26706490000000005,0.22223710000000002
672,17:16:50.713 PM,0.15422550000000002,-0.01203646,0.3845989,0.1577043,0.008791134,0.4045985,0.15179120000000002,0.02191587,0.41843040000000004,0.1418644,-0.03079763,0.4308867,0.14745339999999998,-0.01984547,0.46540990000000004,0.147651,-0.007420048,0.4818616,0.14571879999999998,0.004581481,0.4899014,0.12403239999999999,-0.03978753,0.43298909999999996,0.1232031,-0.02764298,0.47226140000000005,0.12070940000000001,-0.01268737,0.49119540000000006,0.11795499999999999,0.0009977371,0.4990751,0.1056864,-0.04838131,0.4288549,0.0997426,-0.03637037,0.4645334,0.09480761,-0.02027464,0.48111570000000003,0.09126198,-0.0060097430000000005,0.4872776,0.08803960000000001,-0.05298077,0.4221525,0.07652809,-0.04541448,0.4489849,0.07092981,-0.03386362,0.45964340000000004,0.06734636,-0.02051328,0.4646566,0.12031019999999999,-0.04270105,0.41019179999999994,0.12029939999999999,-0.07115088,0.3482074,0.1363438,-0.04299952,0.3567937,0.21771849999999998,-0.2575244,0.2225228,0.14345270000000002,-0.0707758,0.3417195,0.10688800000000001,-0.09016331,0.3421269,0.2360009,-0.2478306,0.22231910000000002,0.1994361,-0.26721809999999996,0.2227265
673,17:16:50.751 PM,0.15495699999999998,-0.006818309,0.38017929999999994,0.1587353,0.01415798,0.3999683,0.1537443,0.02751593,0.4139398,0.1426064,-0.02667366,0.42691,0.1476459,-0.0152474,0.46136450000000007,0.14679979999999998,-0.001759261,0.47693959999999996,0.1437871,0.01094468,0.4834277,0.12503019999999998,-0.03617616,0.42891229999999997,0.1230616,-0.02338584,0.4679394,0.11924749999999999,-0.006621866999999999,0.48506229999999995,0.1155157,0.008162171,0.4900528,0.10693079999999999,-0.04523407,0.4246821,0.09963915,-0.03182639,0.4596076,0.09363109,-0.01344711,0.4732117,0.08967729,0.001830056,0.4755654,0.08942008,-0.05025399,0.4179244000000001,0.07707,-0.04122990000000001,0.4439228,0.07151581,-0.02791791,0.45232510000000004,0.06860132,-0.01360546,0.4541262,0.1213961,-0.03896178,0.4060849,0.1219317,-0.06711806,0.3439756,0.1374457,-0.03827602,0.3526947,0.2177951,-0.2568739,0.22221279999999996,0.1450395,-0.06698783,0.3373179,0.1084103,-0.08622389,0.338457,0.23610970000000003,-0.2472558,0.2216432,0.1994805,-0.26649190000000006,0.2227823
674,17:16:50.782 PM,0.152455,-0.00044131279999999997,0.3783131,0.1540424,0.02000637,0.39893470000000003,0.1484063,0.03273334,0.4132455,0.1416707,-0.02354462,0.42381899999999995,0.1431883,-0.01051483,0.45803829999999995,0.1391412,0.0048818740000000005,0.4711401,0.1340374,0.01806428,0.47468820000000006,0.12449380000000002,-0.0338707,0.4250616,0.11951580000000002,-0.01876166,0.462975,0.11333610000000001,0.0005552024,0.4762813,0.10850839999999998,0.01579989,0.47739929999999997,0.1068827,-0.04349557,0.42008840000000003,0.09678897,-0.02660617,0.4527291,0.08948011,-0.00570032,0.46097029999999994,0.08537757,0.009605169,0.45926059999999996,0.0897273,-0.04895161,0.4127800999999999,0.07652686,-0.03617369,0.43670109999999995,0.07204801,-0.02054523,0.44044940000000005,0.07092334,-0.006213039,0.4373651,0.12138030000000001,-0.03578141,0.4020678,0.12369369999999999,-0.06178814,0.3390933,0.1383063,-0.03201284,0.3490787,0.2165353,-0.2555467,0.2213638,0.14684270000000002,-0.06223632,0.3325947,0.1098288,-0.08071581,0.33381890000000003,0.2350422,-0.2463069,0.22075170000000002,0.1980283,-0.2647864,0.2219759
675,17:16:50.815 PM,0.1474512,0.009645969,0.37073259999999997,0.1458308,0.02982806,0.39161,0.1380212,0.04149453,0.40580079999999996,0.13923629999999998,-0.01504509,0.41552570000000005,0.1344662,0.00214842,0.4475260999999999,0.1255701,0.01931186,0.4546418,0.1179914,0.03139372,0.45172870000000004,0.12319289999999998,-0.02709402,0.4163054,0.1137874,-0.007089346999999999,0.4509652,0.10441700000000001,0.01431885,0.45741980000000004,0.09838294,0.02854888,0.45321049999999996,0.1067712,-0.03841832,0.4108685,0.0924421,-0.01560146,0.43780920000000006,0.08417508,0.006338388,0.4350861,0.0805001,0.0194649,0.4268647,0.09042075,-0.04552262,0.403146,0.07631633,-0.02778867,0.4230441,0.07332484,-0.01169339,0.41989970000000004,0.07422107,-3.4540890000000006e-05,0.4110048,0.12075830000000001,-0.02904858,0.3932337,0.1260328,-0.05482595,0.3303052,0.1382731,-0.0229497,0.3406547,0.21804389999999998,-0.25355520000000004,0.2204791,0.1491128,-0.05552878,0.32358709999999996,0.1121539,-0.07399604,0.3260405,0.2365234,-0.2443216,0.2192524,0.1995645,-0.2627889,0.2217058
676,17:16:50.847 PM,0.14375970000000002,0.02230419,0.35301020000000005,0.140794,0.04364906,0.37253359999999996,0.1320861,0.05541696,0.3861045,0.1391159,0.0012170969999999999,0.3994302,0.12778789999999998,0.02617006,0.4236684,0.1155472,0.04152571,0.4177443,0.10864220000000001,0.04730444,0.40639159999999996,0.1241702,-0.01197672,0.4017799,0.1097876,0.01764576,0.42626990000000003,0.09930412,0.03618033,0.4149286,0.09567582,0.04149769,0.4003363,0.10859780000000001,-0.02500181,0.3978954,0.09218704,0.004836455,0.41489309999999996,0.08556317,0.02103166,0.39915259999999997,0.08521736,0.02458353,0.3837008,0.09267310000000001,-0.03402202,0.3913915,0.07951291,-0.01056053,0.4049526,0.07828885,0.0019379999999999998,0.3940504,0.08149379,0.00523524,0.380154,0.12120650000000001,-0.01604484,0.37905659999999997,0.1262918,-0.04678467,0.31837790000000005,0.1365387,-0.01297541,0.3255563,0.2222089,-0.2516883,0.22440820000000003,0.14906770000000003,-0.04723605,0.3106704,0.1131076,-0.06682365,0.31668850000000004,0.24018899999999999,-0.2418945,0.2213991,0.2042289,-0.2614821,0.2274172
677,17:16:50.882 PM,0.1384453,0.03521104,0.3215593,0.13560940000000002,0.059677999999999995,0.3370798,0.1273693,0.07313667,0.3493283,0.14093,0.02496217,0.37065679999999995,0.12182930000000002,0.05458073,0.38131170000000003,0.1092156,0.05922721,0.3653788,0.10571289999999998,0.05454762,0.3518083,0.1279832,0.01125421,0.3776442,0.1063067,0.04642193,0.3811187,0.09839369,0.04745699,0.3577284,0.09915344,0.03941981,0.3435053,0.11370410000000002,-0.003710955,0.3786238,0.0931318,0.02862333,0.3769479,0.09017245,0.02751125,0.3531762,0.09414861,0.01804413,0.3406234,0.09831604,-0.01538359,0.37628,0.08526405,0.01197776,0.3769192,0.08452615,0.01325567,0.3600788,0.08807415,0.00555177,0.347817,0.12300639999999999,0.0020509960000000002,0.35680229999999996,0.1245383,-0.04128969,0.3037373,0.1318321,-0.005246967,0.302162,0.2308029,-0.2492656,0.22950320000000002,0.1457125,-0.04082865,0.2923608,0.1139906,-0.06254832,0.30769040000000003,0.24666390000000002,-0.2384058,0.2218383,0.214942,-0.2601255,0.237168
678,17:16:50.911 PM,0.1441149,0.0401559,0.2930115,0.1403009,0.06806745,0.30023130000000003,0.1311671,0.08462514,0.3066213,0.1396991,0.04556425,0.34210890000000005,0.11848,0.07164793,0.3275804,0.1130902,0.06215663,0.31009770000000003,0.11532089999999999,0.04953595,0.30317209999999994,0.1248961,0.03519301,0.35085079999999996,0.10527249999999999,0.06182821,0.326471,0.1059844,0.04661863,0.3075993,0.1114328,0.03192757,0.30425,0.10947739999999999,0.02181391,0.3541264,0.09295169,0.04667647,0.33046040000000004,0.09751161,0.03239997,0.31220159999999997,0.10447390000000001,0.01825513,0.30990559999999995,0.09366776,0.0105668,0.3531204,0.08434672,0.03386171,0.33640349999999997,0.08712661,0.02503325,0.32252970000000003,0.09203374,0.01156615,0.3192787,0.12202460000000001,0.020178599999999998,0.3332923,0.1277564,-0.035703,0.2938493,0.13743139999999998,-0.004004627,0.285488,0.2352095,-0.2503939,0.24501869999999998,0.1495568,-0.03646854,0.2837265,0.11670119999999999,-0.05640655,0.29908909999999994,0.2516373,-0.24042489999999997,0.23733739999999998,0.2187817,-0.2603629,0.2527
679,17:16:50.942 PM,0.1422693,0.04335447,0.2718869,0.1350809,0.07150035,0.27219509999999997,0.1232468,0.08751936,0.27312800000000004,0.13048769999999998,0.05803542,0.3172895,0.1133135,0.07388063,0.2891316,0.11203210000000001,0.05812602,0.2759213,0.1158762,0.04410599,0.2753614,0.1143046,0.04891624,0.32491570000000003,0.10133339999999999,0.06443946,0.2891626,0.1054204,0.04367824,0.2773501,0.11095510000000001,0.02912448,0.2810798,0.09863694,0.03573661,0.3277992,0.08847719,0.05193241,0.29486599999999996,0.09567925,0.03328253,0.28230479999999997,0.1022698,0.01917852,0.2856498,0.08343135,0.02377106,0.3260653,0.07854768,0.04055609,0.3015137,0.08434329,0.02925779,0.29071020000000003,0.08986264,0.01581483,0.2928485,0.115121,0.03059433,0.3106056,0.12840539999999998,-0.03133458,0.28364190000000006,0.1399765,-0.00183633,0.2727409,0.23487289999999997,-0.250672,0.2597427,0.1512206,-0.033136,0.2762595,0.11623689999999999,-0.051466899999999996,0.28863449999999996,0.25236479999999994,-0.2415065,0.25355520000000004,0.21738110000000002,-0.2598374,0.2659302
680,17:16:50.972 PM,0.1294641,0.04270075,0.2393573,0.11452939999999999,0.06677096,0.2327989,0.09861998,0.07864954,0.2307406,0.1178645,0.06806715,0.278306,0.09606373,0.06808953,0.24887689999999998,0.1010734,0.04975124,0.24091820000000003,0.11024260000000001,0.03910632,0.2447589,0.1047347,0.05847441,0.29007459999999996,0.08700893,0.05853771,0.2530016,0.09616371,0.03653659,0.24852399999999997,0.105295,0.02571703,0.2560275,0.09293430000000001,0.043748300000000004,0.29849970000000003,0.07786199,0.04597081,0.2635881,0.08938015,0.02633069,0.2572947,0.09937984,0.01589178,0.26399090000000003,0.08110954,0.02877973,0.3021331,0.07131127,0.03537931,0.2743993,0.07974163,0.02252327,0.2679308,0.08852835,0.01194181,0.27311040000000003,0.10953519999999999,0.03722428,0.2818796,0.1352391,-0.02611892,0.27167179999999996,0.1402391,0.0008478164999999999,0.25285860000000004,0.2580214,-0.2376411,0.2573822,0.1564142,-0.02724931,0.2603294,0.12634220000000002,-0.04614074,0.28158520000000004,0.2730574,-0.2281953,0.24675429999999995,0.2429854,-0.2470868,0.2680101
681,17:16:51.004 PM,0.12434210000000001,0.03513522,0.2040864,0.10610139999999998,0.05332254,0.190616,0.08871649,0.06179594,0.1857,0.10677919999999999,0.06962945,0.2325411,0.08352907,0.05500247,0.2083228,0.09395622,0.03728677,0.2070408,0.10595550000000001,0.03139646,0.21281750000000002,0.0963672,0.06321974,0.2484677,0.07636504,0.04691692,0.21648320000000004,0.0910893,0.027661400000000003,0.21706370000000003,0.10355710000000001,0.02208941,0.22543960000000002,0.08809689,0.05108477,0.2630166,0.07052764,0.03769927,0.2319797,0.08685785,0.02074303,0.23002260000000002,0.1000056,0.01569138,0.23745570000000002,0.07961644,0.03690653,0.27323020000000003,0.06718787,0.031016900000000003,0.2464025,0.07771732,0.01825349,0.2443089,0.08869161,0.01169702,0.2515594,0.10481969999999999,0.04154728,0.2480634,0.1408289,-0.01668642,0.2558652,0.14058120000000002,0.002428055,0.23084570000000004,0.2799203,-0.21767929999999996,0.2392331,0.1588518,-0.01783172,0.239985,0.1367152,-0.03564041,0.2700822,0.2909886,-0.20877489999999999,0.22418449999999998,0.2688521,-0.22658360000000002,0.2542817
682,17:16:51.035 PM,0.11936889999999999,0.03295292,0.181348,0.09929194,0.04714657,0.1658054,0.08451657,0.05625881,0.1558872,0.09411605,0.06491853,0.20459770000000002,0.07301784,0.04290794,0.1842501,0.08662809,0.02742599,0.1846774,0.09974407,0.02388732,0.18995739999999997,0.08573268,0.05916394,0.22191460000000002,0.06844345,0.03442873,0.193969,0.08680741,0.01876466,0.1964469,0.10049069999999999,0.01675771,0.2045625,0.08059074,0.04807724,0.2385975,0.06495175,0.02727567,0.2107383,0.08307277,0.01212826,0.21184029999999998,0.09652206,0.01041499,0.220229,0.07553749,0.03428139,0.25131770000000003,0.06299399,0.02252461,0.22652429999999998,0.07560467,0.01166709,0.22527979999999997,0.088038,0.008084014,0.23227129999999999,0.09848407,0.0398141,0.22424360000000002,0.1449374,-0.009140193000000001,0.23746350000000002,0.1410708,0.0063680559999999995,0.2109224,0.28941940000000005,-0.2056999,0.2147509,0.1610019,-0.0105396,0.21962270000000003,0.1433211,-0.02739675,0.253033,0.2982598,-0.19727129999999998,0.1980458,0.280579,-0.21412840000000002,0.23145610000000003
683,17:16:51.067 PM,0.1207903,0.03208388,0.16787620000000003,0.10374739999999999,0.04666661,0.1493644,0.09071705,0.05596437,0.1374352,0.09094317,0.06137241,0.1853808,0.06846241,0.04041262,0.16542720000000002,0.0779888,0.02225359,0.1634029,0.09058735,0.01636396,0.16775050000000002,0.08177052,0.05658863,0.20259100000000002,0.06735053,0.02891682,0.17581770000000002,0.08544955,0.01312502,0.1791924,0.09783963,0.0151204,0.1891651,0.07616825,0.04665057,0.21983520000000004,0.0634647,0.02280556,0.1929546,0.08212721,0.008767128,0.1965613,0.09517072,0.007986352,0.2056863,0.07106899,0.03369181,0.2333834,0.06050828,0.01943783,0.20899020000000001,0.07365705,0.009172574000000001,0.20927960000000004,0.08588362,0.006591751999999999,0.21702770000000002,0.0954053,0.03833406,0.2073777,0.1426718,-0.0073101519999999994,0.22699650000000002,0.1405855,0.006591886,0.199655,0.27802899999999997,-0.2112598,0.2169988,0.1592264,-0.01019357,0.209794,0.13965279999999997,-0.02482169,0.2431993,0.2878158,-0.2039457,0.20029620000000004,0.2682421,-0.21857379999999998,0.23370149999999998
684,17:16:51.101 PM,0.1155914,0.03272478,0.15394860000000002,0.09878981,0.0479155,0.13570539999999998,0.08543986,0.05746974,0.124346,0.08758385,0.06220274,0.16957070000000002,0.06024804,0.04518862,0.1520832,0.06377598,0.02545027,0.14731270000000002,0.07345460000000001,0.01459627,0.1480972,0.07907036,0.05860104,0.18739660000000002,0.0626858,0.03043248,0.1623258,0.07925175,0.01354781,0.1676143,0.09222203,0.01186518,0.1768638,0.07402308,0.04977731,0.20540170000000002,0.05914281,0.02517818,0.18038189999999998,0.07749245,0.01066592,0.18370799999999998,0.09098829,0.009734794,0.19213429999999998,0.06925911,0.03771897,0.21987179999999998,0.05685538,0.02279146,0.19678410000000002,0.06962496,0.01205446,0.19684839999999998,0.08216503,0.00935477,0.2040345,0.09253660000000001,0.04034774,0.192644,0.1391084,-0.005597711,0.2131515,0.13670670000000001,0.0072277190000000005,0.18486129999999998,0.2540022,-0.22193920000000003,0.2171,0.1547579,-0.01147355,0.19586370000000003,0.13494820000000002,-0.02135602,0.2308341,0.263907,-0.216998,0.1996147,0.2440973,-0.22688049999999998,0.23458520000000002
685,17:16:51.135 PM,0.11464780000000001,0.03536217,0.1437029,0.09655579,0.05088456,0.1270438,0.081581,0.0601014,0.1176029,0.08820186,0.06485735,0.16001070000000003,0.05930495,0.05109166,0.1421644,0.059651300000000004,0.03117459,0.13684949999999999,0.06751679,0.01891337,0.1372994,0.08028957,0.06122439,0.1781053,0.06178898,0.03391318,0.15356660000000003,0.07897169,0.01710115,0.15665720000000002,0.09281547,0.01467623,0.1643427,0.07575898,0.05231135,0.1962037,0.05922516,0.02845819,0.1715024,0.07731881,0.0134189,0.1736946,0.09113786,0.01213798,0.18153029999999998,0.07132689999999998,0.04019384,0.21072979999999997,0.05769969999999999,0.02581768,0.18798470000000003,0.0702296,0.01481667,0.18741329999999998,0.08295098,0.011965100000000001,0.1942116,0.09362915,0.04270084,0.1826863,0.140094,-0.004229665,0.20114500000000002,0.1369174,0.008931637,0.1729785,0.2504191,-0.2229765,0.2013215,0.155052,-0.01041942,0.1833614,0.13616860000000003,-0.019914599999999998,0.2189462,0.25986079999999995,-0.21822889999999998,0.18352910000000003,0.24097739999999998,-0.22772409999999998,0.21911399999999998
686,17:16:51.165 PM,0.11387169999999999,0.037434800000000004,0.13735260000000002,0.09493567,0.05259134,0.1213031,0.07859652,0.06082015,0.11331050000000001,0.08789135,0.06728892,0.1541618,0.05865932,0.05503528,0.1357644,0.05693052,0.03531326,0.13000710000000001,0.06283195,0.02198456,0.1298395,0.08016758,0.06365283,0.17233729999999997,0.06145383,0.036166500000000004,0.1481543,0.07923272,0.01986237,0.15070050000000001,0.09337021,0.0177664,0.1579597,0.07580053,0.05472077,0.1904668,0.05876774,0.03069402,0.1662766,0.07779934,0.01669358,0.166693,0.09217441,0.01616926,0.1735558,0.07147643,0.04259171,0.2050161,0.05750262,0.02816637,0.18251320000000001,0.07028846,0.01750742,0.18138829999999997,0.08325725,0.01507793,0.1878761,0.09347112,0.045056599999999995,0.1767265,0.1400024,-0.002067283,0.1946476,0.1364876,0.01110604,0.1664545,0.25133520000000004,-0.22029949999999998,0.19614679999999998,0.1548982,-0.008342439,0.17684170000000002,0.1362398,-0.01761534,0.2126034,0.26066439999999996,-0.21566300000000002,0.17826589999999998,0.242006,-0.2249359,0.21402759999999998
687,17:16:51.197 PM,0.1131185,0.036334500000000006,0.1362961,0.09344289,0.05111079,0.12079110000000001,0.07596086,0.05827613,0.1143447,0.08818951,0.06747286,0.1536553,0.05851526,0.05666952,0.13506079999999998,0.0562066,0.03705211,0.1291557,0.06118909,0.02336861,0.128598,0.08032027,0.06392275,0.17178510000000002,0.06099107,0.03707014,0.1473762,0.07846688,0.02045842,0.1500268,0.09250864,0.01819353,0.1574195,0.07566865,0.05499141,0.1898437,0.05790869,0.03160669,0.1655482,0.07676056,0.01735969,0.1654509,0.09119947,0.01669382,0.17216529999999997,0.07098712,0.04288615,0.2043017,0.0562799,0.02852811,0.18222739999999998,0.06985403,0.01933123,0.179147,0.0835592,0.01794057,0.1842856,0.09312148,0.04495819,0.1760901,0.1387237,-0.003201455,0.1938185,0.1352681,0.009964243000000001,0.165717,0.2548381,-0.21893070000000003,0.19328589999999998,0.15377770000000002,-0.008966152,0.1759731,0.13528120000000002,-0.01900968,0.2116106,0.2640863,-0.21390889999999999,0.1754672,0.2455899,-0.2239525,0.2111047
688,17:16:51.231 PM,0.11188010000000001,0.03668784,0.1366921,0.0919633,0.0516475,0.12167889999999999,0.07397698,0.0583712,0.1162184,0.08730043,0.06844075,0.155876,0.05791437,0.05701028,0.1371991,0.05772721,0.037155400000000005,0.1316504,0.06567466,0.02497397,0.1325103,0.07931502,0.06448124,0.1738696,0.05924794,0.03905906,0.14854260000000002,0.07628745,0.02192034,0.15061429999999998,0.09026121,0.01903738,0.15792,0.07442379,0.05507363,0.19162020000000002,0.05610193,0.03297336,0.16655250000000002,0.07459251,0.01827182,0.16597060000000002,0.08900546,0.01702155,0.172657,0.06943768,0.0426129,0.2056683,0.05431097,0.02892159,0.18345450000000002,0.06820448,0.02086286,0.1789432,0.08224816,0.02003308,0.18321679999999999,0.09167151,0.04509874,0.17756860000000002,0.1365682,-0.004320398,0.1937639,0.1330303,0.009508296999999999,0.16611170000000003,0.2597862,-0.21594339999999998,0.1864098,0.1518358,-0.008986916,0.1757797,0.1336223,-0.02081618,0.21101260000000002,0.268893,-0.2100288,0.1687933,0.2506795,-0.2218581,0.20402620000000002
689,17:16:51.255 PM,0.11224360000000001,0.03743540000000001,0.139238,0.09230273,0.05290325,0.12478519999999999,0.07413667,0.05957697,0.1198924,0.08821676,0.06926043,0.15970299999999998,0.05908034,0.05843423,0.140294,0.05945911,0.03871407,0.134296,0.06812438,0.02705173,0.1353898,0.07992999,0.06473573,0.1774228,0.05948139,0.04098685,0.150823,0.07621054,0.0235009,0.1524635,0.09002931,0.02010046,0.15983789999999998,0.07463144,0.05471621,0.19471229999999998,0.05609243,0.03411977,0.16855820000000002,0.07425401,0.01903956,0.16753270000000003,0.08855774,0.01720242,0.1743132,0.06922386,0.04180001,0.2081768,0.05404006,0.02927588,0.1853289,0.06790552,0.02140777,0.18041300000000002,0.0819433,0.02034377,0.1846535,0.09185183,0.04497366,0.18046600000000002,0.1357941,-0.005789056,0.1951725,0.1326351,0.009048566,0.1680399,0.2619068,-0.2153899,0.181828,0.1513909,-0.009581286999999999,0.17726570000000003,0.1328085,-0.02295691,0.21174479999999998,0.271198,-0.20870210000000003,0.1645885,0.2526156,-0.22207770000000002,0.1990676
690,17:16:51.282 PM,0.1107644,0.03682952,0.14367829999999998,0.09044777,0.05243780000000001,0.1299127,0.07206677,0.05901729,0.1257425,0.08782917,0.06900357,0.1652303,0.05902844,0.05584954,0.1467828,0.06193156,0.03626935,0.14103929999999998,0.07212262,0.02591147,0.14210920000000002,0.07978931,0.06429814,0.18301900000000002,0.05830276,0.041522699999999996,0.15637179999999998,0.07481475,0.02378567,0.1574345,0.08871189,0.02008091,0.1645125,0.07465408,0.054065300000000004,0.2002364,0.05536645,0.03416102,0.17407650000000002,0.07329324,0.01884861,0.17248239999999998,0.08769825,0.01663281,0.1789317,0.06930368,0.04100035,0.21358429999999998,0.05364846,0.0289899,0.1907721,0.06733976,0.02106108,0.18547760000000002,0.08144725,0.01974155,0.1894043,0.09149002,0.04432751,0.1855341,0.1352586,-0.00704436,0.1986012,0.131556,0.008063465,0.17181749999999998,0.2649185,-0.21387070000000002,0.1778205,0.1505408,-0.010134299999999999,0.1802923,0.1329425,-0.02463706,0.21483200000000002,0.2737176,-0.2066194,0.16055060000000002,0.2561193,-0.2211221,0.19509029999999997
691,17:16:51.312 PM,0.1102135,0.03424715,0.1489988,0.09014937,0.0501004,0.135143,0.07181164,0.05688421,0.1311115,0.08825632,0.06706457,0.1702615,0.059634900000000005,0.05270539,0.15243829999999997,0.06537249,0.033406,0.1479896,0.07656874,0.02421577,0.14960620000000002,0.08029843,0.06267001,0.18816629999999998,0.05789768,0.04031773,0.16191570000000002,0.07409158,0.0222889,0.1629669,0.08799055,0.01846541,0.169978,0.07515409,0.05269773,0.20553320000000003,0.05520543,0.03294025,0.1797602,0.07282238,0.01727869,0.1781026,0.08727349,0.01468141,0.184302,0.06971725,0.03985704,0.2190627,0.05389303,0.02787788,0.1963508,0.06724683,0.01922067,0.191339,0.08127678,0.01727633,0.1952865,0.09170941,0.04254644,0.19079179999999998,0.1350244,-0.009189218,0.20383829999999997,0.1310884,0.005521402,0.17711749999999998,0.26750029999999997,-0.2138292,0.179451,0.1500266,-0.01192677,0.1852439,0.1332698,-0.02691567,0.2199939,0.27587870000000003,-0.20633479999999998,0.162076,0.25912199999999996,-0.2213237,0.196826
692,17:16:51.341 PM,0.1103396,0.0323361,0.15430560000000001,0.09029441,0.04835422,0.1406134,0.07225545,0.05571945,0.1362672,0.08899985,0.06551409999999999,0.17500529999999997,0.06033801,0.05096845,0.1574,0.06762582,0.03195573,0.1541629,0.07934423,0.02361424,0.15650799999999998,0.08105168,0.06145079,0.1929924,0.05827047,0.03906111,0.1671044,0.07421831,0.02082495,0.16832460000000002,0.08809157,0.01703791,0.1754058,0.07583373,0.05176346,0.2104979,0.05565782,0.03184395,0.1850289,0.07311097,0.01597957,0.18358239999999998,0.08755247,0.01319359,0.1897215,0.07026625,0.03916653,0.22420210000000002,0.05479932,0.02766661,0.2010024,0.06669257,0.01622494,0.1985927,0.07961204,0.01208611,0.2042511,0.0921804,0.0411966,0.19581600000000002,0.1349404,-0.0108941,0.20921399999999998,0.1309631,0.00344193,0.18243679999999998,0.26774770000000003,-0.2152494,0.1842518,0.1497903,-0.01364313,0.19049939999999999,0.1333713,-0.028580599999999998,0.22543229999999997,0.2759572,-0.2077807,0.1667854,0.2595382,-0.2227181,0.2017183
693,17:16:51.372 PM,0.11081769999999999,0.03250016,0.1583424,0.09075937,0.04877205,0.14497179999999998,0.07288501,0.0564975,0.1405708,0.08993921,0.06566368,0.179267,0.06133939,0.05108975,0.1615839,0.06818601,0.03196056,0.15807320000000002,0.07958274,0.02310266,0.1600987,0.08202139,0.06152789,0.1972509,0.059201699999999996,0.03925835,0.171293,0.07513362,0.02100508,0.17246489999999998,0.08899979,0.01705791,0.1794724,0.07678393,0.05174898,0.21469970000000002,0.05669678,0.03188126,0.1891201,0.07416525,0.01603286,0.1876839,0.08860093,0.01312137,0.19377850000000002,0.07115844,0.03909324,0.22832600000000003,0.05593842,0.02782144,0.20485189999999998,0.06715807,0.0155832,0.2032096,0.079574,0.01078057,0.20945170000000002,0.09298691,0.04115821,0.1998765,0.1353384,-0.01140843,0.21273560000000002,0.1313975,0.0031802209999999996,0.1860625,0.2663638,-0.2167451,0.1864432,0.150127,-0.01418533,0.1939767,0.1336523,-0.0291652,0.22886529999999997,0.2746011,-0.2092552,0.1689989,0.25812640000000003,-0.22423510000000002,0.2038874
694,17:16:51.403 PM,0.1120774,0.03325574,0.16087449999999998,0.09251852,0.05012478,0.14750510000000003,0.0749971,0.05847867,0.1428422,0.0913423,0.06642874,0.1820598,0.06282487,0.05196412,0.1641555,0.06886966,0.03262873,0.1603227,0.07990351,0.02328672,0.1621634,0.08332725,0.062306600000000004,0.2000037,0.06049725,0.04023086,0.1738899,0.0760937,0.02168296,0.1749376,0.08988314,0.0175461,0.1819868,0.07789699,0.05250032,0.2173781,0.05798091,0.033045099999999994,0.1913523,0.0744952,0.0161591,0.191305,0.08839436,0.01251103,0.19818470000000002,0.07203575,0.03985022,0.2309098,0.05673319,0.028918700000000002,0.20732889999999998,0.06782586,0.01655944,0.20573139999999998,0.08015213,0.01148534,0.2119361,0.09394045,0.04173596,0.20250639999999998,0.135444,-0.01157504,0.21508829999999998,0.13172070000000002,0.0032043159999999996,0.1884897,0.264651,-0.21794520000000003,0.18790679999999998,0.15024690000000002,-0.01438062,0.196345,0.13356179999999998,-0.02940648,0.23111350000000003,0.27299359999999995,-0.2104323,0.1705225,0.2563085,-0.22545810000000002,0.2052911
695,17:16:51.435 PM,0.1138527,0.03416722,0.1626111,0.09495144,0.05148883,0.1488779,0.07782283,0.06035618,0.143726,0.09271393,0.06742398,0.1841108,0.06472812,0.05252741,0.16572779999999998,0.07070088,0.03314359,0.1620289,0.08175716,0.02389412,0.1641785,0.08447062,0.06331782,0.2019548,0.06210167,0.04110624,0.1755582,0.07712984,0.02208088,0.1763156,0.09080611,0.01852526,0.1838852,0.07874148,0.05349626,0.21922429999999998,0.05910477,0.0343435,0.1927646,0.07494751,0.01683341,0.1936547,0.0883935,0.01334305,0.2014671,0.07258085,0.04085664,0.2326323,0.05732929,0.03029145,0.2088521,0.06829867,0.01781131,0.20734470000000002,0.08049271,0.01257876,0.21367809999999998,0.0947838,0.04259424,0.2044518,0.1355382,-0.01125982,0.2171112,0.13218139999999998,0.003632173,0.1905984,0.26470040000000006,-0.2174257,0.1882165,0.1504561,-0.01385209,0.1984285,0.1335364,-0.02928415,0.23290450000000001,0.2731602,-0.20970970000000003,0.1709785,0.2562406,-0.2251417,0.2054545
696,17:16:51.467 PM,0.114907,0.03472529,0.16477070000000002,0.09630617,0.05229084,0.15093829999999997,0.07939553,0.06139331,0.1454869,0.09382738,0.0678937,0.18644960000000002,0.06601197,0.05347191,0.1674405,0.07174088,0.03407978,0.16341429999999998,0.08287094,0.02496095,0.165733,0.0852994,0.0635611,0.20410520000000001,0.06340475,0.0416484,0.17706929999999999,0.0785566,0.02273025,0.1780213,0.09208925,0.01941721,0.18594879999999997,0.07926866,0.053510800000000004,0.22113870000000002,0.05995903,0.03483059,0.1941068,0.07571499,0.01724164,0.19498,0.08903553,0.01344953,0.2028662,0.07285194,0.040701999999999995,0.23426309999999997,0.05772152,0.03078736,0.210128,0.06856419999999999,0.01821481,0.2084788,0.08063845,0.01255596,0.21467350000000002,0.09548231,0.04275517,0.20644629999999997,0.13586729999999997,-0.01143423,0.2188692,0.1329109,0.0038302540000000004,0.1925727,0.26589229999999997,-0.21688670000000002,0.188789,0.15106670000000003,-0.0137143,0.20037349999999998,0.1336704,-0.02969941,0.2343569,0.27459040000000007,-0.2088942,0.1717974,0.25719410000000004,-0.22487929999999998,0.2057807
697,17:16:51.496 PM,0.1159471,0.03484677,0.16704229999999998,0.09751566,0.05250303,0.153099,0.08070553,0.06164946,0.1474154,0.09516384,0.06807725,0.1886688,0.06745124,0.05451633,0.16889289999999998,0.0727343,0.03510223,0.16439360000000003,0.08365089999999999,0.02571364,0.1666466,0.08622357,0.06352238,0.20606220000000003,0.06484535,0.04211845,0.1782184,0.08021904,0.02340965,0.1796349,0.09356517,0.01969267,0.1876977,0.07976846,0.05324788,0.2228035,0.06105925,0.03498434,0.19507439999999998,0.07674679,0.01734163,0.1960839,0.08988415,0.01316892,0.20408410000000002,0.07300283,0.0402755,0.235587,0.05842241,0.03073598,0.2109677,0.06926692,0.01815413,0.2094041,0.08117187,0.01245669,0.2158841,0.09625918,0.04263555,0.208317,0.136142,-0.01190475,0.22082110000000002,0.13381600000000002,0.0037439759999999996,0.19469909999999999,0.26652529999999997,-0.2170798,0.1904007,0.15174129999999997,-0.01392176,0.20263029999999999,0.1335811,-0.03040523,0.2359699,0.2756054,-0.2088381,0.1737309,0.25744520000000004,-0.22532159999999998,0.2070705
698,17:16:51.526 PM,0.1165933,0.03366728,0.1707234,0.09839564,0.05138291,0.1565505,0.08169358,0.06056766,0.15061549999999999,0.09644292,0.06724541,0.19208670000000003,0.06855379,0.05493526,0.1717477,0.07299387,0.03545971,0.1666422,0.08344799,0.025493900000000003,0.16859100000000002,0.0870987,0.06261872,0.2092476,0.06594569,0.04186247,0.1807484,0.08131775,0.02318759,0.1825733,0.09446819,0.01894744,0.1906996,0.0802057,0.05225740000000001,0.2257596,0.061878499999999996,0.03445588,0.1974797,0.07736818,0.01664747,0.1986259,0.09030729,0.01215239,0.2067734,0.07306384,0.03923453,0.23828490000000002,0.05894447,0.03000961,0.21327939999999998,0.06972246,0.01735525,0.211846,0.08143705,0.01156698,0.2185874,0.09691177,0.04162972,0.21153320000000003,0.136098,-0.01332901,0.2243886,0.1344271,0.002540052,0.1983756,0.2661779,-0.2187819,0.1945498,0.1520585,-0.01523327,0.20650149999999998,0.1331455,-0.03197005,0.23929179999999997,0.2756344,-0.2104136,0.1781547,0.2567213,-0.22715029999999997,0.21094490000000002
699,17:16:51.554 PM,0.116746,0.03335087,0.1735221,0.09857942,0.05117165,0.1594411,0.08189106,0.06043459,0.1535896,0.09674949,0.06704487,0.19563160000000002,0.06902547,0.05443163,0.1752521,0.07419924,0.03503932,0.17053339999999997,0.08494595,0.02544938,0.172759,0.0874868,0.06232198,0.21281060000000002,0.06598698,0.04199524,0.1842611,0.08132376,0.02327476,0.1859067,0.09450068,0.01885547,0.19389379999999998,0.08063830000000001,0.05185644,0.2292754,0.06192075,0.03453599,0.20095220000000003,0.07726306,0.01658233,0.201767,0.09022935,0.0118943,0.2097612,0.07350065,0.03876568,0.2417322,0.05902361,0.03002103,0.2167585,0.06964812,0.01727165,0.21504770000000004,0.08136968,0.01124033,0.22156030000000002,0.09719355,0.04125844,0.2148518,0.13613820000000001,-0.01404086,0.22705909999999999,0.1344009,0.0020725279999999997,0.2011184,0.2647994,-0.2203288,0.1968319,0.1520437,-0.01604218,0.2091337,0.1330988,-0.03266833,0.24196170000000003,0.2742718,-0.21201570000000003,0.1804179,0.25532689999999997,-0.22864189999999998,0.2132459
700,17:16:51.584 PM,0.1183932,0.03604786,0.1763217,0.1006087,0.05423485,0.1622222,0.08404651,0.06359269,0.1561682,0.09676674,0.06875648,0.20062220000000003,0.07085044,0.05476888,0.1788249,0.07808712,0.03590782,0.1747214,0.08949345,0.02735065,0.17772860000000001,0.08726423,0.06313409,0.21739009999999998,0.06674157,0.04366739,0.1875613,0.08198261,0.0248092,0.1882305,0.09504908,0.02054541,0.19647699999999998,0.08024172,0.05183147,0.23321129999999998,0.06226751,0.03562285,0.2037793,0.07780662,0.01782338,0.20407,0.09063154,0.013414500000000001,0.2124404,0.07302208,0.03809746,0.2448995,0.05916236,0.03030907,0.2192738,0.06998514,0.01778059,0.21721479999999996,0.08163702,0.0117712,0.2238692,0.09713429,0.04208232,0.2185857,0.1363274,-0.0134535,0.2290417,0.13493339999999998,0.0039249359999999995,0.2036344,0.26612359999999996,-0.2187637,0.1970799,0.1527422,-0.01496728,0.21153260000000002,0.1328924,-0.03247073,0.24335460000000003,0.27604850000000003,-0.21001199999999998,0.181169,0.2561987,-0.2275154,0.2129909
701,17:16:51.612 PM,0.12111969999999998,0.04067691,0.18058529999999998,0.1041592,0.05952291,0.1663365,0.08789467,0.06900515,0.15969660000000002,0.09692257,0.07143442,0.20739410000000003,0.07372245,0.05757369,0.182644,0.08244731,0.03939764,0.17833310000000002,0.09392557,0.03109141,0.1817483,0.08652139,0.06423156,0.2229864,0.06847627,0.04690062,0.19036170000000002,0.08405422,0.02830763,0.1904438,0.09670331,0.02316098,0.19883789999999998,0.07875221,0.05148499,0.23729210000000003,0.0632804,0.03728630000000001,0.20548870000000002,0.07919376,0.0198182,0.2053962,0.09152874,0.01503853,0.2142848,0.07107911,0.03668062,0.2472625,0.05930458,0.03061275,0.22016620000000003,0.07059693,0.01853301,0.21794989999999997,0.08187883,0.01243152,0.2251382,0.09666862,0.04327734,0.2229377,0.1362215,-0.01243955,0.2311375,0.1359684,0.007057831,0.20705820000000003,0.2741385,-0.2118252,0.1958501,0.15392779999999998,-0.01236331,0.21486529999999998,0.13230699999999998,-0.03245436,0.243881,0.2849489,-0.2017797,0.1813422,0.2633281,-0.2218708,0.21035789999999996
702,17:16:51.646 PM,0.12429970000000001,0.04330207,0.1881759,0.1087702,0.06314673,0.1736546,0.09340354,0.07342826,0.16612639999999998,0.09787971,0.07249509,0.21666149999999998,0.07724008,0.05924593,0.1894354,0.08692066,0.04153718,0.1852233,0.09827955,0.03331427,0.1891935,0.08658074,0.06418379,0.23102840000000002,0.07089118,0.048975599999999994,0.1962036,0.08658043,0.03047685,0.1960696,0.09872118,0.0246384,0.2047565,0.07799309,0.05043207,0.24385779999999999,0.06491497,0.03819428,0.21021990000000002,0.08086117,0.0207599,0.20985029999999996,0.09264860000000001,0.01530893,0.21908850000000002,0.06976169,0.03495075,0.2522243,0.05997859999999999,0.03058027,0.2240323,0.07143889,0.01869513,0.22163429999999998,0.08225976,0.01216777,0.22914980000000001,0.09674142,0.0432605,0.23002150000000002,0.1359808,-0.01294713,0.23684639999999998,0.1369639,0.008202836,0.2138502,0.28071840000000003,-0.2082585,0.2064297,0.1549966,-0.01193293,0.22216079999999996,0.1314388,-0.03349246,0.24849029999999997,0.2924972,-0.19747879999999998,0.19326500000000002,0.2689395,-0.2190383,0.21959450000000003
703,17:16:51.681 PM,0.1271333,0.04328336,0.1987607,0.11283299999999999,0.06372978,0.1838175,0.09831563,0.0746,0.1754743,0.09913153,0.07177399,0.2280367,0.08063041,0.05917053,0.199023,0.09083177,0.04168813,0.1951013,0.10194260000000001,0.03339507,0.1995928,0.08702014,0.06285487,0.2413391,0.07359197,0.04941277,0.20487929999999996,0.08787235,0.02982454,0.2055538,0.09876492,0.02281903,0.21499179999999996,0.07767180000000001,0.04855613,0.2529859,0.06667887,0.03777687,0.21812310000000001,0.08252805,0.02025424,0.2177489,0.09377703,0.01422201,0.2272919,0.06891435,0.03274657,0.2601153,0.06089645,0.02960454,0.23121,0.07238514,0.01776598,0.2287181,0.0827642,0.010784,0.2364449,0.09711172,0.0419264,0.23985,0.1357616,-0.01478302,0.24645219999999998,0.1379761,0.007390216,0.2241701,0.2848266,-0.20805520000000002,0.22532470000000002,0.1558803,-0.01336159,0.2333558,0.13054939999999998,-0.03553169,0.2574359,0.29749200000000003,-0.1969702,0.21328470000000002,0.2721611,-0.21914029999999998,0.23736479999999996
704,17:16:51.715 PM,0.1314223,0.03889145,0.21667310000000004,0.1185644,0.05996348,0.20129570000000002,0.10472709999999999,0.07117439999999998,0.19227650000000002,0.1029912,0.06777269999999999,0.2461241,0.08666927,0.05735065,0.21501579999999998,0.09665415,0.0397151,0.21123270000000002,0.10700950000000001,0.03070466,0.2161261,0.08947543,0.058677,0.25786220000000004,0.0785955,0.04816802,0.2196361,0.09103531,0.02735575,0.22021190000000002,0.1004159,0.01872621,0.22992820000000003,0.07864635,0.04418562,0.2678743,0.07008678,0.03592362,0.23167110000000002,0.08509839,0.01768817,0.2310867,0.09541004,0.01028784,0.24072179999999999,0.06872839,0.02840327,0.2733545,0.06277703,0.02746241,0.24380349999999998,0.07381894,0.01527731,0.2409987,0.08338786,0.007154941999999999,0.2486524,0.09885611,0.03744929,0.2560206,0.1347356,-0.02106009,0.2627957,0.1395549,0.002099574,0.24180810000000003,0.28020009999999995,-0.21775129999999998,0.2496788,0.1560761,-0.01980017,0.2517822,0.12794160000000002,-0.04198914,0.2724975,0.29426729999999995,-0.20665679999999997,0.23932110000000004,0.2661329,-0.22884580000000002,0.2600364
705,17:16:51.750 PM,0.1344644,0.03453957,0.23595349999999998,0.1232712,0.05764194,0.22229110000000002,0.1104403,0.07078637,0.2144802,0.1124779,0.06491052,0.26929369999999997,0.09200553,0.06415449,0.23897620000000003,0.09573839,0.0460171,0.23000679999999998,0.10292830000000001,0.03338517,0.23042470000000004,0.09837358,0.05662842,0.280942,0.08263329,0.05548255,0.2430098,0.08984241,0.0337358,0.2351864,0.09800992,0.02064477,0.2393886,0.08621629,0.04281627,0.2903706,0.0732815,0.04181992,0.2545566,0.08398744,0.02214523,0.24711529999999998,0.09380418,0.01076175,0.2523401,0.07464704,0.02796002,0.2951517,0.06645118,0.03164585,0.2663708,0.07473174,0.01898764,0.2593634,0.0837466,0.008041009,0.2631926,0.1050271,0.03463955,0.27719309999999997,0.13429449999999998,-0.02776952,0.27856090000000006,0.1405915,-0.004118979,0.2587407,0.2690015,-0.2309306,0.25411710000000004,0.1554781,-0.02712765,0.26719640000000006,0.12658160000000002,-0.0487275,0.287481,0.28344980000000003,-0.2201307,0.2439748,0.2545533,-0.24173060000000002,0.2642594
706,17:16:51.783 PM,0.136423,0.03788431,0.2662216,0.1271996,0.06401064,0.2574468,0.11601889999999998,0.07956402,0.2518574,0.11657329999999999,0.06219013,0.3045634,0.09866591,0.08459507,0.28205949999999996,0.09229739,0.08255072,0.2629635,0.08995695,0.07683744,0.250298,0.100453,0.05316474,0.3123462,0.08349819,0.07540475,0.28250729999999996,0.08331959,0.06812464,0.2597547,0.08668433,0.05792151,0.24821350000000003,0.08601859,0.03910704,0.3168,0.07153113,0.05735157,0.28685900000000003,0.07609866,0.04791786,0.2661013,0.0831155,0.03649651,0.2582661,0.07263913,0.02507596,0.31658020000000003,0.06362511,0.04115085,0.2928191,0.06979991,0.03548042,0.2786092,0.07823798,0.02554442,0.2723728,0.10545839999999998,0.03208242,0.3038872,0.1287683,-0.03189328,0.2931281,0.1392736,-0.005158365,0.2798692,0.25322870000000003,-0.23831639999999998,0.2493788,0.15143589999999998,-0.03107568,0.2851305,0.11854669999999999,-0.05335319999999999,0.2967508,0.26967329999999995,-0.22717759999999998,0.24356860000000002,0.2367841,-0.24945509999999999,0.255189
707,17:16:51.813 PM,0.14027320000000001,0.03814612,0.3037694,0.1314361,0.06570278,0.30086409999999997,0.1206753,0.08220477,0.29763340000000005,0.11915160000000001,0.05281721,0.3448812,0.1091665,0.08801533,0.3426509,0.1039812,0.10574489999999999,0.3334709,0.100776,0.11645050000000001,0.3241062,0.1007952,0.04473756,0.34588270000000004,0.09051161,0.08360489,0.33724240000000005,0.08869709,0.09996144,0.31940840000000004,0.08936848,0.1063172,0.3046982,0.08438649,0.03261818,0.342502,0.07458459,0.06576885,0.326444,0.07858275,0.07281111,0.3042419,0.08414838,0.07112326,0.28940140000000003,0.07014276,0.02172725,0.335017,0.057795000000000006,0.04704426,0.3242196,0.06009772,0.05678551,0.3108639,0.06568772,0.06181972,0.29822059999999995,0.10562529999999999,0.02653866,0.3321877,0.12479130000000001,-0.03467433,0.3069203,0.14049029999999998,-0.0071408,0.3046435,0.2436315,-0.24100860000000002,0.24924720000000003,0.1487994,-0.03501674,0.3055815,0.1126673,-0.05496535,0.30249190000000004,0.26169749999999997,-0.2310343,0.250792,0.2255654,-0.25098289999999995,0.2477024
708,17:16:51.845 PM,0.1499137,0.02888037,0.33575900000000003,0.1450664,0.05564581,0.3458034,0.1366854,0.07275103,0.3515741,0.13335629999999998,0.02708076,0.3813626,0.1290856,0.05389164,0.405708,0.12597819999999998,0.07083869999999999,0.4168335999999999,0.1231598,0.08419262,0.42179279999999997,0.1149404,0.01911916,0.38218459999999993,0.1044503,0.05092932,0.40560609999999997,0.09845814,0.07347606,0.41131629999999997,0.09507372,0.08889355,0.4098237,0.09754865,0.009125546,0.3771777,0.08378506,0.04201429,0.3900012,0.07920732,0.06404333,0.3834433,0.07928643,0.07524566,0.3722219,0.08173962,0.001851574,0.3685555,0.06316467,0.02213545,0.38054570000000004,0.05556972,0.03679611,0.3818901,0.05183858,0.05059694,0.37886440000000005,0.11658219999999998,0.007621124,0.36206079999999996,0.1288307,-0.04110768,0.31542190000000003,0.14485770000000003,-0.01263206,0.3186216,0.2357967,-0.2474857,0.2381625,0.1527147,-0.04232367,0.3129086,0.1156433,-0.06052949,0.31020929999999997,0.2543324,-0.2383828,0.2395121,0.217261,-0.2565886,0.23681279999999996
709,17:16:51.875 PM,0.164776,0.01010221,0.3606957,0.1701081,0.03188603,0.3792848,0.1695877,0.04700913,0.3923888,0.15125360000000002,-0.003187776,0.40661540000000007,0.1565521,0.009551615,0.44061880000000003,0.1579749,0.02083759,0.4578322,0.15750060000000002,0.03189321,0.46733009999999997,0.1329098,-0.01104046,0.408876,0.1305898,0.002393663,0.44774709999999995,0.12821760000000001,0.01555948,0.46804799999999996,0.12597519999999998,0.02773361,0.4783077,0.1142741,-0.01905854,0.40487049999999997,0.1050559,0.0008141397999999999,0.43613459999999993,0.09929129,0.02121203,0.44669309999999995,0.09630165,0.03691395,0.4463677,0.09662894,-0.02337906,0.3979658,0.08217825,-0.01338142,0.42253450000000004,0.07519624,-0.002024412,0.4325988,0.07085314,0.0112859,0.4371339,0.12977339999999998,-0.0158914,0.38630349999999997,0.13004680000000002,-0.04955634,0.3268949,0.1474832,-0.02200158,0.3337476,0.2226716,-0.24850210000000003,0.2178726,0.1533715,-0.05063161,0.32112979999999997,0.11598460000000001,-0.06837565,0.3217578,0.241365,-0.23963009999999998,0.2175587,0.20397820000000003,-0.2573742,0.2181866
710,17:16:51.906 PM,0.1708961,-0.01084593,0.38388590000000006,0.1834808,0.0048616679999999995,0.40487080000000003,0.1887536,0.01613165,0.42047570000000006,0.1580272,-0.03013985,0.42844129999999997,0.1679175,-0.02359191,0.4631133,0.171156,-0.0140667,0.4811085,0.1720847,-0.004702820999999999,0.4922344,0.13987729999999998,-0.0382653,0.4312298,0.14239549999999998,-0.03401323,0.47204359999999995,0.14246620000000002,-0.0246204,0.49440600000000007,0.141848,-0.0155226,0.5075837999999999,0.1207089,-0.04528074,0.4279326,0.1155667,-0.03393218,0.4639432,0.11151069999999999,-0.017564,0.48048609999999997,0.10871379999999999,-0.003633365,0.48767259999999996,0.102284,-0.04809038,0.42244609999999994,0.09181231,-0.04431635,0.45047489999999996,0.08686084,-0.03466545,0.4631499,0.08354574,-0.02285129,0.47124309999999997,0.1340285,-0.03842871,0.40869809999999995,0.127219,-0.06069565,0.3449258,0.145372,-0.0337602,0.3543178,0.20925210000000002,-0.25209610000000005,0.2158792,0.1500256,-0.06148505,0.3373406,0.11261580000000002,-0.07904628,0.3396063,0.22795700000000002,-0.2433154,0.2147464,0.19054720000000003,-0.2608767,0.21701199999999998
711,17:16:51.939 PM,0.1707138,-0.02407463,0.4030233,0.1813987,-0.01005998,0.4261544,0.1855518,-0.000223428,0.4430206,0.1585078,-0.04701972,0.4454759,0.16940739999999999,-0.04340783,0.4802774,0.17359929999999998,-0.03644057,0.4992229,0.1754473,-0.02919821,0.5117341,0.1404785,-0.05559193,0.44763569999999997,0.14253010000000002,-0.05345461,0.48864399999999997,0.14249360000000003,-0.04645121,0.5118656,0.14194110000000001,-0.03953376,0.5263135,0.12138110000000002,-0.06254452,0.44383310000000004,0.1160885,-0.05597076,0.4809945,0.1119395,-0.0442899,0.5010997,0.10896379999999999,-0.03403446,0.5129202,0.10296110000000001,-0.06510790000000001,0.4382102,0.09284331,-0.06312409,0.46655459999999993,0.08797002,-0.05460358,0.4800439,0.08434914,-0.04439349,0.4899831,0.1345004,-0.05387966,0.4252,0.1274777,-0.0713153,0.36008290000000004,0.14546589999999998,-0.0443725,0.37136990000000003,0.2071802,-0.26123609999999997,0.22742089999999998,0.1502613,-0.07221749999999999,0.3524407,0.11266430000000001,-0.08940519,0.3544589,0.22597870000000003,-0.2526422,0.2264118,0.1883817,-0.26983,0.22843000000000002
712,17:16:51.969 PM,0.1713865,-0.03259446,0.4145479,0.1805424,-0.01914813,0.43865699999999996,0.1834468,-0.009813607,0.45606359999999996,0.1592789,-0.05762637,0.4557766,0.17068239999999998,-0.05449459,0.49046369999999995,0.1752989,-0.04810636,0.5095153,0.17733970000000002,-0.04103358,0.5220939,0.1412128,-0.06624,0.45740059999999994,0.14259470000000002,-0.06428441,0.49844629999999995,0.1424209,-0.05848297,0.5219983,0.1417819,-0.05228011,0.5367656,0.1221495,-0.07300466,0.45311670000000004,0.1162739,-0.06930582,0.4905916,0.11190399999999999,-0.06072921,0.5121730999999999,0.1087432,-0.052174,0.5252434,0.1037913,-0.07531475,0.4471898,0.09309812,-0.07379684,0.4753516,0.08787017,-0.06621125,0.48926140000000007,0.0839617,-0.05666657,0.49974040000000003,0.13549529999999999,-0.06365773,0.4349795,0.1293664,-0.07858612,0.3692065,0.1470929,-0.05211651,0.3816799,0.2138481,-0.2636348,0.2326677,0.15231820000000001,-0.07904,0.3620426,0.11486279999999999,-0.09663711,0.3627164,0.23257579999999997,-0.25483629999999996,0.2323308,0.1951204,-0.2724333,0.23300460000000003
713,17:16:52.002 PM,0.1723728,-0.03624664,0.42141369999999995,0.1807009,-0.02309333,0.44598000000000004,0.182125,-0.01414746,0.46376940000000005,0.16132839999999998,-0.06323117,0.46195690000000006,0.17345039999999998,-0.06096303,0.4964668,0.1787019,-0.05574626,0.5157093,0.1810575,-0.04925896,0.5285454,0.14341589999999999,-0.07218471,0.4634362,0.1445813,-0.07048099,0.5044999,0.1443006,-0.06527622,0.5281898,0.14345560000000002,-0.05906697,0.5429438,0.12443330000000001,-0.07912429,0.45907479999999995,0.1187298,-0.07671936,0.49668090000000004,0.11434760000000001,-0.06885634,0.5185292,0.1110938,-0.06031694,0.5315868,0.106072,-0.08154984,0.4532045,0.09533937,-0.08020778,0.48136019999999996,0.08998127,-0.07310525,0.4954737,0.08595575,-0.06378837,0.506112,0.1374935,-0.06900512,0.44114570000000003,0.1311594,-0.08195825,0.37496929999999995,0.1485125,-0.05563579,0.3881521,0.21856220000000004,-0.2601213,0.2313035,0.15406989999999998,-0.08167410000000001,0.367666,0.1169893,-0.1000587,0.3679059,0.23710250000000002,-0.2509291,0.23118360000000002,0.2000219,-0.2693136,0.2314235
714,17:16:52.033 PM,0.1726297,-0.03623289,0.42253620000000003,0.180753,-0.02258039,0.4468983,0.1812528,-0.01352125,0.4646814,0.1625912,-0.06376491,0.4634492,0.1742013,-0.06179102,0.4981532,0.1791938,-0.05711086,0.5176022,0.18130220000000002,-0.05102082,0.5306743,0.1449956,-0.07330775,0.4650487,0.1460364,-0.07143705,0.5061084,0.1455655,-0.06626639,0.5298028,0.14444289999999999,-0.05989224,0.5444679,0.12622919999999999,-0.08088376,0.46081059999999996,0.1210231,-0.0792263,0.4985295,0.1167399,-0.07207875,0.5206426,0.11339380000000002,-0.0638874,0.5338991,0.10792439999999999,-0.08393010000000001,0.45505280000000004,0.09729435,-0.08366592,0.48327879999999995,0.09161139,-0.07802358,0.4979187,0.08713906,-0.06960665,0.5091172,0.1388399,-0.0703669,0.4427882000000001,0.1323231,-0.08362086,0.37660970000000005,0.1490969,-0.05673225,0.38970879999999997,0.2200772,-0.2585371,0.22921260000000002,0.1550608,-0.08280854,0.3688218,0.11836079999999999,-0.10192480000000001,0.36965790000000004,0.2384272,-0.248979,0.2287946,0.20172720000000002,-0.2680953,0.2296306
715,17:16:52.066 PM,0.172549,-0.03480074,0.42050010000000004,0.180792,-0.02021119,0.44427170000000005,0.1801141,-0.010737700000000001,0.46183159999999995,0.16278470000000003,-0.06144685,0.46253359999999993,0.1734309,-0.05844066,0.49747170000000007,0.17777300000000001,-0.05316108,0.5169232,0.1793594,-0.04667535,0.5298781,0.14537,-0.07125682,0.4644603,0.1464348,-0.06879339999999999,0.5054882,0.1459368,-0.06341629,0.5291361,0.144741,-0.05693246,0.5437472,0.12673289999999998,-0.07928798,0.46049989999999996,0.12188399999999999,-0.077305,0.4982504,0.117736,-0.07026245,0.520422,0.1143874,-0.06214897,0.533725,0.10847089999999998,-0.0828269,0.4548905,0.09780367,-0.08301874,0.48310240000000004,0.09189374,-0.07830577,0.49797600000000003,0.08708313,-0.07048093,0.5094573,0.13910079999999997,-0.06906083,0.44214570000000003,0.13236489999999998,-0.08416256,0.37627859999999996,0.1489624,-0.05675535,0.3886679,0.2170987,-0.259878,0.22806710000000002,0.1549174,-0.08335767,0.36796890000000004,0.11828589999999999,-0.102539,0.3697672,0.2354145,-0.2502874,0.2271679,0.198783,-0.2694687,0.22896620000000004
716,17:16:52.100 PM,0.1720192,-0.03296468,0.41719520000000004,0.1804013,-0.0176229,0.4404385,0.17906570000000002,-0.007692396999999999,0.45770550000000004,0.16160360000000001,-0.05838159,0.46005680000000004,0.1716204,-0.05477044,0.49512330000000004,0.1757393,-0.04943454,0.5146079000000001,0.1771733,-0.04289295,0.5275524,0.144206,-0.06820564,0.46206440000000004,0.14462379999999997,-0.06486674,0.503042,0.1437418,-0.05901492,0.5265656999999999,0.1423469,-0.05241683,0.5411078,0.1256509,-0.07643199,0.4581201,0.12025510000000002,-0.07361971,0.49574359999999995,0.11581179999999999,-0.06640662,0.5178028,0.1122786,-0.05833104,0.5310811,0.107473,-0.08021554,0.4523986,0.09617362,-0.0803026,0.4803638,0.08985661,-0.07587171,0.4951562,0.08464595,-0.06827797,0.5066178,0.1382009,-0.06670119,0.43962029999999996,0.13207939999999999,-0.08362639999999999,0.3740406,0.1486651,-0.05594787,0.3859229,0.21409539999999996,-0.2614813,0.2268567,0.1545858,-0.08312316,0.3655837,0.11777460000000001,-0.10191510000000001,0.3677792,0.232501,-0.25208539999999996,0.22575900000000002,0.1956898,-0.2708773,0.2279545
717,17:16:52.135 PM,0.17102799999999999,-0.03253341,0.4147925,0.18026170000000002,-0.01659167,0.43729759999999995,0.1799172,-0.005912453000000001,0.4541616,0.15885139999999998,-0.05630188,0.45855280000000004,0.16801029999999997,-0.05288063,0.4938723,0.1717921,-0.04782401,0.5134994,0.17299160000000002,-0.04133038,0.526492,0.14132229999999998,-0.06590255,0.46049670000000004,0.14075320000000002,-0.06178598,0.5014018,0.1393086,-0.05537522,0.5247513,0.1375514,-0.04828645,0.539021,0.12277930000000001,-0.0740898,0.45641640000000006,0.1164723,-0.06963213,0.49373809999999996,0.1114713,-0.06093788,0.5151345,0.1076463,-0.05188628,0.5276831,0.10469369999999999,-0.07789783,0.45042479999999996,0.09274448,-0.07682122,0.4780979,0.08616932,-0.07124339,0.4923816,0.08085933,-0.06277673,0.5031669,0.1358162,-0.06507601,0.43788990000000005,0.1308239,-0.08373848,0.372578,0.1475354,-0.05616634,0.384114,0.2116573,-0.2617476,0.22492689999999999,0.1533895,-0.08345944,0.3642698,0.11634169999999999,-0.1018184,0.3661211,0.2301812,-0.2525681,0.2240013,0.19313339999999998,-0.2709271,0.2258526
718,17:16:52.167 PM,0.1717563,-0.03019677,0.412235,0.18176579999999998,-0.01375148,0.43403450000000005,0.18288800000000002,-0.002406135,0.4504218,0.1581374,-0.05284867,0.45671059999999997,0.166577,-0.04892464,0.4921563,0.16955920000000002,-0.04263897,0.5115643,0.1701704,-0.03525135,0.5241122,0.1404896,-0.06224902,0.458556,0.1401809,-0.05828996,0.4994792,0.1387918,-0.05141141,0.5226983000000001,0.1369106,-0.04330251,0.536397,0.1219547,-0.0703783,0.4543258,0.11574469999999999,-0.06613374,0.49168829999999997,0.1108259,-0.05746457,0.5131133,0.10702329999999999,-0.04791507,0.5252934,0.1039525,-0.07418156,0.4480854,0.09177732,-0.07301937,0.4756562,0.08511318,-0.06705272,0.48973950000000005,0.07985181,-0.05796507,0.500031,0.13542,-0.06194076,0.43583469999999996,0.13134620000000002,-0.08195034,0.3707807,0.148234,-0.05447641,0.3820892,0.2110757,-0.2604944,0.2231757,0.1539674,-0.08191134,0.3626205,0.11669790000000001,-0.09984374,0.3641804,0.2297105,-0.25152820000000004,0.2223958,0.192441,-0.2694606,0.2239556
719,17:16:52.204 PM,0.1708915,-0.02684358,0.40671690000000005,0.1812282,-0.009399965,0.42756750000000004,0.1833531,0.002730682,0.44327970000000005,0.1583204,-0.04841055,0.4521937,0.16819170000000003,-0.04355025,0.4871503,0.1719565,-0.03664096,0.5062073,0.173076,-0.02879159,0.518436,0.1406944,-0.057725099999999994,0.4545979,0.1416478,-0.05269936,0.49539390000000005,0.1409355,-0.04499133,0.5183821,0.13943770000000003,-0.0362795,0.5317543,0.122103,-0.06598268,0.45089759999999995,0.1169468,-0.06112501,0.4883456,0.1126718,-0.05232571,0.5098555,0.10923010000000001,-0.04269268,0.5220772,0.10401980000000001,-0.06998819,0.445029,0.09215158,-0.06802271,0.4726879,0.08562616,-0.06173757,0.4866974,0.08042351,-0.05251405,0.49689750000000005,0.1353303,-0.05821335,0.43194740000000004,0.13054010000000002,-0.08025149,0.3675833,0.1474481,-0.05265836,0.37781040000000005,0.2117985,-0.2590369,0.22110839999999998,0.15308670000000002,-0.07994211,0.3592248,0.1161193,-0.09843939,0.36129429999999996,0.23028220000000002,-0.24978820000000002,0.22007359999999998,0.19331479999999998,-0.2682855,0.2221431
720,17:16:52.238 PM,0.1690747,-0.02331202,0.40203829999999996,0.17869079999999998,-0.004963665999999999,0.4224526,0.18087060000000002,0.007778063000000001,0.4376657,0.1573962,-0.04401202,0.4479157999999999,0.1681914,-0.03868109,0.48252910000000004,0.1726343,-0.0317321,0.5014251000000001,0.17421170000000002,-0.02375667,0.513521,0.1397422,-0.05319603,0.45060100000000003,0.14065229999999998,-0.04652879,0.4911621,0.139851,-0.03761382,0.5137068,0.1383088,-0.02819876,0.5265883000000001,0.1211267,-0.06150788,0.4471518,0.1160343,-0.05504394,0.4843651,0.1117856,-0.04507919,0.5053659,0.1083927,-0.0348217,0.5170826,0.10303230000000001,-0.06563769,0.44140519999999994,0.09110676,-0.062192899999999995,0.46889430000000004,0.084622,-0.05501682,0.48248850000000004,0.07947124,-0.04531841,0.49226570000000003,0.1343792,-0.05436269999999999,0.427975,0.1296724,-0.07813218,0.36421220000000004,0.14651960000000003,-0.05050655,0.3736955,0.2135649,-0.25735610000000003,0.21977220000000003,0.1522509,-0.07764857,0.3559485,0.1154832,-0.09653819,0.358032,0.2319487,-0.24791129999999997,0.21873040000000002,0.195181,-0.2668009,0.2208139
721,17:16:52.278 PM,0.16776300000000002,-0.01587059,0.3975344,0.1753367,0.003498822,0.417864,0.17624379999999998,0.01679932,0.43272309999999997,0.1561309,-0.03655577,0.443341,0.16602120000000004,-0.0309673,0.4781823,0.1697565,-0.02345109,0.4970126,0.1705795,-0.01468343,0.5086223,0.138492,-0.04587185,0.44564209999999993,0.13730250000000002,-0.03787175,0.4859532999999999,0.1349646,-0.02716884,0.5075928,0.1323437,-0.01628439,0.5190610999999999,0.1200893,-0.05446248,0.44176229999999994,0.11337449999999999,-0.04656625,0.478437,0.1079943,-0.03476058,0.4981844,0.10393599999999999,-0.0231382,0.508302,0.1022416,-0.05891749,0.43551009999999996,0.08915848,-0.05442272,0.4623117,0.08217763,-0.0460287,0.47492559999999995,0.07684242,-0.03520948,0.48332759999999997,0.13390410000000003,-0.04759821,0.42288230000000004,0.1314114,-0.07275577,0.3594736,0.14781979999999997,-0.04481149,0.36896540000000005,0.21826120000000002,-0.2536762,0.2189516,0.1541639,-0.0723804,0.35169609999999996,0.11734389999999999,-0.09122317,0.353199,0.2366712,-0.24425479999999997,0.21820019999999998,0.1998512,-0.2630976,0.21970309999999998
722,17:16:52.313 PM,0.166202,-0.009247154,0.39354829999999996,0.17214200000000002,0.01057632,0.4139825,0.1715494,0.02398549,0.42875779999999997,0.15366370000000001,-0.03125978,0.4392795,0.1609759,-0.02489568,0.4746187,0.1622151,-0.01520839,0.49276709999999996,0.1607424,-0.004521638,0.5025486,0.1361842,-0.04101552,0.44085859999999993,0.13288970000000003,-0.03220311,0.48088190000000003,0.1286211,-0.0188017,0.5006334,0.12465180000000001,-0.005715235999999999,0.5089652,0.11815250000000001,-0.05001602,0.43623779999999995,0.10982850000000001,-0.04175857,0.4725008,0.1031734,-0.02782016,0.49037559999999997,0.09847592,-0.01446173,0.4976638,0.1006622,-0.05485028,0.42929570000000006,0.08652447,-0.05047448,0.4555767,0.07918279,-0.04077145,0.46698670000000003,0.07415206,-0.0283843,0.4730787,0.1324847,-0.04267345,0.4179326,0.13273959999999999,-0.06764117,0.35439970000000004,0.1483132,-0.03913011,0.3645912,0.22389940000000003,-0.2506223,0.21938449999999998,0.15571010000000002,-0.06735074,0.347288,0.11888499999999999,-0.08622972,0.34800990000000004,0.24231190000000002,-0.2411828,0.21902359999999998,0.2054868,-0.2600618,0.21974549999999998
723,17:16:52.340 PM,0.16343370000000002,-0.0043611529999999996,0.3911054,0.1678021,0.01542808,0.4119725,0.1654874,0.02850644,0.4268865,0.15065520000000002,-0.02846339,0.4363289000000001,0.1549704,-0.02080023,0.47191980000000006,0.1533067,-0.008701459,0.48857829999999997,0.1496104,0.003425628,0.4958486,0.1333686,-0.03864685,0.437205,0.1281684,-0.02774242,0.47651640000000006,0.1221269,-0.01087278,0.4929419,0.1172685,0.004050120999999999,0.49656530000000004,0.11567060000000001,-0.04792672,0.4318896,0.10588239999999999,-0.03817974,0.4674173,0.09826121,-0.02144442,0.4823147,0.09345543,-0.006554216,0.48563009999999995,0.098477,-0.05296999,0.42437440000000004,0.08378924,-0.0477936,0.45020699999999997,0.07666027,-0.03629586,0.4599986,0.07267816,-0.02247305,0.4632012,0.1302925,-0.03979103,0.4141539000000001,0.1328412,-0.06325769,0.3501281,0.1473887,-0.03450868,0.3613442,0.22691060000000002,-0.24810229999999997,0.2197029,0.1559907,-0.06311901,0.34361479999999994,0.1190987,-0.08188084,0.3435988,0.24535660000000004,-0.2387214,0.2197109,0.2084647,-0.2574832,0.2196948
724,17:16:52.367 PM,0.15895510000000002,0.0012130889999999999,0.3854067,0.1609315,0.02094804,0.40667620000000004,0.1569124,0.03362997,0.42155950000000003,0.1468422,-0.02478714,0.4297571,0.14748350000000002,-0.01482524,0.4650106,0.14266420000000002,-0.0004048944,0.4789166,0.1371052,0.01241185,0.483029,0.12991689999999997,-0.03559051,0.4298825,0.1219308,-0.02142213,0.4676363,0.1140864,-0.001789153,0.4795008,0.1088278,0.01332895,0.47882870000000005,0.11274300000000001,-0.04538108,0.4238251,0.1008013,-0.03277642,0.45774490000000007,0.09226733,-0.01343249,0.46827120000000005,0.08768611,0.001802579,0.46748909999999994,0.09598927,-0.05087687,0.41566590000000003,0.08069833,-0.04315951,0.44048690000000007,0.07424654,-0.02943414,0.4474174,0.07157242,-0.01498605,0.44732740000000004,0.1276116,-0.0363787,0.40672859999999994,0.13250610000000002,-0.059050099999999994,0.34258590000000005,0.1461586,-0.02943376,0.35461159999999997,0.2305924,-0.2449138,0.2166689,0.155803,-0.05886401,0.3366254,0.11901789999999998,-0.07782255,0.3359548,0.24898499999999998,-0.2354345,0.21700429999999996,0.21219989999999997,-0.254393,0.21633360000000001
725,17:16:52.396 PM,0.1546023,0.009569839,0.3762811,0.15367160000000002,0.02943166,0.3975093,0.147672,0.04181029,0.41197959999999995,0.14323010000000003,-0.01732421,0.4199679,0.13964620000000003,-0.00392285,0.4538934,0.1321433,0.01215683,0.4644027,0.125342,0.02502121,0.46528379999999997,0.1267836,-0.02882876,0.41934390000000005,0.11545050000000001,-0.01001319,0.4541076,0.10621839999999999,0.01143081,0.46071759999999995,0.10094650000000001,0.02595107,0.4564165,0.110325,-0.03932799,0.4125308,0.09558736,-0.02186112,0.44304049999999995,0.08655345,-0.0005705506,0.4479349,0.08258232,0.01410981,0.4431429,0.09420038,-0.04551716,0.4036316,0.07829632,-0.03289239,0.4259448,0.07318791,-0.01720022,0.42846999999999996,0.07224488,-0.003077045,0.42445770000000005,0.125559,-0.02969866,0.3961099,0.1340221,-0.05248922,0.3323922,0.1461291,-0.0219489,0.344871,0.23778379999999996,-0.24125879999999997,0.21566860000000002,0.15752660000000002,-0.05232576,0.32730940000000003,0.12089380000000001,-0.07152965,0.3258027,0.2561002,-0.2316569,0.2164219,0.2194674,-0.2508608,0.2149152
726,17:16:52.429 PM,0.152266,0.021601099999999998,0.3609639,0.14899849999999998,0.04239024,0.3810381,0.1408024,0.05476595,0.39438609999999996,0.1406875,-0.0033136309999999996,0.40550549999999996,0.13297620000000002,0.01402012,0.4368571,0.123225,0.03112744,0.4429563,0.11569580000000002,0.04322402,0.4399088,0.1248654,-0.01566307,0.4049014,0.11044860000000001,0.00820595,0.4351115,0.1003703,0.03026395,0.43495390000000006,0.09565688,0.04278849,0.42613549999999994,0.10924020000000001,-0.02735186,0.39806540000000007,0.09202366,-0.004169181,0.4229326,0.08359825,0.01761003,0.41937170000000007,0.08147333,0.02944227,0.40891859999999997,0.093824,-0.03484079,0.3889149,0.07779802,-0.01686545,0.40707020000000005,0.07470656,-0.0008320957000000001,0.4036705,0.07653183,0.01036619,0.39432870000000003,0.1246552,-0.01787397,0.381726,0.1362909,-0.04414807,0.3198572,0.1469395,-0.01191574,0.33096820000000005,0.24126,-0.24214629999999998,0.220865,0.1599005,-0.04451017,0.3153002,0.12317819999999999,-0.06358579,0.31451490000000004,0.25962110000000005,-0.2326085,0.2212576,0.22289879999999998,-0.25168409999999997,0.2204724
727,17:16:52.461 PM,0.1497511,0.0317031,0.34241009999999994,0.14430829999999997,0.05446525,0.3596689,0.13376970000000002,0.06710966,0.3709598,0.1397072,0.01324381,0.38958550000000003,0.1278904,0.03794883,0.4138518,0.1166365,0.05426107,0.408607,0.1101545,0.06172787,0.3979678,0.1242693,0.000466153,0.39082340000000004,0.1085326,0.03151371,0.4125979,0.09934259,0.05062743,0.4011127,0.09651871,0.056954399999999995,0.38675,0.1089968,-0.01253098,0.3857985,0.09161965,0.01712726,0.4021602,0.0854863,0.03499804,0.3880778,0.08581438,0.03996001,0.372983,0.09380071,-0.02169316,0.37788979999999994,0.07931229,0.001640022,0.3902816,0.07860693,0.01471469,0.3800063,0.08266819,0.01907204,0.3666133,0.1240856,-0.004996344000000001,0.36819709999999994,0.13598179999999999,-0.03917053,0.3102092,0.1460869,-0.005592555,0.31698259999999995,0.2394198,-0.2452413,0.2274437,0.1593937,-0.03978857,0.3047486,0.1229137,-0.05915958,0.3073933,0.2576599,-0.2355558,0.22612129999999997,0.22117979999999998,-0.2549268,0.2287661
728,17:16:52.490 PM,0.1452616,0.03893442,0.3180604,0.1392405,0.0638922,0.33173109999999995,0.1283435,0.07719643,0.341871,0.1421142,0.030925499999999998,0.3677558,0.1244413,0.06127705,0.3783233,0.1126474,0.06820987,0.3628475,0.10855699999999999,0.06563012,0.3490623,0.1281245,0.01775061,0.3735996,0.1081558,0.05369712,0.37570290000000006,0.1016355,0.05567096,0.3523211,0.10255810000000001,0.04825248,0.3380671,0.1135981,0.003029525,0.3733889,0.09457199,0.03609799,0.3729085,0.09208728,0.03715105,0.3493498,0.09566585,0.02905203,0.3360317,0.09847246,-0.008565351,0.3695835,0.08552799,0.01867373,0.3708511,0.08602346,0.02122487,0.3543268,0.09033667,0.01477343,0.3417981,0.1258297,0.007561251999999999,0.3527853,0.133644,-0.03712939,0.30136979999999997,0.1417632,-0.002603352,0.30032179999999997,0.24082699999999999,-0.24505259999999998,0.2285482,0.1557498,-0.03685244,0.2919073,0.1222565,-0.05819865,0.3035501,0.2575737,-0.23437950000000002,0.2227268,0.22408029999999998,-0.2557257,0.23436970000000001
729,17:16:52.522 PM,0.1495369,0.04187696,0.2905629,0.1430287,0.06964378,0.2961882,0.1316111,0.08524112,0.3010857,0.1422519,0.04925175,0.3389153,0.12203620000000001,0.07476135,0.32244870000000003,0.1175542,0.06518491,0.3048444,0.1198646,0.05264474,0.29791809999999996,0.1270338,0.03891616,0.34691120000000003,0.1092777,0.06416221,0.3200035,0.11081400000000001,0.04779564,0.30224629999999997,0.1161211,0.03291215,0.29992129999999995,0.1117049,0.02531405,0.3495626,0.09675142,0.04966889,0.32457379999999997,0.1013714,0.03460659,0.30705709999999997,0.10788219999999998,0.02022879,0.30534770000000006,0.09628644,0.01363631,0.3478268,0.08767222,0.0364929,0.3303142,0.09144378,0.02763863,0.31675,0.09674028,0.01431467,0.31374070000000004,0.1258996,0.02305694,0.3299217,0.135524,-0.03400491,0.2927813,0.1455766,-0.002861127,0.28473940000000003,0.2440014,-0.24672600000000003,0.2380551,0.15761989999999998,-0.03440025,0.28330500000000003,0.1242759,-0.05488168,0.29678499999999997,0.2606734,-0.2364853,0.23131500000000002,0.2273294,-0.2569667,0.24479510000000002
730,17:16:52.555 PM,0.1472477,0.04379119,0.27217470000000005,0.13743729999999998,0.07105975,0.27002750000000003,0.1236282,0.08538555,0.26860690000000004,0.1330346,0.06030913,0.31541929999999996,0.12019339999999999,0.07430734,0.28412919999999997,0.11914189999999998,0.05783774,0.27180679999999996,0.12196480000000001,0.04358201,0.27249609999999996,0.1160468,0.05133636,0.32126020000000005,0.1077971,0.06510521,0.283438,0.1133306,0.04426776,0.272361,0.1184183,0.02992101,0.2773176,0.1002198,0.03810541,0.32265370000000004,0.09437732,0.05272152,0.2879717,0.10306030000000001,0.03418593,0.2761843,0.1092144,0.02037604,0.28118699999999996,0.08545058,0.02589087,0.3194796,0.083732,0.04152645,0.2937653,0.0908857,0.03031082,0.2837071,0.09631577,0.01696219,0.28659209999999996,0.11885599999999999,0.03241448,0.3080173,0.1358075,-0.03018133,0.28462059999999995,0.14868520000000002,-0.0013438170000000002,0.2752315,0.2442345,-0.24755479999999996,0.2528591,0.1591283,-0.03151848,0.2789074,0.12332950000000001,-0.05058153,0.28715759999999996,0.26213400000000003,-0.23802329999999997,0.24873409999999999,0.2263351,-0.2570863,0.2569842
731,17:16:52.587 PM,0.1368821,0.03874232,0.24468939999999997,0.12252370000000001,0.06239642,0.2356712,0.10686099999999998,0.07408519,0.2315803,0.12326369999999999,0.06624927,0.2813144,0.10522550000000001,0.06521668,0.24933629999999998,0.10898250000000001,0.04547523,0.24456220000000004,0.1160539,0.03406788,0.2503287,0.10882249999999999,0.05730702,0.29207849999999996,0.09491073,0.05606087,0.2533218,0.10391929999999999,0.03370218,0.2503588,0.112045,0.02285032,0.2589549,0.09594344,0.04307012,0.299858,0.084497,0.04404052,0.26343920000000004,0.09604392,0.02396043,0.2586447,0.1051695,0.01341951,0.2664053,0.08351812,0.028391700000000002,0.30287159999999996,0.07668322,0.03397305,0.27396709999999996,0.08538411,0.02077885,0.2685755,0.09352702,0.01002197,0.27446279999999995,0.11402029999999999,0.03563301,0.28527529999999995,0.13939400000000002,-0.02841918,0.279354,0.14681529999999998,-0.0023847820000000002,0.261007,0.25851799999999997,-0.2413466,0.2569096,0.1609607,-0.02932743,0.268759,0.12973959999999998,-0.04880368,0.2877046,0.27412859999999994,-0.2316085,0.24743679999999998,0.2429074,-0.2510847,0.26638249999999997
732,17:16:52.617 PM,0.129044,0.02865501,0.21817399999999998,0.11126969999999999,0.04701056,0.20429489999999997,0.09405223,0.05571492,0.1991716,0.11299110000000001,0.06430213,0.2448272,0.09041821,0.04879405,0.2205154,0.10073539999999999,0.030959800000000003,0.2204231,0.1124335,0.025012599999999996,0.2267355,0.10209019999999999,0.0586073,0.2606901,0.08248631,0.04175739,0.2287509,0.09673797,0.02219619,0.2302931,0.10887160000000001,0.01638393,0.23899720000000002,0.09318411,0.04709278,0.2753558,0.07623781,0.03301968,0.24429009999999998,0.09225789,0.01568066,0.2433763,0.1051086,0.01039113,0.251165,0.08408933,0.03343485,0.28573390000000004,0.07216838,0.02704595,0.2588005,0.08241834,0.01396792,0.2573466,0.09306888,0.007198095,0.264877,0.1098951,0.036687,0.260973,0.1440033,-0.02237222,0.2703939,0.14478870000000002,-0.003907159,0.2454138,0.27733620000000003,-0.22682270000000004,0.2493177,0.161901,-0.02372946,0.2543893,0.139439,-0.04146003,0.2842909,0.2885672,-0.21795749999999997,0.2343669,0.2661052,-0.235688,0.2642685
733,17:16:52.650 PM,0.1216528,0.02685304,0.204075,0.10091599999999999,0.04256906,0.1910681,0.08256081,0.04925208,0.18693479999999998,0.1010205,0.05961008,0.2274991,0.07746626,0.04031692,0.20709380000000002,0.09043974,0.02428971,0.20710479999999998,0.10346720000000001,0.02010472,0.21213089999999998,0.09265668,0.05394892,0.24485810000000002,0.07228167,0.03206809,0.2166236,0.08922651,0.01474543,0.2177994,0.10296010000000001,0.01043317,0.22485990000000003,0.08710442,0.04275142,0.2613359,0.06920252,0.02370752,0.2335881,0.08742889,0.008737713000000001,0.2320857,0.1017393,0.0056129990000000005,0.2383776,0.08133704,0.02897404,0.2737713,0.06741326,0.01890461,0.2489765,0.07916691,0.007208183000000001,0.24711529999999998,0.09148649,0.002338395,0.2535037,0.1039597,0.03363587,0.2462604,0.1469405,-0.01901804,0.25646199999999997,0.1435486,-0.002458379,0.2307926,0.2747128,-0.22478040000000002,0.21929179999999995,0.1622033,-0.02079288,0.23795929999999998,0.144455,-0.03781943,0.27124770000000004,0.283587,-0.21626710000000002,0.2026476,0.26583870000000004,-0.2332937,0.235936
734,17:16:52.682 PM,0.1201999,0.02539249,0.1935692,0.10081849999999999,0.04124801,0.1787755,0.08322874,0.0487047,0.1729825,0.09640126,0.05741958,0.2135717,0.07250519,0.03749387,0.19420710000000002,0.08344997,0.02002634,0.1936872,0.09604564,0.01418447,0.1981233,0.0877732,0.05294012,0.23114200000000001,0.0675634,0.02942042,0.2041442,0.08444566,0.01216421,0.20651020000000003,0.09810755,0.008355737,0.21398040000000002,0.08207726,0.04293238,0.2483154,0.06419145,0.02223296,0.221779,0.08237088,0.007145464,0.22126759999999998,0.09659907,0.004772425,0.2280453,0.07630210000000001,0.03003941,0.26165370000000004,0.06250782,0.01842614,0.2374754,0.07426987,0.00664188,0.2364084,0.08653717,0.002326429,0.24326950000000003,0.09941782,0.03303193,0.23432529999999996,0.142293,-0.01844823,0.24888110000000002,0.1399891,-0.0033268629999999998,0.22246939999999998,0.2579866,-0.23211959999999998,0.2174643,0.1573113,-0.02164179,0.2303723,0.1388441,-0.03662181,0.2642483,0.2672203,-0.22462960000000004,0.2005263,0.24875300000000003,-0.2396096,0.23440229999999998
735,17:16:52.716 PM,0.11415650000000001,0.02236448,0.18830529999999998,0.09345465,0.037894,0.175032,0.07542987,0.04513939,0.17043029999999998,0.09220089999999999,0.054247300000000005,0.20550900000000002,0.06597574,0.03607409,0.1874794,0.07499729,0.01759748,0.18594929999999998,0.08714474,0.01031679,0.1893918,0.08391467,0.05051757,0.2234158,0.06374939,0.0253457,0.19791570000000003,0.08071291,0.008242354,0.2007609,0.09450139,0.0051585879999999995,0.2083323,0.07853055,0.04123451,0.24108949999999998,0.06055992,0.01913108,0.21577039999999997,0.07887134,0.004195392,0.215784,0.09313725,0.002604812,0.22270979999999999,0.0729781,0.02891479,0.25504970000000005,0.05879096,0.01625861,0.23163409999999998,0.07054343,0.004440427,0.23088409999999998,0.08291538,0.0005270243,0.2377982,0.09554476,0.0306993,0.2271625,0.1382326,-0.02055554,0.2427404,0.1357261,-0.006295085,0.2159643,0.2445491,-0.23940909999999999,0.2140478,0.1525645,-0.02483783,0.22391020000000003,0.1345324,-0.0381586,0.25870129999999997,0.2535651,-0.2327487,0.19665220000000003,0.235533,-0.24606950000000002,0.2314433
736,17:16:52.750 PM,0.11017180000000001,0.01960914,0.1853796,0.08887855,0.03497972,0.1728808,0.07092337,0.04255597,0.1685499,0.08974519,0.05167829,0.20040410000000003,0.06193014,0.03442542,0.18392070000000002,0.06813105,0.01493046,0.18135020000000002,0.07945417,0.006091565,0.1838163,0.08191586,0.04874323,0.21866079999999996,0.06183146,0.021824400000000004,0.19494389999999998,0.07860859,0.004549533,0.1978571,0.09257377,0.0018968729999999999,0.20526599999999998,0.07695784,0.04023452,0.23684149999999998,0.05887694,0.01667203,0.21295770000000003,0.07736374,0.0019617379999999998,0.21343720000000002,0.09172125,0.001049742,0.2202958,0.07172115,0.02853788,0.25144479999999997,0.05721295,0.01464018,0.228948,0.0690402,0.002879053,0.2285683,0.08155722,-0.0005463213,0.23548029999999998,0.09355564,0.02903651,0.22292929999999997,0.13641570000000003,-0.02175151,0.23956660000000002,0.13327120000000003,-0.008607566,0.2122465,0.24106679999999997,-0.24225259999999998,0.21835970000000002,0.150269,-0.02696419,0.22061340000000002,0.13302750000000002,-0.03858894,0.2563991,0.2496876,-0.2364403,0.2004668,0.232446,-0.248065,0.2362525
737,17:16:52.784 PM,0.10777049999999999,0.02043657,0.181668,0.08684593,0.03570719,0.1684454,0.06917471,0.04350214,0.16339510000000002,0.08673371,0.05260946,0.1975102,0.05869598,0.03522287,0.1815533,0.06422848,0.01558872,0.1785591,0.07524887,0.006257296,0.1805257,0.07921146,0.04967757,0.215896,0.05967527,0.02188502,0.19273610000000002,0.07667593,0.004799455,0.1954636,0.09077966,0.002354085,0.20267879999999996,0.07462452,0.04120566,0.23419099999999998,0.05698629,0.01704432,0.21057640000000002,0.07502185,0.001836613,0.21182670000000003,0.08919658,0.0007089972,0.2190197,0.06974342,0.02952437,0.24892889999999998,0.05547116,0.01494801,0.2267127,0.06747819,0.003374115,0.2262367,0.08012969,0.00029824669999999997,0.2330675,0.09114469,0.03013085,0.2200891,0.1349693,-0.01996988,0.2365284,0.1311379,-0.007100478,0.2090038,0.2456371,-0.2378989,0.21976379999999998,0.1488535,-0.02523502,0.21761239999999998,0.1321519,-0.03649764,0.253768,0.2539879,-0.2322676,0.20168599999999998,0.2372862,-0.2435302,0.23784160000000001
738,17:16:52.816 PM,0.1072326,0.02177308,0.17992139999999998,0.08586226,0.03644536,0.1667342,0.06795001,0.04366289,0.1616751,0.08569181,0.05372380000000001,0.197007,0.05859239,0.03560151,0.18026720000000002,0.06479422,0.01619793,0.17708829999999998,0.075895,0.0069467719999999995,0.17898229999999998,0.07817478,0.05010732,0.2152726,0.05959456,0.02233766,0.1913121,0.07716385,0.005805969,0.19384229999999997,0.09127514,0.003804117,0.20117829999999998,0.07372671,0.04102783,0.23330860000000003,0.05688248,0.0168923,0.2090952,0.0759355,0.002915084,0.20911939999999998,0.09034653,0.002569705,0.21591729999999998,0.06907544,0.02883165,0.24769970000000002,0.05552038,0.01424815,0.2250433,0.0679923,0.0031944070000000002,0.22427199999999997,0.08074152,0.0004929452999999999,0.2310786,0.09056231,0.03074615,0.21898099999999998,0.1355471,-0.01869237,0.2344694,0.13148629999999997,-0.005191579,0.20705520000000002,0.2525824,-0.2332951,0.21804310000000002,0.1498493,-0.02344244,0.21572929999999996,0.1329484,-0.03540258,0.2515669,0.2610328,-0.22731500000000002,0.20012420000000003,0.24413189999999999,-0.2392752,0.2359619
739,17:16:52.844 PM,0.1074288,0.02146234,0.1803072,0.08584256,0.03603829,0.16736700000000002,0.06776067,0.04306899,0.1626602,0.08648637,0.05391024,0.1979864,0.05968952,0.03531881,0.1812736,0.06686772,0.01620911,0.17838199999999999,0.07846609,0.007652014,0.18053699999999998,0.0790171,0.05021264,0.21625540000000001,0.06008247,0.02280737,0.1921535,0.07765301,0.006269515,0.1946346,0.09176391,0.004267812,0.2019714,0.07456633,0.04102676,0.23423670000000002,0.05739928,0.01724182,0.20990370000000003,0.07641372,0.003212214,0.20985189999999998,0.09081909,0.002820015,0.2166592,0.06986832,0.02875601,0.2485491,0.05612595,0.014300299999999998,0.2259237,0.06898896,0.0037772659999999996,0.2244577,0.0820391,0.00142993,0.23081089999999999,0.0912456,0.03071143,0.21975129999999998,0.1360376,-0.01911414,0.23472300000000001,0.1317911,-0.005493909,0.2073521,0.2564178,-0.231855,0.21823360000000003,0.1504194,-0.02363068,0.215986,0.13369379999999997,-0.03587168,0.2518111,0.2647806,-0.22573449999999998,0.2003211,0.24805500000000003,-0.2379755,0.2361462
740,17:16:52.873 PM,0.10865799999999999,0.02172063,0.1825226,0.08695174,0.03657089,0.1701052,0.06873513,0.04353680000000001,0.1658415,0.08834428,0.05419801,0.20107329999999998,0.06194946,0.03584357,0.1834814,0.07028472,0.01717003,0.1808464,0.0823337,0.009401098,0.1834719,0.08066831,0.05001171,0.21915029999999996,0.06137963,0.02383791,0.19398239999999997,0.07894839,0.0072822419999999995,0.1963561,0.09294873,0.0051117540000000005,0.2038551,0.07594634,0.04031186,0.23678960000000002,0.05853307,0.017662900000000002,0.2115629,0.077407,0.0034473990000000003,0.21126910000000002,0.09175441,0.002619669,0.2181597,0.0709723,0.02764924,0.25066079999999996,0.05694237,0.01419331,0.2275988,0.07013049,0.004226521,0.22533870000000003,0.08337905,0.002006888,0.2313167,0.09262726,0.0302579,0.2221232,0.13677070000000002,-0.02050738,0.23608649999999998,0.1328384,-0.006034731999999999,0.2089149,0.2575569,-0.2330337,0.21979920000000003,0.1515432,-0.02481643,0.21760639999999998,0.1340767,-0.03745097,0.2529379,0.2662902,-0.22671639999999998,0.2021335,0.2488237,-0.239351,0.23746489999999998
741,17:16:52.903 PM,0.10882269999999998,0.02179514,0.18451479999999998,0.08669166,0.03637739,0.1725379,0.06823354,0.04297505,0.1687555,0.08909787,0.05449824,0.20319600000000002,0.06277272,0.03611983,0.1855255,0.07185457,0.01775618,0.1832055,0.08415727,0.01048256,0.1860596,0.08145816,0.05019937,0.22126179999999998,0.06159291,0.02466096,0.1958917,0.07915585,0.008079499,0.198123,0.09317606,0.005782008000000001,0.2055466,0.07676585,0.04038717,0.23884650000000002,0.05882462,0.01826654,0.213522,0.07752046,0.003830284,0.2128585,0.0919423,0.002663419,0.219541,0.07181,0.02763759,0.25264410000000004,0.05738725,0.01456504,0.22960450000000002,0.07053918,0.0046397,0.2269855,0.08388317,0.002313763,0.23270460000000004,0.09340362,0.03041448,0.22407620000000003,0.13752999999999999,-0.02047251,0.2376909,0.1335481,-0.005829334,0.2105365,0.2582027,-0.23304470000000002,0.2211635,0.1523052,-0.02476604,0.2192093,0.1348221,-0.03743621,0.25451979999999996,0.26694429999999997,-0.22670970000000001,0.2035082,0.24946120000000002,-0.23937979999999998,0.2388187
742,17:16:52.932 PM,0.1096969,0.02257521,0.18614,0.08736952,0.03713124,0.1745,0.06875110000000001,0.04350115,0.1711351,0.09047153,0.05538388,0.20471470000000003,0.06387611,0.03755076,0.1868906,0.07299782,0.0192128,0.1845236,0.0852946,0.01193008,0.1873799,0.08275788,0.05101646,0.2227326,0.06244898,0.02609445,0.197102,0.07990826,0.009395256999999999,0.1992683,0.09390528,0.006846264,0.20665340000000001,0.07796512,0.04112376,0.240245,0.05968159,0.01948403,0.21475029999999998,0.07819186,0.004820481,0.2138939,0.09262766,0.003337011,0.22048299999999998,0.07290496,0.0283177,0.2539521,0.05827582,0.015681399999999998,0.23079940000000002,0.07117286,0.0054121609999999995,0.22823779999999996,0.08442122,0.002689436,0.23400429999999997,0.094595,0.0311548,0.2254632,0.1383912,-0.02006158,0.23897420000000003,0.1345949,-0.005211115,0.2118228,0.2571507,-0.23380589999999998,0.22375389999999998,0.15325729999999999,-0.02453459,0.22060839999999998,0.135401,-0.036963,0.2558179,0.2660788,-0.22759169999999998,0.20614920000000003,0.24822260000000002,-0.24002010000000001,0.2413587
743,17:16:52.963 PM,0.11186030000000001,0.02343793,0.1871251,0.0900574,0.0384409,0.17506629999999998,0.07148527,0.0449128,0.17164100000000002,0.09272391,0.05651955,0.20558520000000002,0.06582678,0.03972961,0.1872094,0.0744523,0.02116244,0.1847726,0.08650274,0.01351777,0.1877308,0.0845716,0.05222984,0.2234277,0.06373382,0.02837472,0.19721329999999998,0.08064962,0.01113148,0.1994279,0.09446443,0.007908821,0.2068922,0.07924545,0.042362699999999996,0.2407998,0.06067090000000001,0.02150117,0.21487070000000003,0.07876015,0.006316736,0.2141013,0.09307186,0.0042956470000000005,0.22081679999999998,0.07367327,0.02960224,0.25434989999999996,0.05902672,0.01747651,0.23093670000000002,0.07181217,0.007086933,0.22830219999999998,0.08499629,0.004099861,0.2340849,0.09597696,0.03213839,0.22631020000000004,0.13858800000000002,-0.019898500000000003,0.24045370000000002,0.1355514,-0.004922748,0.2133159,0.2553487,-0.2347775,0.22575749999999997,0.15373979999999998,-0.02439214,0.22232800000000003,0.13511220000000002,-0.03689276,0.2571097,0.2646624,-0.2285271,0.2083666,0.24603490000000003,-0.2410278,0.2431484
744,17:16:52.993 PM,0.1126451,0.02468552,0.1874914,0.09078653,0.039602,0.1754259,0.07210549999999999,0.04583521,0.17215350000000001,0.09321079,0.05762623,0.2063468,0.0664029,0.04080461,0.1878697,0.07498878,0.02224515,0.18524000000000002,0.0870426,0.01457189,0.1881095,0.08508161,0.05318673,0.2241632,0.06428149,0.02946843,0.1977951,0.0812502,0.01225853,0.1998599,0.09508503,0.008977979,0.2072618,0.07980709,0.04318734,0.24147539999999998,0.06121538,0.02249043,0.2154268,0.07933398,0.007349953,0.2144974,0.0936721,0.005263865,0.22113629999999998,0.07430114,0.03031661,0.2549481,0.05958162,0.01841445,0.23146599999999998,0.07228125,0.007927075,0.228804,0.08543886,0.004766345,0.23455460000000003,0.09658992,0.03313686,0.22692359999999998,0.1394273,-0.01879817,0.2406948,0.136353,-0.003641605,0.2137038,0.2558329,-0.2336965,0.22365,0.1545292,-0.02313918,0.2224904,0.135966,-0.03594701,0.2571947,0.2651145,-0.22729259999999998,0.2062978,0.2465513,-0.2401004,0.2410022
745,17:16:53.023 PM,0.1127155,0.02555071,0.1869181,0.09060783,0.04013725,0.17490350000000002,0.07186052,0.04620688,0.1717036,0.09312575,0.05854599,0.20601889999999998,0.06662606,0.04079993,0.18796770000000002,0.07564782,0.02241425,0.18558929999999998,0.08793458,0.015159,0.188556,0.08528247,0.05415659,0.22397529999999996,0.06468504,0.02973054,0.19809960000000001,0.08198217,0.01285872,0.2002255,0.09593465,0.01002119,0.20758890000000002,0.08033899,0.04423077,0.2414268,0.06171337,0.02307747,0.21577249999999998,0.08000806,0.008155345999999999,0.21476620000000002,0.09444661,0.006298453000000001,0.2212535,0.07513881,0.0314046,0.25506239999999997,0.06018486,0.019294099999999998,0.23183649999999997,0.07280372,0.008698523,0.22921950000000002,0.08598997,0.005489558,0.23487719999999998,0.09701577,0.03423493,0.2267163,0.14047,-0.01723965,0.24004699999999998,0.1369396,-0.002263278,0.2132075,0.2571202,-0.23148020000000002,0.21734859999999998,0.15513770000000002,-0.02128836,0.221425,0.1374674,-0.03461498,0.2563991,0.2659553,-0.2248169,0.1998615,0.2482851,-0.2381435,0.23483560000000003
746,17:16:53.052 PM,0.1139674,0.02674608,0.1858638,0.09219715,0.0414478,0.1733821,0.07354139,0.04761226,0.1698459,0.09362809,0.059618700000000004,0.2053971,0.06771113,0.04127268,0.1871005,0.07703331,0.02300732,0.1849659,0.08942839,0.01605929,0.1882054,0.08568796,0.055178599999999994,0.22329839999999998,0.06534866,0.03070797,0.1972604,0.08263867,0.01383337,0.1994247,0.09655084,0.01103322,0.2068788,0.08065872,0.04520749,0.2406996,0.06221663,0.02407928,0.21489210000000003,0.08054054,0.009188026,0.2139613,0.09493675,0.007382481999999999,0.22055660000000002,0.07539906,0.03234394,0.2542772,0.06055383,0.02024771,0.2309741,0.07328104,0.009804651,0.2282698,0.08650104,0.006714657,0.233915,0.09743483,0.03526829,0.2260639,0.1409466,-0.01613127,0.2393835,0.13749,-0.001141623,0.21270679999999997,0.2593351,-0.2290306,0.2133085,0.15563429999999998,-0.01977097,0.22069299999999997,0.1380979,-0.03378149,0.25546660000000004,0.2681033,-0.22202529999999998,0.1959217,0.2505669,-0.23603579999999996,0.2306953
747,17:16:53.080 PM,0.1151674,0.02770422,0.18529379999999998,0.09380698,0.04267071,0.1724243,0.07528757,0.04904635,0.1685604,0.09427685,0.06049313,0.205222,0.06877024,0.04191439,0.1865866,0.07827348,0.02372177,0.1846358,0.09071296,0.0169781,0.1881273,0.08617361,0.0559908,0.22303449999999997,0.06594597,0.03174333,0.19670220000000002,0.08313554,0.01477064,0.1988997,0.09697474,0.01187997,0.20645460000000002,0.08096211,0.04594798,0.24034070000000002,0.06263836,0.02503853,0.214272,0.0809058,0.01007397,0.21340720000000002,0.09523467,0.008206517,0.2201308,0.07553913,0.03303419,0.253806,0.06081121,0.02113657,0.2303268,0.07352071,0.01066679,0.22764279999999998,0.08668608,0.007524401,0.23338579999999998,0.09781465,0.03601663,0.22578760000000003,0.14108779999999999,-0.01557413,0.2390701,0.1378247,-0.0004897714,0.21255839999999998,0.2613433,-0.22700399999999998,0.2097743,0.1558635,-0.01877313,0.22036839999999996,0.1383376,-0.03351811,0.25484229999999997,0.2701063,-0.2196315,0.1925374,0.2525804,-0.2343765,0.22701129999999997
748,17:16:53.111 PM,0.11621,0.02843492,0.1857716,0.09541411,0.043829599999999996,0.1724902,0.07710195,0.05050804,0.1681777,0.09469738,0.060984300000000005,0.2064413,0.06953667,0.04265948,0.1870981,0.07927518,0.02459045,0.18516,0.091736,0.01800744,0.1888745,0.08632694,0.05619021,0.22405279999999997,0.06609094,0.03280054,0.19696270000000002,0.08311979,0.01564793,0.1990077,0.09684281,0.01250674,0.20667339999999998,0.08083189,0.04585312,0.2410958,0.0625563,0.02570172,0.2144042,0.08068234,0.01057588,0.2133861,0.09492467,0.008425802,0.220208,0.07516713,0.03271742,0.2542429,0.0605503,0.02145492,0.23038440000000002,0.07320306,0.01094933,0.2275752,0.08629015,0.007605255,0.2333828,0.09784476,0.03611727,0.2265973,0.1408035,-0.01583527,0.2395013,0.1378831,-0.0003159791,0.2132529,0.26264309999999996,-0.22597759999999997,0.20760749999999997,0.1558486,-0.01857667,0.2209422,0.1379424,-0.03410811,0.254871,0.2715962,-0.21821190000000001,0.1906431,0.25368989999999997,-0.2337433,0.22457190000000002
749,17:16:53.141 PM,0.1175095,0.02841903,0.1862307,0.09790479,0.04448555,0.1719677,0.07989461,0.05153207,0.16701429999999998,0.09565491,0.06114118,0.20703600000000003,0.07032663,0.04393242,0.1869017,0.07983803,0.02575125,0.1848854,0.09218023,0.01909025,0.188849,0.08678739,0.05625518,0.2243772,0.06626221,0.03415142,0.1964372,0.08273765,0.01644735,0.1983117,0.09624060000000001,0.01276675,0.2061271,0.08074226,0.04579814,0.241159,0.06233676,0.02665819,0.2138194,0.08007922,0.01108745,0.2127496,0.09418067,0.008314028000000001,0.2196395,0.07459209,0.03258796,0.25401039999999997,0.06024449,0.0222065,0.2295948,0.07231092,0.01091667,0.22728879999999999,0.08493095,0.006720409,0.2335603,0.0979971,0.03601603,0.22698110000000002,0.14011310000000002,-0.01651153,0.24034610000000003,0.13792079999999998,-0.0007538944,0.21422960000000002,0.26366799999999996,-0.2256513,0.20845820000000004,0.1556275,-0.01891835,0.2221302,0.13695420000000003,-0.03501869,0.25537329999999997,0.2730047,-0.2176011,0.19183670000000003,0.2543314,-0.23370149999999998,0.22507979999999997
750,17:16:53.174 PM,0.11883189999999999,0.0300435,0.18588020000000002,0.1002358,0.04681702,0.1710917,0.08288335,0.05476443,0.16523800000000002,0.09597238,0.06272249,0.20767510000000003,0.07078901,0.04614718,0.1868405,0.08001183,0.02783422,0.18468199999999999,0.09220349,0.02099244,0.1888003,0.08674611,0.05770122,0.22478879999999998,0.06611608,0.03663297,0.1961358,0.08198321,0.01834469,0.19759870000000002,0.09526499,0.01481773,0.20585140000000002,0.08025162,0.04706939,0.2412904,0.06186214,0.02912025,0.21314499999999997,0.07861988,0.0124654,0.2127903,0.0921913,0.008983597,0.2203848,0.07366561,0.03375436,0.25381309999999996,0.0595817,0.02444701,0.2288183,0.07070832,0.01213194,0.2271185,0.08263282,0.006779894,0.23385229999999996,0.09755285,0.03722225,0.22721439999999998,0.1387597,-0.01610821,0.2404999,0.1370158,-3.649294e-05,0.21444770000000002,0.2656115,-0.2237323,0.2118145,0.15477020000000002,-0.01832058,0.22269320000000004,0.1354344,-0.03465826,0.2554381,0.2752794,-0.2155634,0.195442,0.2559435,-0.2319011,0.22818690000000003
751,17:16:53.214 PM,0.1233901,0.03653701,0.1878743,0.1064923,0.05471419,0.1727119,0.09003231,0.06347589,0.1655832,0.09717758,0.06682636,0.21281570000000002,0.07502387,0.0514461,0.1880072,0.08489444,0.03361969,0.1848678,0.0967159,0.02624635,0.18914489999999998,0.08666252,0.05975287,0.2283895,0.06920806,0.04165243,0.19586389999999998,0.0850785,0.0233136,0.19629860000000002,0.09773604,0.01854841,0.20490229999999998,0.07899947,0.04719462,0.2429157,0.06382397,0.03223719,0.21132039999999996,0.08057486,0.01557367,0.2109848,0.0932567,0.01139551,0.2196859,0.07160703,0.03244866,0.2531785,0.06012919,0.02571957,0.22611260000000002,0.07167819,0.013839600000000002,0.2241549,0.08304722,0.008039743,0.2314547,0.09752619,0.03917904,0.2292449,0.1384417,-0.01507713,0.2402133,0.13842190000000001,0.003890127,0.21543710000000002,0.2755465,-0.21671279999999998,0.21644349999999998,0.15654500000000002,-0.01578575,0.22440010000000002,0.1340489,-0.03453208,0.2536494,0.2867945,-0.2073396,0.2018189,0.26429840000000004,-0.22608589999999998,0.23106820000000003
752,17:16:53.250 PM,0.1273379,0.0385526,0.1923342,0.1119826,0.05767892,0.17670539999999998,0.0966073,0.06735758,0.1684322,0.09939297,0.06798969,0.219084,0.07954412,0.05390482,0.1916875,0.08971837,0.03630452,0.1882536,0.1011718,0.02858333,0.19290220000000002,0.08782609,0.05987264,0.2333495,0.07279461,0.0441096,0.1984794,0.08853605,0.02565576,0.1986795,0.100575,0.02001815,0.2076366,0.07912917,0.04633112,0.24632929999999997,0.06660198,0.0335914,0.21266639999999998,0.08264068,0.01623823,0.21258020000000002,0.09439094,0.01083383,0.2218929,0.07096308,0.03093423,0.2549143,0.06163574,0.02603404,0.22665389999999996,0.07321351,0.01421598,0.2245004,0.08404141,0.007776394,0.23208130000000002,0.09844422,0.03915314,0.233298,0.1383931,-0.01612937,0.24332529999999997,0.1398687,0.004502639,0.21944770000000002,0.282911,-0.213531,0.2303875,0.15806420000000002,-0.01602362,0.2294929,0.1331739,-0.03597528,0.2558638,0.2953562,-0.20355510000000002,0.2172021,0.27046590000000004,-0.22350679999999998,0.243573
753,17:16:53.285 PM,0.1301702,0.04084696,0.19860060000000002,0.1154863,0.06059031,0.18309389999999998,0.1008579,0.07085396,0.1741943,0.1010595,0.06883447,0.2268238,0.08335029,0.05662651,0.19715410000000003,0.09378193,0.03935356,0.1929221,0.10491680000000002,0.03111498,0.1974547,0.08868926,0.05955593,0.23963310000000002,0.07641936,0.04663073,0.2025828,0.09102621,0.02727319,0.2030894,0.1018332,0.02023999,0.2126105,0.07930148,0.04498176,0.2509006,0.06932478,0.03464501,0.2156011,0.08547932,0.01740406,0.21519610000000003,0.09668598,0.01121177,0.22468649999999998,0.07072878,0.02891843,0.2576785,0.06342694,0.02610181,0.2285509,0.0751915,0.01453163,0.2260855,0.08559810000000001,0.0075015130000000005,0.23373139999999998,0.09943671,0.038931,0.2385565,0.13909960000000002,-0.01689713,0.24720810000000001,0.1418836,0.005610436,0.2245382,0.28656240000000005,-0.2125199,0.24441999999999997,0.1600882,-0.01624936,0.23548809999999998,0.1328572,-0.03710717,0.25864929999999997,0.30017790000000005,-0.20209100000000002,0.23283939999999997,0.2729469,-0.22294879999999997,0.25600059999999997
754,17:16:53.321 PM,0.1362175,0.04369827,0.2118808,0.1229627,0.06404294,0.19587220000000002,0.10931969999999999,0.07434539,0.18556389999999998,0.10328150000000001,0.06889255,0.2386078,0.09141151,0.06044765,0.20498490000000003,0.10290519999999999,0.04391725,0.20054489999999997,0.1132882,0.03495802,0.20547739999999998,0.08910301,0.0580086,0.2477526,0.08407260000000001,0.0500188,0.20774120000000001,0.09806686,0.03023292,0.20876950000000002,0.1067885,0.02158068,0.2190656,0.07829826,0.04208399,0.2553087,0.07499932,0.03621863,0.21780010000000002,0.09147000000000001,0.01927809,0.2181355,0.1011273,0.0118351,0.2283987,0.06914882,0.02523766,0.2584553,0.06687202,0.02633314,0.2284029,0.07917053,0.01525371,0.2263201,0.08843245,0.0072141440000000005,0.23442910000000003,0.1005023,0.03776641,0.24621639999999997,0.13925520000000002,-0.01865678,0.2555716,0.1457881,0.006787449,0.236326,0.2802274,-0.2188493,0.26383340000000005,0.1622034,-0.01778155,0.2484362,0.1304042,-0.03955126,0.2635332,0.296127,-0.2079645,0.25628490000000004,0.2643278,-0.2297342,0.27138190000000006
755,17:16:53.354 PM,0.13911070000000003,0.04224761,0.22240810000000003,0.1261937,0.06252582,0.2060428,0.11286700000000001,0.07270654,0.1952125,0.10623710000000001,0.06762658,0.2489198,0.09615967,0.06105633,0.2143034,0.10770330000000002,0.04461266,0.20967370000000002,0.1176924,0.03511758,0.2144134,0.0914047,0.05653878,0.2566836,0.08851738,0.05077367,0.216077,0.10221160000000001,0.03076629,0.21681639999999996,0.1103059,0.02132992,0.226935,0.07999765,0.04044147,0.26287009999999994,0.07869914,0.03652878,0.2249817,0.09494851,0.01937591,0.2253176,0.1040682,0.01113893,0.2354659,0.07051824,0.02358393,0.2647271,0.0697057,0.02638106,0.23470639999999998,0.08196677,0.01527165,0.23256279999999996,0.09083057,0.006595105,0.24045770000000002,0.1027042,0.03624876,0.2550432,0.1398615,-0.02123788,0.26465320000000003,0.14826620000000001,0.005191654,0.2467929,0.2674188,-0.2300308,0.2770886,0.1632907,-0.02161947,0.2592464,0.129188,-0.04173558,0.2713035,0.28447009999999995,-0.21997270000000002,0.27105999999999997,0.2503675,-0.2400888,0.28311709999999995
756,17:16:53.384 PM,0.1432967,0.03894256,0.2320201,0.1315282,0.05989422,0.2156341,0.11888399999999999,0.0708053,0.20469500000000002,0.11202960000000001,0.06604837,0.2588753,0.1020154,0.06100143,0.22398510000000002,0.11275009999999999,0.044033300000000004,0.2192964,0.12211389999999998,0.03387152,0.223933,0.09644924,0.05567954,0.26615700000000003,0.09365777,0.05140702,0.22535909999999998,0.1061637,0.030623900000000003,0.2257254,0.1135819,0.02041115,0.2356078,0.08403469,0.04014425,0.27182470000000003,0.08283263,0.03748064,0.2338245,0.09806618,0.01941399,0.2338743,0.1066479,0.01029457,0.2437351,0.07358277,0.02382071,0.2731835,0.07306789999999999,0.02766512,0.24327179999999998,0.08468021,0.01592849,0.24086439999999998,0.09300803,0.0064800380000000005,0.2484532,0.1066126,0.03481169,0.2643203,0.14034649999999999,-0.02481376,0.2735341,0.1504953,0.001367822,0.2562717,0.2602439,-0.2381279,0.28555929999999996,0.1638612,-0.02594266,0.2686252,0.1288216,-0.04501626,0.27964540000000004,0.2777637,-0.22859110000000002,0.2800492,0.2427241,-0.2476647,0.29106940000000003
757,17:16:53.415 PM,0.1491875,0.03967072,0.24935700000000002,0.13983410000000002,0.06320421,0.2350681,0.12875,0.07608430000000001,0.22459450000000003,0.11886880000000001,0.06543602,0.2775429,0.11258889999999999,0.06802775,0.2415632,0.1225968,0.05130740000000001,0.2348416,0.13061199999999998,0.039672000000000006,0.23840050000000002,0.10177330000000001,0.05551584,0.28101240000000005,0.10327080000000001,0.05928521,0.2401271,0.11494510000000001,0.03821497,0.2373699,0.1210027,0.02576832,0.24543920000000002,0.08766046,0.04049022,0.282398,0.0907458,0.04497389,0.2447075,0.104592,0.0259455,0.2426239,0.11148339999999998,0.01427296,0.2509869,0.07600833,0.02520321,0.2796732,0.07939134,0.0342892,0.2511375,0.09038472,0.02222721,0.2476803,0.09723385,0.01081088,0.2539035,0.1106019,0.03438292,0.27685590000000004,0.1390433,-0.02850981,0.2803462,0.1527019,-0.001204059,0.2685125,0.2514903,-0.24605589999999997,0.28740040000000006,0.1630203,-0.02994995,0.2791818,0.12631099999999998,-0.04882428,0.28221609999999997,0.2698449,-0.23661880000000002,0.2858833,0.23313560000000003,-0.25549310000000003,0.2889175
758,17:16:53.441 PM,0.15197370000000002,0.04404782,0.26006979999999996,0.1446147,0.06922488,0.24749549999999998,0.13451570000000002,0.08370547,0.23815340000000002,0.1281562,0.07184444,0.2915208,0.12124260000000002,0.08180375,0.2568786,0.1259636,0.06684597,0.2430241,0.13122620000000002,0.05322503,0.24095709999999998,0.10984000000000001,0.06408022,0.2945507,0.110003,0.07336764,0.25443520000000003,0.1194308,0.05299629,0.2449661,0.1250308,0.03853469,0.2492013,0.09376905,0.05101515,0.2950605,0.09583899,0.06016754,0.2580711,0.1071492,0.04110064,0.2494709,0.11360029999999999,0.02704991,0.2536674,0.08007383,0.03766616,0.29140040000000006,0.0838701,0.04919459,0.2637705,0.09327593,0.037201,0.25680990000000004,0.09975173,0.02417983,0.2593752,0.115675,0.04227985,0.2886478,0.1349148,-0.02417788,0.2868308,0.1525414,0.001983091,0.2768699,0.23819899999999997,-0.2464067,0.28205749999999996,0.15879000000000001,-0.02657952,0.2850777,0.121368,-0.04399912,0.2881065,0.2569099,-0.23769690000000002,0.28054309999999993,0.21948800000000002,-0.2551165,0.2835719
759,17:16:53.469 PM,0.1438569,0.04051168,0.2737786,0.13251770000000002,0.06443016,0.26173009999999997,0.1199298,0.0774305,0.25330389999999997,0.12377839999999998,0.06757273,0.3077316,0.1136782,0.0883591,0.2793819,0.112046,0.08449335,0.25930949999999997,0.1127953,0.07641332,0.24731979999999998,0.10598640000000001,0.05927797,0.3118989,0.09831694,0.08007343,0.2773256,0.10362629999999999,0.06968366,0.2561809,0.1093962,0.05711971,0.2483133,0.09039515,0.04579,0.3133289,0.08424672,0.06221385,0.2795269,0.09452395,0.04944505,0.26258190000000003,0.10311580000000001,0.03687783,0.2580771,0.07688465,0.03214394,0.3104395,0.07553839999999999,0.04683445,0.2841451,0.08484518,0.03872071,0.27295959999999997,0.09370762,0.02755795,0.2694566,0.1119674,0.03776284,0.3053174,0.1339031,-0.02756932,0.3010866,0.148895,-0.001280814,0.2904973,0.23826239999999999,-0.24771639999999998,0.27531,0.157618,-0.02955529,0.2976217,0.1206242,-0.04759806,0.30197379999999996,0.25675929999999997,-0.238695,0.273134,0.21976550000000003,-0.2567377,0.2774861
760,17:16:53.501 PM,0.1449068,0.053765999999999994,0.3056692,0.1351388,0.0805548,0.3001491,0.12388160000000001,0.09568821,0.29367659999999995,0.11389489999999998,0.06736918,0.3392774,0.1028967,0.1020697,0.3412295,0.09835315,0.12112149999999999,0.3355312,0.0966877,0.13266,0.3272025,0.09653361,0.05790721,0.3357988,0.08453836,0.09524669,0.3238229,0.08550975,0.1114714,0.30588540000000003,0.08846857,0.11914769999999998,0.2922814,0.08247092,0.04451726,0.3287196,0.06680647,0.07695906,0.3168796,0.06945019,0.09101073,0.29842640000000004,0.07624079,0.09489681,0.2847832,0.07146501,0.0324675,0.31819400000000003,0.05689674,0.05644946,0.3076707,0.06016465,0.06703492,0.2956176,0.06696248,0.07339104,0.2847122,0.1060329,0.03998135,0.3244035,0.13406289999999998,-0.02050899,0.30622350000000004,0.1491578,0.008793771,0.3078376,0.24488859999999998,-0.23547649999999998,0.2672374,0.15774870000000002,-0.02287987,0.3096454,0.1214597,-0.03963486,0.2989029,0.26303309999999996,-0.22709899999999997,0.2726087,0.22674410000000003,-0.243854,0.26186620000000005
761,17:16:53.531 PM,0.15257779999999999,0.04345591,0.33269879999999996,0.1480636,0.07165898,0.3382321,0.1373826,0.08852161,0.33775259999999996,0.11820699999999999,0.04835473,0.36805340000000003,0.10951140000000001,0.07527085,0.3914012,0.1046887,0.09320135,0.40040349999999997,0.10177180000000001,0.1074518,0.4013926,0.1005477,0.03966136,0.3640712,0.08429868,0.07265,0.38256979999999996,0.07744287,0.09590228,0.3842869,0.07518698,0.1111739,0.3798997,0.08579002,0.02812652,0.35531050000000003,0.06479035,0.05834557,0.3653118,0.05960434,0.08011316,0.35769670000000003,0.05826705,0.09397404,0.3499035,0.07372672,0.018813,0.3432562,0.05053165,0.0370784,0.3495632,0.041139999999999996,0.0508555,0.3483162,0.03615886,0.06407548,0.344136,0.1087769,0.02532186,0.3476738,0.1351941,-0.02877706,0.3139935,0.1498891,0.0001545101,0.3196412,0.2554433,-0.23506929999999998,0.2591169,0.158971,-0.03033337,0.3172475,0.1234422,-0.04784998,0.3052518,0.2732077,-0.226311,0.2651148,0.23767889999999997,-0.24382759999999998,0.25311910000000004
762,17:16:53.562 PM,0.1655287,0.0284337,0.3485295,0.1692131,0.05457075,0.3606896,0.1647782,0.07300873,0.36686040000000003,0.1310839,0.03127994,0.3873487,0.1305953,0.04758821,0.42011909999999997,0.1298571,0.06189369,0.434925,0.1289393,0.07562213,0.4396951,0.1125704,0.02392881,0.3848307,0.1020794,0.04131012,0.42050730000000003,0.09607486,0.05650355,0.43837709999999996,0.09292409,0.07087283,0.4446535,0.09607414,0.01441391,0.37678670000000003,0.07883239,0.03234218,0.4055777,0.06925271,0.05024649,0.4175485,0.06525433,0.06560083,0.4185566,0.08189502,0.007509111999999999,0.3654481,0.05914389,0.01669882,0.3829358,0.04749253,0.02649619,0.3897197,0.03955379,0.03864442,0.39200619999999997,0.11752149999999999,0.01203422,0.36544879999999996,0.1367391,-0.0374857,0.32189359999999995,0.1526586,-0.009881556,0.32814440000000006,0.2558791,-0.2407625,0.2547826,0.16069979999999998,-0.03873845,0.3235092,0.1246923,-0.05656063,0.3135668,0.27388290000000004,-0.2318514,0.2597538,0.23787529999999998,-0.24967350000000002,0.24981140000000002
763,17:16:53.594 PM,0.1753647,0.012725799999999999,0.3629952,0.1849299,0.03492187,0.37920820000000005,0.1849838,0.05187614,0.3897812,0.1447032,0.01083785,0.40677399999999997,0.1508015,0.01909144,0.44197790000000003,0.15357300000000002,0.0312555,0.4583991,0.15480510000000003,0.04359992,0.46605859999999993,0.1254424,0.005242094,0.4057398,0.12110889999999999,0.01164164,0.44614790000000004,0.11870499999999999,0.02287953,0.4675156,0.11751120000000001,0.03561421,0.4771844,0.1072205,-0.001471743,0.3986195,0.09601288,0.008099273,0.4337885,0.08953013,0.02096327,0.4525478,0.08615317,0.03414018,0.4609057,0.09105684,-0.00510186,0.3884495,0.07158866,-0.0006077588,0.41105859999999994,0.06185717,0.008502810999999999,0.4211045,0.05597787,0.02111717,0.425888,0.126616,-0.0027668479999999997,0.3838917,0.1358489,-0.04408023,0.33012959999999997,0.15423689999999998,-0.01872873,0.3381274,0.24275990000000003,-0.2468881,0.2435902,0.15981289999999998,-0.04606353,0.3296849,0.1225761,-0.06237771,0.3219203,0.2613783,-0.2387311,0.24747249999999998,0.2241415,-0.2550452,0.23970789999999997
764,17:16:53.623 PM,0.1803279,-0.003207162,0.37385799999999997,0.19258229999999998,0.0161445,0.3917743,0.1943871,0.03121303,0.40473909999999996,0.1550165,-0.01181115,0.421575,0.16372070000000002,-0.006128713,0.45671670000000003,0.1671849,0.00570254,0.47324259999999996,0.1685635,0.01749285,0.48169799999999996,0.13563789999999998,-0.01698701,0.42250059999999995,0.13461370000000003,-0.01204735,0.46330370000000004,0.1338691,0.00131239,0.4835342000000001,0.1333758,0.01415507,0.49311359999999993,0.1163672,-0.02223602,0.4171589,0.1096205,-0.01195981,0.45323009999999997,0.10664660000000001,0.006506324,0.46765609999999996,0.1056644,0.02195297,0.4714266,0.09879493,-0.02394611,0.4090557,0.08401576,-0.01854344,0.4347768,0.07890511,-0.005589738,0.44393720000000003,0.07774816,0.008869931,0.4462851,0.1333621,-0.0211627,0.3997158,0.1341251,-0.05364449,0.3398695,0.1534937,-0.02931431,0.34838109999999994,0.23134139999999997,-0.2485107,0.2276822,0.15789229999999999,-0.05530864,0.33661199999999997,0.1200795,-0.07146697,0.3319083,0.2502477,-0.2404315,0.2300341,0.21243499999999998,-0.2565898,0.22533040000000001
765,17:16:53.653 PM,0.17972860000000002,-0.01221216,0.3828689,0.1913622,0.006342873000000001,0.40201190000000003,0.19163329999999998,0.02031092,0.4162808,0.15977220000000003,-0.0260279,0.43157510000000004,0.1700833,-0.01999193,0.46622079999999994,0.1739677,-0.008770868000000001,0.48307740000000005,0.1753308,0.0025673510000000003,0.49213720000000005,0.1406598,-0.03173526,0.433903,0.14155820000000002,-0.02502452,0.47445829999999994,0.14138820000000002,-0.01160015,0.49466220000000005,0.14094790000000001,0.0008883923,0.5047073000000001,0.12102639999999999,-0.03692007,0.4300036,0.1161232,-0.02527003,0.46595909999999996,0.1135642,-0.006917715,0.4806289000000001,0.1123932,0.008356467,0.4850545,0.1027527,-0.03827986,0.42354200000000003,0.0911669,-0.03091981,0.4504015,0.08777460000000001,-0.01728462,0.4593986,0.0871273,-0.0028734359999999996,0.4622751,0.1361693,-0.03379187,0.4111491,0.131605,-0.060735199999999996,0.34889509999999996,0.1511672,-0.03656559,0.35751550000000004,0.22458070000000002,-0.2467951,0.21942199999999998,0.15503789999999998,-0.06142531,0.3435312,0.11746969999999998,-0.07865108,0.3413116,0.24336479999999996,-0.23818229999999999,0.22053179999999997,0.2057966,-0.25540799999999997,0.21831230000000001
766,17:16:53.686 PM,0.1756684,-0.01519024,0.39363909999999996,0.1813833,0.004159375999999999,0.4145876,0.17689370000000001,0.01716255,0.4290558,0.1609685,-0.03265861,0.4400088,0.1705274,-0.02537674,0.47463009999999994,0.1743086,-0.01589058,0.4925412,0.1756772,-0.005991801999999999,0.5031502999999999,0.1422016,-0.03935394,0.4424977,0.1422224,-0.03060152,0.48267089999999996,0.1414297,-0.0191799,0.5040555999999999,0.14042120000000002,-0.008123696,0.5156184,0.1227747,-0.04538257,0.438787,0.11700319999999999,-0.03339817,0.4745026,0.113275,-0.01810077,0.4921232,0.11093689999999999,-0.0046997820000000004,0.5004277,0.10447390000000001,-0.04745597,0.4326009,0.09293983,-0.03902118,0.45916320000000005,0.08839676,-0.0269132,0.46970439999999997,0.08587774,-0.01368436,0.47560749999999996,0.1373983,-0.04100373,0.4197762,0.1327519,-0.06668234,0.3569425,0.1515223,-0.04157215,0.3658437,0.22479610000000003,-0.24904720000000002,0.22169090000000002,0.1560052,-0.06685676,0.3508134,0.118703,-0.0847444,0.34954640000000003,0.24344720000000003,-0.24010340000000002,0.2223244,0.2061451,-0.25799110000000003,0.22105740000000001
767,17:16:53.727 PM,0.1720338,-0.02176407,0.40718790000000005,0.17225839999999998,-0.00281544,0.4292457,0.16419979999999998,0.008924648,0.44323440000000003,0.16126120000000002,-0.0422463,0.45091320000000007,0.1703073,-0.03713776,0.48605550000000003,0.17431770000000002,-0.03030515,0.5050882000000001,0.1758575,-0.0218139,0.5168316,0.1424862,-0.04907417,0.452937,0.1408468,-0.03948206,0.49288420000000005,0.1391917,-0.02833545,0.5143641999999999,0.137623,-0.01706575,0.5256553,0.12313230000000001,-0.05504365,0.44877690000000003,0.1161768,-0.04230285,0.4840165,0.1118413,-0.02720425,0.5016692,0.1092056,-0.01377892,0.5098434000000001,0.10492370000000001,-0.05697885,0.4422818,0.09322438,-0.04834732,0.4687081,0.08822554,-0.03738262,0.48024620000000007,0.08523913,-0.02485651,0.4873424,0.1379947,-0.05002649,0.4301125,0.1342894,-0.07363561,0.3663956,0.1528445,-0.04886208,0.3763858,0.2293377,-0.2494382,0.2246902,0.15762279999999998,-0.07340423,0.360581,0.12046079999999999,-0.09144724,0.3580397,0.2479187,-0.24041669999999998,0.2259609,0.2107567,-0.2584597,0.22341950000000002
768,17:16:53.762 PM,0.1708567,-0.02509446,0.416612,0.16890429999999998,-0.007257685,0.43950079999999997,0.1597404,0.003412798,0.45366759999999995,0.16314089999999998,-0.04833972,0.4585027,0.1721559,-0.04548021,0.49390839999999997,0.1761114,-0.03984194,0.5133417,0.1775316,-0.03196663,0.5255224000000001,0.1444333,-0.05540588,0.46032280000000003,0.1430472,-0.04706632,0.5005592999999999,0.1414642,-0.03641661,0.522295,0.13987839999999999,-0.02526724,0.5337023,0.1250998,-0.06133266,0.4560089,0.1185643,-0.04976909,0.49173100000000003,0.1144106,-0.03524265,0.5098992999999999,0.11185070000000001,-0.0219965,0.5183833999999999,0.10686500000000002,-0.06311215,0.44954279999999996,0.0959497,-0.05537522,0.4765745,0.09125287,-0.04497629,0.488746,0.08853841,-0.03263539,0.4962638,0.13980079999999998,-0.05533576,0.4375064,0.1356345,-0.07612576,0.3728048,0.15429079999999998,-0.05156255,0.3838011,0.22594560000000002,-0.2474303,0.2227395,0.1588548,-0.07592616,0.366553,0.12144529999999999,-0.09345581,0.3640501,0.24465029999999996,-0.23866550000000003,0.223991,0.2072408,-0.2561952,0.2214881
769,17:16:53.800 PM,0.1701009,-0.02730325,0.4181733,0.1690063,-0.009690045999999999,0.441292,0.16093629999999998,0.001121461,0.4560079000000001,0.1630459,-0.05158861,0.4596372,0.1722582,-0.04932846,0.4950357,0.17618399999999998,-0.0436195,0.5144544,0.17752079999999998,-0.03564106,0.5265773,0.1443747,-0.0587813,0.4613319,0.1431593,-0.05125839,0.5017351,0.1416358,-0.04098874,0.5236576000000001,0.1400624,-0.03006059,0.5352788,0.1250736,-0.06473544,0.4569124,0.11883110000000001,-0.05440809,0.4930637,0.1147759,-0.04084601,0.5119849,0.1122029,-0.0281457,0.5212637999999999,0.1068501,-0.06650124,0.4504106,0.09606236,-0.05931742,0.47764579999999995,0.0913825,-0.04919146,0.49005200000000004,0.08868179,-0.03695935,0.4977505,0.1397485,-0.05835375,0.438518,0.13545179999999998,-0.0780811,0.3734214,0.1542343,-0.05360796,0.3848881,0.22084120000000002,-0.2469938,0.21785949999999998,0.1585667,-0.07805327,0.366787,0.12087590000000001,-0.09500019999999999,0.3644995,0.23968649999999997,-0.2385203,0.2190032,0.20199579999999998,-0.2554672,0.2167157
770,17:16:53.839 PM,0.16960160000000002,-0.02764215,0.416259,0.1710708,-0.009621114,0.4390378,0.1655816,0.0020618439999999997,0.4542643,0.1612874,-0.05126441,0.45823290000000005,0.1704582,-0.04902017,0.4936432,0.174441,-0.04365277,0.5131474,0.17587779999999997,-0.036055000000000004,0.5255010999999999,0.1426885,-0.05868164,0.4597443,0.14034549999999998,-0.04935341,0.4997177,0.1380479,-0.03757241,0.5207949000000001,0.13601989999999997,-0.02606487,0.5317675000000001,0.12353710000000001,-0.0649523,0.4551161,0.1166647,-0.05343337,0.4907885,0.11221030000000001,-0.0388675,0.5088523,0.10938010000000002,-0.02591327,0.5176936,0.10544010000000001,-0.06704938,0.4483644,0.09432713,-0.05918902,0.47527929999999996,0.08952368,-0.0485449,0.4871937,0.08667047,-0.03611362,0.4945075,0.1384069,-0.05862673,0.4368595,0.1351741,-0.07920548,0.3719002,0.15364860000000002,-0.05441941,0.3833948,0.22118579999999996,-0.247748,0.2162811,0.15830260000000002,-0.07912739999999999,0.36531399999999997,0.12064680000000001,-0.09613781,0.36292440000000004,0.24001370000000002,-0.23924279999999998,0.2174759,0.2023579,-0.2562532,0.21508629999999998
771,17:16:53.870 PM,0.1708984,-0.02612123,0.4141635,0.1741906,-0.007511735,0.4362718,0.1702,0.004933819,0.45136350000000003,0.1606155,-0.048269900000000004,0.4570361,0.1694106,-0.04554532,0.4925081,0.1732473,-0.04000632,0.5119937,0.17465379999999997,-0.03235646,0.5243189,0.14197079999999998,-0.05559027,0.4584526,0.1387154,-0.04447962,0.4979048,0.1358873,-0.03123689,0.5180306,0.13359129999999997,-0.01885888,0.5279553000000001,0.122877,-0.0619366,0.4536912,0.1154134,-0.04836085,0.4885134,0.11076130000000001,-0.03208837,0.5050061,0.1079395,-0.01822288,0.5123439000000001,0.1048853,-0.06417394,0.4467069,0.09355873,-0.05474192,0.4730225,0.08894514,-0.04294741,0.4838848,0.08643512,-0.02977368,0.4899161,0.1380616,-0.05617067,0.4355081,0.1357941,-0.07849981,0.3710589,0.15418289999999998,-0.05351873,0.3822011,0.2231897,-0.24987240000000002,0.2193478,0.1590065,-0.07861178,0.3647752,0.1213212,-0.09552510000000002,0.36217140000000003,0.24203229999999998,-0.2414157,0.22064970000000003,0.2043471,-0.258329,0.2180458
772,17:16:53.901 PM,0.1727463,-0.02245282,0.4107355,0.1769714,-0.0033254029999999998,0.43223320000000004,0.17353239999999998,0.009559974,0.4470884,0.16165729999999998,-0.04371294,0.4545299,0.1705615,-0.04009697,0.48989449999999995,0.17431529999999998,-0.033703699999999996,0.5091326,0.1756029,-0.0254788,0.5210947,0.14306300000000002,-0.05112857,0.456104,0.13990129999999998,-0.0394036,0.49538509999999997,0.1370478,-0.02565348,0.5151631,0.13469520000000001,-0.01293522,0.5246321,0.12401179999999999,-0.05770136,0.4514815,0.1165692,-0.04321292,0.4859376,0.1118952,-0.02620195,0.5016587,0.1090796,-0.01189576,0.5080937,0.1060344,-0.06020474,0.4445512,0.09461655,-0.04991725,0.4705036,0.09008545,-0.03746243,0.48063720000000004,0.08774444,-0.02387036,0.4857315,0.13915329999999998,-0.05221048,0.43317799999999995,0.13695929999999998,-0.07586229,0.3691899,0.1552456,-0.05055389,0.37982259999999995,0.22433820000000002,-0.2499913,0.220644,0.1601491,-0.07603034,0.3628245,0.12250739999999999,-0.09310714,0.3607006,0.24315900000000001,-0.2414529,0.221706,0.20551729999999999,-0.25852970000000003,0.2195821
773,17:16:53.931 PM,0.17365039999999998,-0.01736493,0.4048305,0.1782715,0.00236623,0.4256925999999999,0.1750805,0.01560889,0.4402871,0.16270220000000002,-0.03801943,0.449553,0.17173370000000002,-0.03331318,0.48475730000000006,0.1752962,-0.02592275,0.5036729999999999,0.17628020000000003,-0.01699813,0.5151541000000001,0.14429479999999997,-0.04582287,0.4514227,0.1413431,-0.03363638,0.49057970000000006,0.1383824,-0.01944277,0.5100263,0.1358272,-0.006418318,0.5190154,0.1253646,-0.05291891,0.44708409999999993,0.1179901,-0.03802505,0.48138190000000003,0.11311739999999999,-0.02070796,0.49670420000000004,0.11008369999999999,-0.006213441,0.5025976,0.10739739999999999,-0.05596936,0.4403485,0.09574919,-0.04533577,0.46605820000000003,0.0910134,-0.03257062,0.4757012,0.08850236,-0.01877967,0.48014009999999996,0.1402384,-0.04745446,0.42855459999999995,0.137957,-0.07256772,0.3651062,0.1558868,-0.04650618,0.37504970000000004,0.22469940000000002,-0.2498685,0.2199757,0.1610409,-0.07268368,0.3583662,0.1235473,-0.09018182,0.3573332,0.2434462,-0.24111939999999998,0.2204922,0.20595259999999999,-0.2586176,0.21945920000000002
774,17:16:53.961 PM,0.17290439999999999,-0.01226042,0.398246,0.176722,0.008011892,0.4187468,0.1726453,0.02136557,0.433014,0.16193659999999999,-0.03271928,0.4434509,0.1700111,-0.02729486,0.4787832,0.1726368,-0.01889412,0.4974268,0.1727398,-0.009171665,0.5082821,0.1437271,-0.04098105,0.4452874,0.13999779999999998,-0.02803974,0.48413379999999995,0.136264,-0.01263118,0.5024890999999999,0.1331398,0.001207009,0.5099457000000001,0.125028,-0.04863785,0.44090219999999997,0.1169494,-0.03289501,0.47465690000000005,0.1115266,-0.01446384,0.4884094,0.10820999999999999,0.0005521625,0.4925834,0.10720450000000001,-0.05225947,0.4340695,0.09494309,-0.0407239,0.4590947,0.09015066,-0.02702637,0.46732029999999997,0.0878957,-0.01272611,0.46986190000000005,0.13990529999999998,-0.04304451,0.42241409999999996,0.13865460000000002,-0.06922671,0.3593607,0.1559668,-0.04244161,0.3690271,0.22736810000000002,-0.2495364,0.2192192,0.1617443,-0.06928673,0.35263979999999995,0.12443620000000001,-0.08719766,0.35206740000000003,0.24602220000000002,-0.2405809,0.21950540000000002,0.2087141,-0.2584918,0.21893310000000002
775,17:16:53.992 PM,0.17045970000000002,-0.006453171,0.3932817,0.1713357,0.01405369,0.41389129999999996,0.165159,0.02711396,0.42767299999999997,0.16014270000000003,-0.02709442,0.4378501,0.1659469,-0.02084678,0.47349350000000007,0.1670595,-0.01162499,0.4919019,0.16615539999999998,-0.001505211,0.5023518,0.1419788,-0.0355458,0.43921750000000004,0.1363717,-0.02046195,0.47705640000000005,0.13150820000000002,-0.00314495,0.49333699999999997,0.12787910000000002,0.01149611,0.49877,0.1235019,-0.04344533,0.4343468,0.11396389999999999,-0.02510746,0.466372,0.10809629999999999,-0.004688337,0.4767332,0.10486949999999999,0.01087339,0.47800329999999996,0.10592760000000001,-0.04731892,0.4270233,0.09315318,-0.03303081,0.4503192,0.08908426,-0.01776393,0.4557013,0.08807649,-0.0031054909999999997,0.4549654,0.13885429999999999,-0.03782687,0.4162588,0.1396527,-0.06468849,0.3534833,0.15647139999999998,-0.03745197,0.3633618,0.23116220000000004,-0.24862240000000002,0.21999839999999998,0.1629023,-0.06498311,0.3473441,0.125554,-0.08278727,0.34627399999999997,0.24983629999999998,-0.2397203,0.2205334,0.21248809999999999,-0.2575245,0.21946329999999997
776,17:16:54.022 PM,0.1666064,0.0002402812,0.386497,0.1644153,0.02124746,0.4064846,0.1560516,0.03411324,0.41924979999999995,0.1580562,-0.01981495,0.43077309999999996,0.1609835,-0.00979206,0.46589369999999997,0.16003470000000003,0.002187133,0.4826371,0.1578269,0.01367196,0.4913229,0.1399372,-0.02840778,0.43180810000000003,0.1324352,-0.007758781,0.4665509,0.126697,0.01300609,0.47766970000000003,0.12294909999999999,0.02853926,0.47881409999999996,0.12169769999999999,-0.03662643,0.4265854,0.11079589999999999,-0.01333807,0.45470200000000005,0.1050454,0.009001359,0.4597719,0.1023819,0.02448441,0.45713640000000005,0.1044012,-0.04088043,0.4188267,0.09173677,-0.02209806,0.4387264,0.08919096,-0.005662769000000001,0.439878,0.08996991,0.00826107,0.435263,0.13756279999999999,-0.03136049,0.4088372,0.14033410000000002,-0.06009448,0.34693,0.1568425,-0.0322848,0.35653179999999995,0.23244429999999996,-0.24987710000000002,0.22235879999999997,0.1636987,-0.06086541,0.3412897,0.1261806,-0.07830182,0.3401132,0.2512034,-0.24115889999999998,0.2229471,0.2136853,-0.2585953,0.2217706
777,17:16:54.055 PM,0.1633545,0.01099777,0.3734853,0.15809520000000002,0.03303327,0.3917226,0.1474751,0.045624300000000007,0.4030008,0.155649,-0.006468445,0.41901000000000005,0.15416559999999999,0.01028641,0.4515402,0.14956889999999998,0.02640517,0.4634696,0.14480079999999998,0.03962891,0.46714399999999995,0.13817770000000001,-0.01627116,0.4203621,0.1290149,0.008664072,0.4517384,0.12188879999999999,0.03101666,0.45786930000000003,0.1174056,0.04615237,0.4551262,0.12070260000000001,-0.02616525,0.4154447,0.10810139999999999,0.001799002,0.43804940000000003,0.1020283,0.02445169,0.43535070000000003,0.09962846,0.03804587,0.42741549999999995,0.1039403,-0.03223106,0.4077212,0.09135165,-0.009621501,0.4232032,0.09009307,0.00637801,0.41870569999999996,0.09248264,0.01722978,0.40911,0.1365485,-0.0210516,0.397635,0.14212260000000002,-0.05418399,0.33804320000000004,0.1570354,-0.02435495,0.3458868,0.23526509999999998,-0.2521015,0.22772470000000003,0.1654261,-0.05511072,0.3321781,0.12813339999999998,-0.07304902,0.3328764,0.25391149999999996,-0.2431323,0.2273755,0.2166187,-0.2610706,0.2280738
778,17:16:54.085 PM,0.1596712,0.01998909,0.3603522,0.15454179999999998,0.04290383,0.3775122,0.1439292,0.05567040000000001,0.3885996,0.15225529999999998,0.004139811,0.4072847,0.14396620000000002,0.02819331,0.43363690000000005,0.13456429999999997,0.04636852,0.43593509999999996,0.1273807,0.05816837,0.43135640000000003,0.135849,-0.007233486,0.4094415,0.1244132,0.02101471,0.43703509999999995,0.1152888,0.04347569999999999,0.43749520000000003,0.109872,0.05678637,0.4304105,0.11936469999999999,-0.01902036,0.40534240000000005,0.10494,0.01232207,0.4215183,0.09873816,0.03210284,0.4102107,0.097338,0.04036634,0.3966765,0.1031768,-0.02707706,0.3982374,0.09046144,-0.0021418929999999997,0.4094671,0.09002409,0.01152505,0.3999225,0.09366052,0.01713516,0.3868389,0.13439489999999998,-0.01331212,0.3870143,0.1418027,-0.04922444,0.329203,0.1544185,-0.01726371,0.3351305,0.2382495,-0.2520602,0.23134380000000002,0.16490929999999998,-0.04983196,0.3225676,0.1283406,-0.06890048,0.3260524,0.2565339,-0.2425259,0.2296014,0.2199652,-0.2615944,0.23308620000000002
779,17:16:54.116 PM,0.1536739,0.02523793,0.34144050000000004,0.1476605,0.04980849,0.3558195,0.13659229999999997,0.06319447,0.3656684,0.14984139999999999,0.01590137,0.39027290000000003,0.1356481,0.04733302,0.4031442,0.12463310000000001,0.06062047,0.3914827,0.1186818,0.06435779999999999,0.3784966,0.1339745,0.0045087040000000005,0.3949789,0.1209065,0.04028223,0.41082219999999997,0.1114507,0.05860807,0.39754409999999996,0.10706500000000001,0.06453384,0.38307959999999996,0.11767830000000001,-0.008159459,0.3935557,0.103548,0.02659927,0.4005675,0.09774371,0.04022501,0.3820639,0.09695613,0.04165305,0.3661452,0.10137789999999999,-0.01753902,0.3886309,0.09061667,0.01036154,0.3929256,0.09059713,0.01937433,0.3788183,0.09386149,0.01919965,0.36443000000000003,0.131417,-0.00464797,0.3737061,0.1364915,-0.04817019,0.32090890000000005,0.1485023,-0.01521243,0.3216591,0.2364499,-0.2542382,0.23389000000000001,0.1589877,-0.048231199999999995,0.3124155,0.12399120000000001,-0.06871599,0.32070040000000005,0.2539481,-0.2439959,0.2297475,0.2189516,-0.2644807,0.23803249999999998
780,17:16:54.146 PM,0.1490588,0.03322352,0.3201381,0.1411177,0.05880062,0.3314822,0.12897260000000002,0.07224850000000001,0.3398622,0.14757409999999999,0.031144099999999997,0.3692919,0.12790289999999999,0.06197868,0.36674959999999995,0.1186481,0.06396337,0.34840809999999994,0.11656010000000001,0.05786632,0.3353123,0.1325741,0.01973318,0.376222,0.11506489999999998,0.05683433,0.3731199,0.10741960000000002,0.06085135,0.350402,0.1063114,0.0548342,0.33554429999999996,0.1170308,0.006139338,0.3772991,0.1004404,0.03967793,0.3699833,0.09722589999999999,0.0406857,0.34657059999999995,0.09936387,0.03271531,0.3329107,0.1011771,-0.004723579,0.3744409,0.09072194,0.02305369,0.3690324,0.09117393,0.02447589,0.35240659999999996,0.09470922,0.01728402,0.340067,0.1299066,0.007430880999999999,0.3566356,0.13562739999999998,-0.04236509,0.3096775,0.1459584,-0.009721369,0.3060716,0.2348799,-0.25333289999999997,0.23440589999999997,0.15750050000000002,-0.04273693,0.2996908,0.12367950000000001,-0.06309004,0.312137,0.2517904,-0.2431564,0.2281828,0.21796929999999998,-0.2635095,0.240629
781,17:16:54.177 PM,0.14650870000000002,0.03958647,0.2974027,0.13629129999999998,0.06600522,0.3039547,0.1227694,0.07963376,0.30941,0.146135,0.04688476,0.3450111,0.1252027,0.07130311,0.3275418,0.1196672,0.06384329,0.3091747,0.120548,0.05267359,0.2998902,0.1308357,0.03699137,0.35344200000000003,0.1127251,0.06638695,0.33124699999999996,0.1097387,0.05701365,0.3091296,0.11197830000000002,0.04414286,0.2998878,0.1151818,0.02384789,0.3565255,0.09968919,0.0506712,0.33440879999999995,0.1001464,0.04156895,0.3126343,0.1045049,0.02866001,0.3043933,0.09937015,0.01264012,0.3552215,0.09068785,0.03632675,0.3387582,0.09230807,0.03152426,0.3228782,0.09637759,0.02009253,0.3145907,0.1287696,0.02120991,0.3364625,0.13559820000000003,-0.03606048,0.2989963,0.1464488,-0.005187094000000001,0.29066820000000004,0.23447150000000003,-0.2527081,0.2415208,0.15736589999999998,-0.0372865,0.28884770000000004,0.12371780000000002,-0.05649924,0.30339740000000004,0.2512955,-0.2431018,0.23424589999999998,0.21764740000000002,-0.2623145,0.24879570000000004
782,17:16:54.206 PM,0.1420808,0.04041483,0.2732458,0.13011389999999998,0.06683348,0.2754162,0.1160097,0.08050548,0.2789784,0.1446509,0.05685912,0.3183568,0.12261810000000001,0.07195516,0.29326420000000003,0.11691889999999998,0.05652619999999999,0.2808343,0.11823910000000001,0.04224862,0.2782295,0.1302141,0.04831584,0.3293934,0.1103423,0.06527533,0.29764650000000004,0.109448,0.04631262,0.2825494,0.1136326,0.03091405,0.281039,0.11529400000000001,0.03553285,0.33583579999999996,0.09868735,0.05176397,0.30561609999999995,0.1008393,0.0350398,0.289063,0.1066636,0.02034216,0.2870546,0.09991839,0.02378936,0.33761440000000004,0.09029955,0.04014708,0.314171,0.0927008,0.03017192,0.3010156,0.09773292,0.01677193,0.2976567,0.1279692,0.02946787,0.3159114,0.13518360000000001,-0.03350951,0.2890007,0.1444433,-0.0047789370000000005,0.2751161,0.2375469,-0.2516864,0.24492110000000003,0.15598410000000001,-0.03508843,0.2770362,0.1246193,-0.05374828,0.2965574,0.2532293,-0.2423565,0.2351605,0.2218645,-0.2610163,0.2546817
783,17:16:54.237 PM,0.1375191,0.03532924,0.2539602,0.12482910000000001,0.06118937,0.25011300000000003,0.1103892,0.07495247,0.25042220000000004,0.13771470000000002,0.06084661,0.2949246,0.1147942,0.06502222,0.2667022,0.1122715,0.04532997,0.26137960000000005,0.1166865,0.032116700000000005,0.2654322,0.1239563,0.05365996,0.30763909999999994,0.10336820000000001,0.05935453,0.27256090000000005,0.10643369999999999,0.03644131,0.26533429999999997,0.11333330000000001,0.02297993,0.2705675,0.11008530000000001,0.04135473,0.31674209999999997,0.09273708,0.04848544,0.2836131,0.09811616,0.02775095,0.27372009999999997,0.10595710000000001,0.01451415,0.2777844,0.09570364,0.02906238,0.32107759999999996,0.08507497,0.03898399,0.29468990000000006,0.08932738,0.02563761,0.2856719,0.09590995,0.01269354,0.2877922,0.1233192,0.03233169,0.2983699,0.135372,-0.03378130000000001,0.2833611,0.14273370000000002,-0.008162186,0.26535929999999996,0.24877570000000002,-0.2476496,0.24569720000000003,0.1554529,-0.03484431,0.27017129999999995,0.12663139999999998,-0.05410513,0.29278459999999995,0.2631865,-0.23801920000000001,0.2343906,0.23436500000000002,-0.2572801,0.2570038
784,17:16:54.273 PM,0.1315459,0.0233887,0.2306859,0.1183153,0.04683723,0.2196063,0.104867,0.06103541,0.21547779999999997,0.1266222,0.05991764,0.26315770000000005,0.1000205,0.051738400000000004,0.23921439999999997,0.1027153,0.03148095,0.2423835,0.1111808,0.02267541,0.25040500000000004,0.1157635,0.05573224,0.27954270000000003,0.09035916,0.0477436,0.24812529999999997,0.09680587,0.02433671,0.2488279,0.10651,0.01467039,0.25719139999999996,0.1051138,0.04554836,0.2940824,0.08291637,0.03988041,0.26354229999999995,0.09143019,0.0179144,0.2613969,0.1019386,0.008589104,0.2689578,0.09337104,0.03380175,0.3042087,0.07818669,0.03363056,0.27808740000000004,0.08432501,0.01846786,0.2746886,0.09330626,0.008732781,0.28112600000000004,0.1171843,0.03256382,0.277328,0.1367379,-0.03344792,0.2799998,0.13822320000000002,-0.01416086,0.25524020000000003,0.2571056,-0.24257240000000002,0.23752939999999997,0.15317020000000003,-0.03478649,0.2624921,0.1323424,-0.05302181,0.2932605,0.2675195,-0.23345470000000001,0.22214520000000001,0.24669169999999999,-0.25169009999999997,0.2529137
785,17:16:54.317 PM,0.1246373,0.017484200000000002,0.2138922,0.1092673,0.03790931,0.2000214,0.09430979,0.04998557,0.1946398,0.1105364,0.05601798,0.2425746,0.08379679,0.03990768,0.22338360000000002,0.09288231,0.02141117,0.2239926,0.10503410000000002,0.01550199,0.22945059999999998,0.1018208,0.0526139,0.2603408,0.07575765,0.03597666,0.2332446,0.08802003,0.01507477,0.23425259999999998,0.1008052,0.008890033,0.2416819,0.09422376,0.04312886,0.27706759999999997,0.07118129,0.02948995,0.24994899999999998,0.08322091,0.009159460999999999,0.24991570000000002,0.09571204,0.0028168409999999996,0.2575113,0.08550212,0.03129084,0.2897648,0.06870574,0.02479465,0.2655711,0.07708838,0.01051082,0.2635687,0.08807505,0.0034116059999999998,0.270279,0.10710530000000001,0.02995436,0.2611021,0.1362555,-0.03175756,0.2685495,0.13429739999999998,-0.01541515,0.2434857,0.25637960000000004,-0.2387659,0.21621639999999998,0.1504961,-0.03310401,0.24921820000000003,0.1340274,-0.05111196,0.28264759999999994,0.26461399999999996,-0.229762,0.19950179999999998,0.24814529999999999,-0.24776990000000002,0.2329311
786,17:16:54.349 PM,0.11845979999999999,0.01703961,0.2066406,0.101493,0.03630455,0.1929715,0.08590072,0.04741071,0.1873095,0.09993394,0.05321105,0.23556190000000002,0.07408319,0.03555273,0.2165123,0.08396795,0.01746832,0.21596260000000003,0.09648206,0.01165599,0.2206539,0.09182739,0.04879968,0.2533948,0.0665612,0.03077118,0.22643200000000002,0.08048292,0.01090911,0.2266391,0.09388404,0.005514309,0.23358600000000002,0.08545862,0.03846456,0.27013159999999997,0.06347267,0.02282898,0.2432127,0.0777742,0.00403659,0.24242310000000003,0.09110434,-0.0007606596000000001,0.2497236,0.07817183,0.02569686,0.2828339,0.06167184,0.01790221,0.2588194,0.07134988,0.00451906,0.2564608,0.08308852,-0.0014784929999999998,0.2629736,0.09946644,0.02681397,0.2539328,0.13431210000000002,-0.03191213,0.26007270000000005,0.13106130000000002,-0.01534365,0.2356935,0.257358,-0.2324124,0.1916901,0.147874,-0.03178313,0.2402143,0.13305479999999997,-0.05209117,0.27309279999999997,0.2647676,-0.2222584,0.17525090000000001,0.2499484,-0.2425665,0.2081294
787,17:16:54.384 PM,0.1123328,0.01816608,0.2008698,0.09466565,0.03709771,0.18763,0.07876401,0.04769997,0.1818629,0.09099551,0.05160634,0.22992070000000003,0.06597126,0.03438799,0.20942049999999998,0.07569355,0.01632504,0.20736469999999999,0.0881941,0.01016678,0.21163179999999998,0.08264414,0.04600386,0.24729949999999998,0.05889467,0.02816387,0.2188737,0.07366893,0.008934810999999999,0.2183612,0.08715310000000001,0.003798142,0.22534189999999998,0.0764356,0.0346451,0.2634207,0.05579793,0.01944648,0.2352159,0.07070602,0.001145795,0.23414659999999998,0.08394408,-0.003412113,0.24176109999999998,0.069589,0.02096142,0.27539179999999996,0.05385102,0.01373218,0.2506987,0.0640619,0.0008919239,0.2476701,0.07595896,-0.005055174,0.25393649999999995,0.09164274,0.02453308,0.2472717,0.12957439999999998,-0.03233567,0.2522551,0.1263911,-0.01482755,0.2285312,0.2578458,-0.227332,0.1778046,0.14359229999999998,-0.03106002,0.23275700000000002,0.1283837,-0.05311095,0.26430820000000005,0.26545009999999997,-0.21630660000000002,0.162029,0.2502415,-0.23835749999999997,0.1935802
788,17:16:54.422 PM,0.1058127,0.01763244,0.1990142,0.08655386,0.03555228,0.1866111,0.07005874,0.04545726,0.18128729999999998,0.08452743,0.05006714,0.22757870000000002,0.05916259,0.03227074,0.2080098,0.0687891,0.01427388,0.20509000000000002,0.08178587,0.009057149,0.20912429999999999,0.0769517,0.04422937,0.24523499999999998,0.05342273,0.02485122,0.21764229999999998,0.06911719,0.006372615999999999,0.2168681,0.08303384,0.002213687,0.22364859999999998,0.07177091,0.03273706,0.26162399999999997,0.05093965,0.01647396,0.23416309999999999,0.06660818,-0.001152873,0.23269009999999998,0.08026749,-0.004991323,0.2399493,0.06595573,0.01884834,0.2739028,0.04970707,0.01084201,0.2497862,0.0603048,-0.0015849170000000001,0.246379,0.07265589,-0.007024825,0.2522133,0.08701789,0.02323614,0.245141,0.127637,-0.0318118,0.24961750000000002,0.12317830000000002,-0.014523300000000001,0.2257723,0.2568348,-0.2262018,0.1751716,0.1410757,-0.03069303,0.2297062,0.1271181,-0.05236957,0.2620842,0.2638136,-0.2153635,0.1589826,0.249856,-0.23704009999999998,0.19136070000000002
789,17:16:54.455 PM,0.10175830000000001,0.01413678,0.1984783,0.08180849,0.03173397,0.186722,0.06508821,0.04166703,0.1822164,0.08397973,0.04900403,0.22508960000000003,0.05697194,0.03075807,0.2083364,0.06647933,0.01255235,0.2065353,0.07952423,0.007180511999999999,0.2101933,0.07729194,0.04469226,0.2435257,0.05222288,0.02371497,0.2185866,0.06652188,0.004145205,0.21949459999999998,0.08023644,-0.0006437898,0.2262701,0.07273555,0.03456797,0.2609685,0.05013853,0.01676853,0.23596710000000004,0.06513771,-0.001458928,0.23489050000000003,0.07907719,-0.005387083000000001,0.24154389999999998,0.06722271,0.02179094,0.27452709999999997,0.04964243,0.012289200000000002,0.2519357,0.05946495,-0.0007780492,0.24860229999999997,0.07196177,-0.0064811999999999995,0.2538449,0.08665324,0.02339159,0.24436129999999998,0.1256827,-0.03267752,0.2506779,0.12035309999999999,-0.01691753,0.22570789999999996,0.2450304,-0.23741210000000001,0.18857349999999998,0.138141,-0.03384285,0.23014189999999998,0.12515910000000002,-0.05198564,0.2650035,0.25152129999999995,-0.2283407,0.1711427,0.23853939999999998,-0.2464835,0.20600429999999997
790,17:16:54.484 PM,0.1007654,0.01386702,0.19771960000000002,0.08050261,0.03140067,0.1864117,0.06360501,0.04125066,0.18241279999999999,0.08419921,0.04914974,0.2239558,0.05695071,0.03061362,0.20792570000000002,0.06667421,0.01249844,0.2063828,0.07979918,0.007257104,0.2099424,0.07784636,0.04509233,0.24256750000000002,0.05247091,0.02379568,0.2182155,0.06597389,0.003738955,0.2201597,0.07939144,-0.0013604910000000001,0.22729539999999998,0.07356499,0.03519665,0.26021020000000006,0.05060994,0.01697634,0.23584580000000002,0.06544795,-0.001376659,0.23466959999999998,0.07948757,-0.0053817480000000004,0.24106149999999998,0.06823269,0.02261163,0.27401859999999995,0.05040759,0.01264906,0.2518207,0.06005043,-0.0005247444,0.24838289999999996,0.07261604,-0.006283194000000001,0.2533958,0.08707601,0.02373643,0.2434607,0.1257154,-0.03265907,0.2500021,0.1201248,-0.01701719,0.2246076,0.23973139999999998,-0.24286929999999998,0.19676649999999998,0.1380182,-0.03506558,0.2294799,0.1248142,-0.05127358,0.2652007,0.24633339999999998,-0.23476529999999998,0.1789061,0.2331294,-0.25097329999999995,0.21462689999999998
791,17:16:54.514 PM,0.1011682,0.01500402,0.1960429,0.08082408,0.03250445,0.18483010000000002,0.06381524,0.04223622,0.18101779999999998,0.08489641,0.05025811,0.2224835,0.05794422,0.03132127,0.2064209,0.06795159,0.01335548,0.20494770000000004,0.08113725,0.008294359,0.20854360000000002,0.07861189,0.04609297,0.2410946,0.05325281,0.02479632,0.21672539999999998,0.06687124,0.004810706,0.2185953,0.08032569,-0.0002627075,0.22568000000000002,0.07440480000000001,0.03609796,0.2586991,0.05153275,0.01780973,0.23430749999999997,0.06643532,-0.0004838407,0.2330266,0.08050244,-0.004498392,0.2393518,0.06913826,0.02343215,0.2724587,0.05139383,0.01338539,0.2502341,0.06106998,0.00026042759999999997,0.2467044,0.07366859,-0.005479828000000001,0.251655,0.08787806,0.02474736,0.2418448,0.1265529,-0.03169385,0.24819360000000001,0.12092819999999999,-0.01585403,0.2226682,0.2391697,-0.243653,0.19907460000000002,0.1389528,-0.03453519,0.22778579999999998,0.1254147,-0.05004842,0.26368959999999997,0.2459387,-0.2358964,0.1811227,0.23240059999999998,-0.2514096,0.21702649999999998
792,17:16:54.540 PM,0.1021307,0.01669188,0.1945973,0.0816653,0.03410582,0.18347070000000001,0.06447883,0.04359479,0.1798455,0.08592545,0.05174418,0.22101790000000002,0.05938144,0.03263395,0.2044868,0.06953742,0.01475289,0.2029994,0.08268063,0.00962925,0.20666170000000003,0.07947238,0.0473683,0.23952289999999998,0.05454376,0.02607964,0.2147061,0.06837261,0.006246611,0.21665639999999997,0.08179015,0.001262829,0.2238737,0.07513062,0.03718124,0.2569842,0.05270977,0.01889338,0.2321764,0.06779743,0.000747025,0.2309676,0.0818181,-0.0031832009999999997,0.2374473,0.06977887,0.02435769,0.27056379999999997,0.05239385,0.01434636,0.24804079999999998,0.06221601,0.001324356,0.2445326,0.0747954,-0.004366755,0.24958779999999997,0.08881821,0.02605353,0.2401538,0.1276237,-0.030325799999999997,0.2464212,0.1222249,-0.01422164,0.2209067,0.24044229999999997,-0.2425018,0.19871889999999998,0.1403114,-0.03317602,0.2261922,0.1262179,-0.04869318,0.2618799,0.24748910000000002,-0.2347432,0.1808751,0.2333956,-0.2502604,0.21656279999999997
793,17:16:54.564 PM,0.1045911,0.01997407,0.1936161,0.08397142,0.03725843,0.1825727,0.0666334,0.04639284,0.1787641,0.08689845,0.05354331,0.22073829999999997,0.06155037,0.0345519,0.2022991,0.07201395,0.0168976,0.2003146,0.08509756,0.01180512,0.2042255,0.07982722,0.04817922,0.23875210000000002,0.05654486,0.0273362,0.2120275,0.07092633,0.007884532,0.21381750000000002,0.08419719,0.0033030959999999997,0.2215547,0.07505232,0.03710811,0.2555509,0.05416386,0.01938061,0.22905309999999998,0.06994674,0.001830652,0.22790789999999997,0.08377422,-0.0017077179999999998,0.23500079999999998,0.0694888,0.02355717,0.2683159,0.05331168,0.01413012,0.24466710000000003,0.06371036,0.0015688689999999999,0.2411381,0.0762215,-0.003887191,0.2466057,0.08967286,0.02708085,0.2388118,0.1294824,-0.02871314,0.24429629999999997,0.12481880000000001,-0.01148659,0.21916390000000002,0.2459843,-0.2388661,0.1964805,0.14315129999999998,-0.03094392,0.2246364,0.12746369999999999,-0.04749765,0.25917470000000004,0.253828,-0.23058920000000002,0.1792114,0.23814050000000003,-0.24714299999999997,0.21374970000000004
794,17:16:54.595 PM,0.10698130000000002,0.02123852,0.19212939999999998,0.08656316,0.03854935,0.1807579,0.06895363,0.047319099999999996,0.17736129999999997,0.09074526,0.05609046,0.2177157,0.06508747,0.03774612,0.1990559,0.0747233,0.0195943,0.19739879999999999,0.08740405,0.01364566,0.2014256,0.08310655,0.05129094,0.23565540000000001,0.05987623,0.03024264,0.20905079999999998,0.07506401,0.011352,0.20990999999999999,0.08872029,0.006946176,0.21705270000000002,0.07761955,0.04069678,0.2525425,0.05682065,0.02308272,0.22590259999999998,0.07208528,0.005050242,0.2254522,0.08563642,0.001185685,0.2328979,0.07136267,0.027568799999999997,0.2654263,0.05551017,0.01810007,0.24157729999999997,0.06567533,0.005205199000000001,0.23862049999999999,0.07789059,-0.0004740059,0.24451260000000002,0.09231231,0.02991723,0.23634520000000003,0.1305134,-0.02675092,0.2436529,0.1267279,-0.01004633,0.21826210000000001,0.24806910000000001,-0.23671279999999997,0.1976253,0.1444821,-0.02895964,0.22420279999999998,0.1283002,-0.04553839,0.2585002,0.2561601,-0.2284234,0.18047660000000001,0.2399782,-0.2450022,0.2147741
795,17:16:54.628 PM,0.10936989999999998,0.02361931,0.1909931,0.08899454,0.0409741,0.179612,0.07118653,0.04944821,0.1765126,0.09375867,0.05865188,0.21610460000000004,0.06796769,0.04106061,0.1969111,0.07706149,0.02265646,0.19499520000000004,0.08942419,0.01597767,0.198863,0.08576297,0.05382593,0.23388089999999997,0.06273054,0.03316607,0.2068042,0.07794205,0.01427943,0.20733539999999998,0.09158073,0.009674683,0.2143876,0.07988808,0.04319261,0.2506121,0.05941557,0.02589478,0.22351620000000003,0.07453458,0.007736519,0.2232431,0.08792149,0.0036573409999999997,0.23086929999999997,0.07329287,0.03005277,0.2633138,0.05778547,0.02084313,0.23913879999999998,0.06793982,0.007899538000000001,0.2363631,0.0800001,0.00209783,0.2424518,0.09477345,0.03237082,0.2346201,0.1323846,-0.02465847,0.2424663,0.1291637,-0.00779292,0.21693649999999998,0.24983089999999997,-0.2357495,0.20161510000000002,0.146828,-0.0271499,0.2234009,0.1296858,-0.04327615,0.25744659999999997,0.258402,-0.2276864,0.1845922,0.2412598,-0.24381260000000002,0.2186379
796,17:16:54.658 PM,0.1106971,0.02507378,0.1903715,0.09029885,0.04253067,0.1791892,0.07241628,0.05096148,0.1764182,0.09588789,0.060366199999999995,0.21556199999999998,0.06985009,0.04303716,0.196463,0.07871189,0.02452983,0.1944543,0.09097072,0.01758368,0.1981799,0.08793051,0.05559029,0.233369,0.06447221,0.0353172,0.2063654,0.0793632,0.01617135,0.20664549999999998,0.09298119,0.011301,0.21355820000000003,0.08202846,0.04498731,0.25011,0.06121864,0.027930299999999998,0.22311839999999997,0.07630979,0.009762287,0.2223658,0.08981339,0.005541027,0.22970370000000004,0.07536028,0.03189288,0.26282059999999996,0.05963907,0.02288894,0.2387061,0.06962989,0.009839206999999999,0.2358353,0.08165918,0.003874108,0.2418268,0.09672181,0.03404169,0.23402489999999998,0.13384649999999998,-0.02335162,0.24163920000000003,0.13060650000000001,-0.006443024,0.2160989,0.25086390000000003,-0.2347576,0.2011856,0.1482464,-0.02592439,0.22255170000000002,0.13114820000000002,-0.04191946,0.2566814,0.259413,-0.22676,0.1841207,0.24231479999999997,-0.2427551,0.21825039999999998
797,17:16:54.691 PM,0.1121787,0.02466716,0.1904145,0.09199537,0.04230778,0.17913110000000002,0.07419934,0.05093633,0.1764123,0.09826787,0.06061246,0.21546120000000002,0.07173983,0.04377554,0.19659820000000003,0.08005631,0.02501653,0.1945934,0.09213421,0.01772808,0.1982553,0.09027791,0.0561447,0.2333335,0.0661447,0.03635465,0.20656739999999998,0.08036312,0.01670249,0.2066488,0.09388296,0.01139022,0.21342719999999998,0.08422378,0.04580151,0.2501824,0.06291696,0.02887018,0.2235011,0.07813283,0.01086837,0.22183089999999997,0.09191313,0.006579235,0.22859210000000002,0.07734065,0.03294887,0.2630244,0.061362400000000004,0.02405699,0.2390377,0.07101026,0.01075666,0.23614429999999997,0.0829365,0.004528314,0.2420736,0.09864269,0.03443219,0.23414290000000001,0.1348185,-0.02350733,0.24196839999999997,0.1316575,-0.006865591,0.21645010000000003,0.251525,-0.2346172,0.19914079999999998,0.1490535,-0.02595307,0.222741,0.13225420000000002,-0.04217257,0.2569131,0.2599247,-0.22650749999999997,0.1820548,0.2431254,-0.242727,0.21622689999999997
798,17:16:54.726 PM,0.11452169999999999,0.02479504,0.19067279999999998,0.09465197,0.04266696,0.17919839999999998,0.07695442,0.05140151,0.1761906,0.09998816,0.06037851,0.2166908,0.07366496,0.04423971,0.1969517,0.08184358,0.02546443,0.1945681,0.09383534,0.01805852,0.19827720000000001,0.09164731,0.0555241,0.23429970000000003,0.06763012,0.0368876,0.20661759999999998,0.08150356,0.0169947,0.20619610000000002,0.0948569,0.01129237,0.2129877,0.08524448,0.04481317,0.25078579999999995,0.06416432,0.02885137,0.22333850000000002,0.07913471,0.01068218,0.2213012,0.09276722,0.0059599430000000005,0.22807329999999998,0.07808173,0.03168921,0.2631928,0.06236432,0.0236323,0.23874360000000003,0.07192622,0.01032513,0.23560679999999998,0.08370858,0.003818735,0.24152510000000002,0.09993272,0.03377111,0.2347623,0.1358318,-0.02442504,0.2418411,0.13315870000000002,-0.0072144869999999995,0.2167425,0.2535481,-0.2341038,0.19493970000000002,0.1504058,-0.02629765,0.22280429999999996,0.1330294,-0.04352031,0.25618779999999997,0.2622364,-0.2254924,0.178248,0.24485990000000002,-0.2427151,0.2116315
799,17:16:54.759 PM,0.1156489,0.02540646,0.1900162,0.09583,0.04328366,0.17846220000000002,0.07812485,0.05193581,0.175267,0.10009119999999999,0.06037955,0.2169864,0.07414746,0.04438712,0.1966351,0.08259884,0.02576976,0.1939805,0.09468092,0.01853721,0.1977381,0.09161796,0.0550711,0.2344,0.06776698,0.03719522,0.2060797,0.08173137,0.017379,0.20525,0.09506705,0.01161443,0.2120237,0.08515827,0.04395182,0.2505908,0.06421327,0.028772100000000002,0.2226016,0.07905024,0.01052234,0.22032449999999998,0.09257379,0.005522341,0.22711579999999998,0.0780082,0.03049685,0.2626456,0.06229889,0.02322023,0.23794780000000001,0.07190531,0.01002306,0.23449829999999997,0.08367552,0.003378794,0.24028609999999997,0.10013480000000001,0.03340302,0.23450210000000002,0.136669,-0.02448502,0.2407592,0.1339948,-0.0068413169999999995,0.21599870000000002,0.2592181,-0.23050839999999997,0.19018800000000002,0.1514553,-0.0256092,0.2218275,0.1341376,-0.04396319,0.2546337,0.267877,-0.22133139999999998,0.1737849,0.25055920000000004,-0.2396854,0.2065911
800,17:16:54.790 PM,0.11608840000000001,0.02592529,0.1884432,0.09633428,0.04378618,0.17675410000000003,0.07866375,0.05244945,0.1734008,0.09983011,0.06065066,0.21603160000000002,0.07402837,0.04454954,0.1955851,0.08276387,0.02606462,0.1929229,0.09494506,0.01901557,0.1967095,0.0914029,0.05517133,0.23341479999999998,0.06745198,0.03758897,0.20499479999999998,0.08153846,0.01786603,0.2040152,0.09491875,0.01216829,0.2107575,0.08502796,0.04390304,0.2495364,0.06394985,0.02901943,0.2214876,0.078835,0.01083936,0.21897750000000002,0.09239925,0.005822703,0.2256748,0.07797612,0.0303214,0.2615072,0.06205377,0.02342255,0.23683690000000002,0.07165729,0.01027241,0.2332037,0.08346113,0.003579453,0.23886559999999998,0.1000666,0.03356119,0.23337110000000003,0.1371487,-0.02401941,0.2392235,0.1341882,-0.00633125,0.21458720000000003,0.2647139,-0.22658979999999998,0.1871148,0.1519626,-0.02463548,0.22028989999999998,0.1350914,-0.04366037,0.2529462,0.2731495,-0.21707739999999998,0.1707866,0.2562783,-0.23610229999999996,0.20344289999999998
801,17:16:54.820 PM,0.1161249,0.02559026,0.1864846,0.09655504,0.04343022,0.17445829999999998,0.07898377,0.05221699,0.1709108,0.09980399999999999,0.06075491,0.21384650000000002,0.07381543,0.04448839,0.193771,0.08251950000000001,0.02595372,0.1913645,0.09469475,0.0189148,0.19518870000000002,0.09144624,0.05556129,0.2313506,0.06718058,0.0377961,0.2033139,0.08118592,0.018006099999999997,0.2025472,0.09457754,0.01233648,0.2092906,0.08511277,0.04455324,0.24766710000000003,0.0637458,0.0294434,0.21996,0.07854596,0.01117431,0.21759789999999998,0.09213375,0.006204098000000001,0.22428209999999998,0.07807248,0.031174200000000003,0.2598705,0.06187728,0.02413808,0.2354176,0.07137382,0.01088177,0.23189079999999998,0.08317455,0.004193306,0.2375645,0.10002960000000001,0.03392027,0.23157800000000003,0.1370665,-0.02361022,0.2380301,0.13390610000000003,-0.006370081999999999,0.2132044,0.26721999999999996,-0.2247422,0.1867667,0.1517633,-0.02417157,0.2190038,0.13538499999999998,-0.04316207,0.25193000000000004,0.2754092,-0.21524699999999997,0.1703036,0.2590308,-0.2342375,0.2032298
802,17:16:54.853 PM,0.11409269999999999,0.024655299999999998,0.1846327,0.09436114,0.04224335,0.1725003,0.07679138,0.05106868,0.1690424,0.09849171,0.06069316,0.21093119999999999,0.07201149,0.043783499999999996,0.19206710000000002,0.08058704,0.02513422,0.1901338,0.09284817,0.01825173,0.19396470000000002,0.09052937,0.05617116,0.2288016,0.06578312,0.03719948,0.2020035,0.07982681,0.01742385,0.2017634,0.09335943,0.01200289,0.20842889999999997,0.08454198,0.04578687,0.2456487,0.06279947,0.02958493,0.21886710000000004,0.07703162,0.010755299999999999,0.21774960000000002,0.09043991,0.005799845,0.2247959,0.07774276,0.03288813,0.2584886,0.06113068,0.02480422,0.2346473,0.07057469,0.01142505,0.231462,0.08249426,0.0049659759999999996,0.23715250000000002,0.09903796,0.03451501,0.22961079999999998,0.13605029999999999,-0.02287371,0.2371748,0.1323282,-0.006560579,0.2119201,0.26503940000000004,-0.22525509999999999,0.1879275,0.150222,-0.02394965,0.21777600000000003,0.1347774,-0.04203592,0.2516489,0.2727617,-0.216212,0.170991,0.2573172,-0.23429829999999996,0.20486390000000002
803,17:16:54.881 PM,0.11353640000000001,0.02597006,0.1841856,0.09346900000000001,0.04337849,0.17234839999999998,0.07589903,0.05211504,0.1686726,0.09683441,0.06093712,0.2110937,0.07115088,0.04347457,0.1916402,0.08025841,0.02510898,0.18944,0.09297787,0.01947413,0.1937826,0.08886158,0.05582042,0.2287988,0.06501585,0.03655539,0.2013996,0.07977273,0.01730691,0.2010752,0.09341868,0.01251048,0.2079839,0.08301523,0.04491605,0.2453649,0.06208981,0.02855821,0.21803209999999998,0.07698557,0.01023623,0.21713979999999997,0.09039521,0.005772799,0.22450630000000002,0.07644754,0.03156866,0.2578627,0.06034391,0.02344291,0.2336888,0.07040726,0.01049091,0.2306359,0.08245439,0.004585952,0.2366506,0.09789753,0.03436683,0.22918899999999998,0.1361255,-0.02235693,0.23584259999999999,0.1323169,-0.005470961,0.21083779999999996,0.267014,-0.2232143,0.1853816,0.150514,-0.02308472,0.21658760000000002,0.1348259,-0.04171487,0.25005140000000003,0.274858,-0.2138992,0.1686497,0.2591699,-0.23252929999999997,0.2021134
804,17:16:54.913 PM,0.11305660000000001,0.02685346,0.1838765,0.09277060000000001,0.04415892,0.1722629,0.07525907,0.05293591,0.168409,0.09579715,0.06115277,0.21103320000000003,0.07054216,0.043374699999999995,0.19130629999999998,0.08016276,0.025274500000000002,0.1890901,0.09305384,0.02021222,0.19362870000000001,0.08786488,0.05570729,0.22865820000000003,0.06464988,0.03607573,0.200979,0.07992939,0.01723821,0.200731,0.09363944,0.01319161,0.20798379999999997,0.08214802,0.04452057,0.24508049999999998,0.06170658,0.02796893,0.2174993,0.07713651,0.01008695,0.2167688,0.09057536,0.00609459,0.22434949999999998,0.0757551,0.03092872,0.2574044,0.05996784,0.022678599999999997,0.2330645,0.07057894,0.010087,0.23038089999999997,0.08269744,0.0045366140000000004,0.23658720000000003,0.09722076,0.03438826,0.22881469999999998,0.1362575,-0.02184178,0.2348393,0.13227220000000003,-0.0047089309999999995,0.21007119999999999,0.2697049,-0.2201643,0.18115699999999998,0.15064829999999998,-0.02207605,0.21557379999999998,0.1352115,-0.04143976,0.2487366,0.2774233,-0.21048240000000001,0.16457560000000002,0.26198649999999996,-0.2298462,0.1977384
805,17:16:54.943 PM,0.11346660000000001,0.02757306,0.1835035,0.09323583,0.04497798,0.17194229999999996,0.07582796,0.0539005,0.16795510000000002,0.09614886,0.06167369,0.2106744,0.07094153,0.04408754,0.19071559999999999,0.08055977,0.02599521,0.1884256,0.09345426,0.02102773,0.1930585,0.08812457,0.05612518,0.2282255,0.06519748,0.03648742,0.2003115,0.08058967,0.01774062,0.2001675,0.09425092,0.01405409,0.20769970000000004,0.08232024,0.04484202,0.24455100000000002,0.06207091,0.02839877,0.2167639,0.07752708,0.010539,0.21604339999999997,0.09091967,0.006575197,0.2237203,0.07586019,0.03117861,0.25676020000000005,0.0602548,0.02300851,0.23227640000000002,0.07092857,0.01045872,0.2296446,0.08302036,0.004789069,0.23579499999999998,0.09747347,0.0348026,0.22830229999999996,0.13645629999999997,-0.02147359,0.2341453,0.1326096,-0.00419268,0.2095049,0.2699428,-0.21933560000000002,0.1788824,0.15090479999999998,-0.02152446,0.21492170000000002,0.1353564,-0.04120892,0.24784270000000003,0.277717,-0.20949339999999997,0.1624219,0.2621686,-0.2291779,0.19534289999999999
806,17:16:54.975 PM,0.1143223,0.02833404,0.1832758,0.09420861,0.04584603,0.1716721,0.07689779,0.0548871,0.1675324,0.09687172,0.06227542,0.21036329999999998,0.07171501,0.04493244,0.1901298,0.0812505,0.02680738,0.1877544,0.0941219,0.021881599999999998,0.19249470000000002,0.08870265,0.05665232,0.2278236,0.0660789,0.03705133,0.19963770000000003,0.08150952,0.01833571,0.1995938,0.09509648,0.01481,0.2073344,0.08275894,0.04529859,0.24404970000000004,0.06275809,0.02895685,0.2160238,0.07822455,0.01110341,0.21537070000000003,0.09154811,0.007139176,0.22316660000000002,0.07619078,0.031584100000000004,0.25614339999999997,0.06081192,0.02349688,0.23148939999999998,0.07151497,0.01096146,0.2289087,0.0835587,0.0051700620000000004,0.2350399,0.09803446,0.0353222,0.2278768,0.1368861,-0.02103753,0.2337625,0.1332908,-0.003613815,0.20918179999999997,0.26960559999999995,-0.21938400000000002,0.1783889,0.15147020000000003,-0.02107133,0.21464149999999999,0.1355739,-0.04083839,0.2473462,0.2775538,-0.2095004,0.1620366,0.2616575,-0.2292675,0.1947412
807,17:16:55.008 PM,0.11567709999999999,0.0293632,0.18306960000000003,0.09575724,0.04700495,0.17132879999999998,0.07853046,0.05612226,0.1670094,0.09794178,0.06309934,0.2100636,0.07290133,0.04611181,0.18938870000000002,0.0823168,0.02794062,0.1868896,0.09514396,0.02306809,0.191802,0.08953501,0.05736338,0.22737399999999997,0.06726655,0.03798641,0.1987531,0.08267467,0.0192522,0.19877550000000002,0.09616154,0.01554765,0.2066074,0.08336715,0.04590394,0.24344139999999997,0.06373313,0.02976884,0.2150386,0.07919575,0.01190919,0.2144703,0.09241232,0.007870466,0.2224089,0.07662943,0.03211205,0.2553526,0.06155738,0.02422778,0.23044450000000002,0.07227658,0.01169704,0.22790860000000002,0.08423446,0.005825296,0.2341308,0.09885447,0.03602783,0.2274089,0.1375487,-0.02042648,0.23345990000000003,0.1343402,-0.0028021340000000004,0.20892840000000001,0.2699114,-0.21924749999999998,0.1789396,0.15241300000000002,-0.02044145,0.21455589999999997,0.1359206,-0.04029362,0.24691190000000002,0.27815759999999995,-0.2093214,0.1627616,0.2616652,-0.22917359999999998,0.1951176
808,17:16:55.037 PM,0.11682200000000001,0.03037669,0.1828765,0.09706163,0.04811697,0.1710154,0.07986653,0.05722828,0.1665595,0.09873771,0.06379534,0.2098844,0.0738376,0.04723822,0.1886979,0.08319886,0.02906723,0.18600160000000002,0.09598693,0.02423711,0.1910556,0.09010085,0.05785622,0.22701190000000002,0.06816502,0.03887768,0.1978724,0.08354837,0.0201232,0.1978206,0.096953,0.01601006,0.205589,0.08373713,0.04621308,0.24286929999999998,0.06450840000000001,0.03037862,0.21402390000000002,0.08000544,0.01254882,0.2134561,0.09312512,0.008404702,0.2215002,0.07686989,0.03227936,0.2545388,0.06209424,0.02471356,0.2293561,0.07284407,0.01221576,0.2267877,0.08471899,0.006382495,0.233202,0.09948093,0.03654732,0.2269591,0.1382082,-0.01989792,0.23303779999999996,0.13534029999999997,-0.001989931,0.2085877,0.27085929999999997,-0.2189288,0.1800057,0.1533796,-0.01989339,0.2143794,0.1363019,-0.03980555,0.2463931,0.2793982,-0.20897270000000004,0.16399879999999997,0.2623205,-0.2288848,0.1960126
809,17:16:55.066 PM,0.11760999999999999,0.03132661,0.18266570000000001,0.09787942,0.04908915,0.17078829999999998,0.08064635,0.05812116,0.1663176,0.09930759,0.06447090000000001,0.2098925,0.07447988,0.04824223,0.18836920000000001,0.08382323,0.030097500000000003,0.1854441,0.09659918,0.02526502,0.19052639999999998,0.09056792,0.05832125,0.22689299999999998,0.06873560000000001,0.03978188,0.1973951,0.08407257,0.02099164,0.19710339999999998,0.09745128,0.01644944,0.20467539999999998,0.08413407,0.04649006,0.2425822,0.06506781,0.03101043,0.2134377,0.08058617,0.01320466,0.2127183,0.09367287,0.008938402,0.2207524,0.07723726,0.03240953,0.2540565,0.06256271,0.02518235,0.2287156,0.07332592,0.01272276,0.22602039999999998,0.08516762,0.006904736,0.23250949999999998,0.10003519999999999,0.03705181,0.22669179999999997,0.13890239999999998,-0.01934023,0.2325663,0.1361875,-0.001150131,0.20819459999999998,0.2717279,-0.21855560000000002,0.1806751,0.1542859,-0.01933335,0.21408229999999998,0.13680150000000002,-0.03926864,0.24586129999999998,0.28047009999999994,-0.2085879,0.1647856,0.2629857,-0.2285232,0.1965646
810,17:16:55.096 PM,0.11828689999999999,0.03215016,0.1823445,0.09859553,0.04989703,0.170379,0.0813154,0.05882676,0.16588470000000002,0.0997192,0.06513728,0.2097886,0.07497141,0.04907729,0.18804790000000002,0.08433299,0.0309632,0.184994,0.09707387,0.02596126,0.18999960000000002,0.09091445,0.05884998,0.22670500000000002,0.0691051,0.04065026,0.1969795,0.0843877,0.02181999,0.1964854,0.09774971,0.01693924,0.20387370000000002,0.08444273,0.04689787,0.2422865,0.0654078,0.03173284,0.21295679999999997,0.0808975,0.01391031,0.2120574,0.09397375,0.009499088000000001,0.2200299,0.07753789,0.03272115,0.2536368,0.06286043,0.02578832,0.22821550000000002,0.07360563,0.01334205,0.22539009999999998,0.08543218,0.007477939,0.23186529999999997,0.10045939999999999,0.0376163,0.2264199,0.13944579999999998,-0.01872022,0.23223739999999998,0.1368443,-0.000339359,0.2078718,0.2720941,-0.21847660000000002,0.18200020000000003,0.1549935,-0.01880572,0.21389149999999998,0.137163,-0.03861036,0.24555970000000002,0.28100929999999996,-0.2085743,0.1661661,0.26317890000000005,-0.22837889999999997,0.1978343
811,17:16:55.125 PM,0.1190306,0.03231506,0.18132279999999998,0.09980154,0.05018549,0.16880309999999998,0.08249321,0.05908139,0.1643506,0.1004062,0.06607921,0.20829899999999998,0.07553051,0.04953144,0.1870766,0.08485524,0.03130676,0.18462779999999998,0.09737868,0.02548604,0.1892844,0.09161369,0.06033282,0.2254129,0.06940589999999999,0.04168521,0.196266,0.08437542,0.02259962,0.1960845,0.09770668,0.01744054,0.20333779999999999,0.08507207,0.04885958,0.2413217,0.06558355,0.03333332,0.21248320000000004,0.08064276,0.01514168,0.21166999999999997,0.09372807,0.01043521,0.2194562,0.07804461,0.03506301,0.25305839999999996,0.0631071,0.02773057,0.22790229999999997,0.0735372,0.01501124,0.22511279999999997,0.08533309,0.008979230999999999,0.23148870000000002,0.10087689999999999,0.03897364,0.2256084,0.1391289,-0.01772739,0.2326156,0.1366557,8.769333000000001e-05,0.2078241,0.2684218,-0.2206402,0.1864487,0.1545628,-0.01849084,0.2141895,0.1366243,-0.03725522,0.246425,0.277391,-0.211258,0.1703309,0.2594526,-0.23002240000000002,0.2025664
812,17:16:55.157 PM,0.1228265,0.03517108,0.1798826,0.1049359,0.05355801,0.1661829,0.08805231,0.06276534,0.1608261,0.10265910000000002,0.06896050000000001,0.2075426,0.0787132,0.0528148,0.1849835,0.08799389,0.03454812,0.1826854,0.1000636,0.02786706,0.1873839,0.09309378,0.06301109,0.22416529999999998,0.07185584,0.045242000000000004,0.19377370000000002,0.08641488,0.025841399999999997,0.193606,0.09936289,0.02011211,0.2011207,0.08575977,0.05133009999999999,0.239569,0.06719043,0.03672765,0.2096616,0.08176695,0.01815517,0.2086785,0.09449023,0.01266192,0.21654890000000002,0.07808675,0.03740932,0.2507409,0.06405399,0.03081889,0.224869,0.0742539,0.01794197,0.22195410000000002,0.0857194,0.01139456,0.2284234,0.1020875,0.04153691,0.22433989999999998,0.1394261,-0.01572724,0.2321229,0.1381137,0.0025374000000000004,0.20732060000000002,0.2705749,-0.2191431,0.1941447,0.1558461,-0.01661755,0.21457600000000002,0.136121,-0.03517851,0.2458719,0.2804375,-0.2098626,0.17849679999999998,0.2607123,-0.22842359999999998,0.20979270000000003
813,17:16:55.188 PM,0.1269461,0.03693385,0.1806803,0.11038030000000001,0.05591266,0.1661443,0.09406329,0.06562032,0.15997360000000002,0.1058779,0.07095097,0.208554,0.08235297,0.05601953,0.1847481,0.09097537,0.03746732,0.18218510000000002,0.1024545,0.02972825,0.18674179999999999,0.09548894,0.0649531,0.22465770000000002,0.07527277,0.04802577,0.1931092,0.08933348,0.02826007,0.1931309,0.1018212,0.0220622,0.20104339999999998,0.08725392,0.05319478,0.2395393,0.06967504,0.03932427,0.20869829999999998,0.08423649,0.02075319,0.2074865,0.09674747,0.01489596,0.2154349,0.07880989,0.03927349,0.250141,0.06583475,0.03330193,0.22357510000000003,0.07583465,0.02023838,0.22080039999999998,0.08688118,0.01326065,0.227544,0.10399180000000001,0.04327981,0.22484320000000002,0.13987779999999997,-0.01483953,0.23357399999999998,0.13983800000000002,0.003750667,0.2086869,0.273669,-0.218317,0.2067139,0.15734949999999998,-0.01592498,0.217085,0.1357853,-0.03410183,0.24737710000000002,0.2844511,-0.20922860000000001,0.19156779999999998,0.26288690000000003,-0.22740549999999998,0.22185990000000003
814,17:16:55.228 PM,0.1348193,0.03918023,0.1876649,0.12120999999999998,0.06008445,0.17271240000000002,0.1064211,0.0714695,0.16563029999999998,0.11294649999999999,0.07302527,0.21705850000000002,0.08931032,0.06274413,0.19101329999999997,0.09558611,0.04345621,0.18733740000000002,0.10549870000000001,0.03360011,0.19144529999999998,0.10129989999999998,0.06676726,0.23217129999999997,0.0818133,0.05404763,0.1982786,0.09246101,0.03225695,0.19835379999999997,0.10305139999999999,0.02380542,0.20691420000000002,0.09153683,0.05470674,0.24583579999999997,0.07466966,0.04440258,0.2132522,0.087395,0.0245726,0.21148089999999997,0.09880271,0.01695047,0.2195879,0.08169097,0.04074843,0.2550923,0.06965489999999999,0.03757374,0.22762070000000004,0.07879416,0.02404438,0.2241922,0.08900757,0.015718299999999998,0.2307123,0.1085032,0.0446379,0.2315112,0.140823,-0.01574625,0.2392589,0.14287679999999997,0.003969073,0.21498960000000003,0.2749236,-0.2200906,0.22245460000000003,0.1596362,-0.01685817,0.22432110000000002,0.13541989999999998,-0.03506877,0.2525162,0.28703179999999995,-0.21098530000000001,0.2083571,0.26281540000000003,-0.22919589999999998,0.2365522
815,17:16:55.257 PM,0.1408471,0.03937368,0.19843829999999998,0.1295962,0.06170006,0.183576,0.11646240000000001,0.07465388,0.1759412,0.11910889999999999,0.07322671,0.2287896,0.09556431,0.0666457,0.2014854,0.09958877,0.04688962,0.1971675,0.10798319999999999,0.03562273,0.20104460000000002,0.1067251,0.06700416,0.2433203,0.08707168,0.05799033,0.20834670000000002,0.09562001,0.03533901,0.20682470000000003,0.10520270000000001,0.02520274,0.2147259,0.09597119,0.054949,0.2562259,0.07892185,0.04783975,0.22288739999999999,0.09013341,0.02728842,0.2196623,0.1008745,0.01815148,0.22709169999999998,0.08516745,0.04117243,0.264651,0.07330701,0.04046582,0.23692660000000001,0.08149824,0.02659757,0.23257229999999998,0.09106276,0.0170608,0.2383849,0.1128193,0.04457311,0.2419808,0.1421193,-0.01748604,0.24828119999999998,0.1455662,0.0028453320000000003,0.2248032,0.274574,-0.2227415,0.22961529999999997,0.1613994,-0.01836091,0.2339348,0.1360846,-0.03713671,0.26076109999999997,0.2872314,-0.2133536,0.2162021,0.2619166,-0.23212939999999999,0.2430284
816,17:16:55.289 PM,0.14661429999999998,0.03791954,0.2175683,0.13731600000000002,0.06218408,0.2045086,0.1254455,0.07669149,0.1976427,0.1267092,0.07035433,0.2504783,0.10375670000000001,0.06947325,0.22192910000000002,0.1056454,0.0500011,0.2154294,0.1124559,0.0373926,0.2180734,0.11333610000000001,0.06371026,0.263902,0.09406394,0.06105663,0.2276866,0.10025139999999999,0.0380768,0.2230093,0.10845940000000001,0.02581881,0.2292737,0.10124580000000001,0.051310699999999994,0.2751949,0.08449938,0.04994921,0.2409917,0.09367183,0.0290436,0.2349022,0.1033025,0.01777975,0.2407595,0.08916878,0.03763165,0.281862,0.07795103,0.04137443,0.2541194,0.08488588,0.0275483,0.247871,0.09343982,0.0163575,0.2520806,0.11789469999999999,0.04112263,0.2605853,0.143068,-0.02296895,0.2619436,0.1483148,-0.001079291,0.240536,0.2744253,-0.22753649999999997,0.2316514,0.1629595,-0.02286558,0.2484294,0.1363122,-0.04352907,0.27242859999999997,0.287749,-0.21720479999999998,0.2196518,0.2611016,-0.2378683,0.24365100000000003
817,17:16:55.317 PM,0.1499345,0.03888799,0.2426246,0.1417298,0.06492732,0.2325864,0.1309067,0.08065666,0.22675109999999998,0.13203800000000002,0.06727375,0.278442,0.1133129,0.07441165,0.2477375,0.11345419999999999,0.05685659,0.2369032,0.1181007,0.04303433,0.236904,0.11651159999999999,0.05969612,0.2886873,0.1020788,0.06592529,0.25067449999999997,0.1066632,0.044047699999999995,0.24122729999999998,0.11286099999999999,0.02973776,0.24496820000000002,0.1022038,0.0466914,0.29603609999999997,0.08996318,0.05327816,0.2605306,0.09794156,0.03341134,0.2505105,0.1058653,0.02006571,0.2541586,0.08848775,0.03316994,0.2986478,0.0812859,0.04280071,0.27097319999999997,0.08779745,0.03012614,0.2622857,0.09500542,0.01745914,0.2642673,0.1201077,0.03762598,0.2821878,0.1410583,-0.02775176,0.27624770000000004,0.15043720000000002,-0.00321117,0.2593565,0.26800840000000004,-0.23447489999999999,0.24200429999999998,0.1628914,-0.02719397,0.2661824,0.1319203,-0.04898187,0.2828886,0.2834939,-0.223581,0.23365129999999998,0.2525228,-0.24536889999999997,0.2503574
818,17:16:55.350 PM,0.150195,0.03982048,0.2725019,0.14148470000000002,0.06698819,0.2668586,0.13,0.08292766,0.2633144,0.1364634,0.06236883,0.3126909,0.1225336,0.08136235,0.2846435,0.11984960000000001,0.07003944,0.2676544,0.1213001,0.05676793,0.2618525,0.11918150000000001,0.0548078,0.3195695,0.1093047,0.07384218,0.28450440000000005,0.1113194,0.05745287,0.2667481,0.11507069999999998,0.04212825,0.2639489,0.1029337,0.04239236,0.3226171,0.09448706,0.06010295,0.2899556,0.10010210000000001,0.04558049,0.2721933,0.1060914,0.03118159,0.268952,0.08778651,0.03033595,0.3210064,0.08358584,0.04729487,0.2964263,0.08984909,0.03919302,0.2832595,0.09666964,0.02679597,0.2792828,0.12141400000000001,0.0341884,0.3089942,0.1369526,-0.03087749,0.2926027,0.1502255,-0.004625052,0.2812147,0.25483510000000004,-0.24133979999999997,0.249831,0.1600083,-0.03083375,0.2857655,0.12568510000000002,-0.05196745,0.2951627,0.27199670000000004,-0.23077289999999998,0.2451324,0.2376735,-0.25190660000000004,0.2545296
819,17:16:55.383 PM,0.1521628,0.040773500000000004,0.30431840000000004,0.1456372,0.06899668,0.3017742,0.1356986,0.08614601,0.2994136,0.13653289999999998,0.05856816,0.3459957,0.1276011,0.09073667,0.3311432,0.1231983,0.09659185,0.3120587,0.121683,0.09259064,0.29827570000000003,0.118068,0.051725400000000005,0.3498165,0.11063640000000001,0.0859911,0.32858930000000003,0.11057460000000001,0.08894075,0.3048066,0.1124579,0.08262111,0.29044749999999997,0.1007145,0.04053812,0.3492572,0.09298793,0.07089780000000001,0.3277282,0.09610704,0.07191865,0.3045344,0.1006214,0.06511451,0.2910502,0.08502056,0.03025539,0.3442909,0.08036444,0.05485938,0.3275663,0.08571374,0.05641352,0.31193459999999995,0.09266473,0.05111040000000001,0.30026729999999996,0.1199863,0.03267227,0.33658259999999995,0.1326424,-0.030557099999999997,0.31244629999999995,0.1488701,-0.0043316629999999995,0.30651090000000003,0.2417831,-0.24162110000000003,0.25278249999999997,0.1563143,-0.03136005,0.3082781,0.1198845,-0.05086055,0.3106481,0.259998,-0.2318709,0.2515975,0.2235681,-0.25137139999999997,0.2539676
820,17:16:55.419 PM,0.158276,0.03271218,0.3422084,0.1534553,0.06067632,0.34854229999999997,0.1438661,0.07803841,0.3507668,0.1370411,0.03576468,0.3865368,0.1318217,0.06812041,0.40275809999999995,0.1285705,0.08831589,0.4045758,0.1265376,0.1009807,0.39785040000000005,0.11811300000000001,0.02910508,0.3857688,0.1094476,0.06693853,0.3990381,0.10702269999999998,0.09034257,0.3934422,0.1074663,0.1022091,0.38273579999999996,0.100728,0.01981841,0.37952270000000005,0.08951221,0.05548368,0.3865723,0.08726076,0.07758979,0.3786468,0.08839241,0.08955489,0.3682077,0.08553205,0.01280178,0.3696594,0.07202958,0.03929119,0.37431529999999996,0.06984923,0.05510996,0.3697267,0.07167426,0.06730227,0.3618019,0.12123419999999999,0.01569669,0.36700170000000004,0.13523,-0.037036,0.3250657,0.1528118,-0.0102967,0.32913200000000004,0.2385614,-0.24346460000000003,0.2430417,0.1591599,-0.03928491,0.3242854,0.12163319999999998,-0.05542995,0.3176437,0.2573247,-0.23539210000000002,0.24636260000000001,0.21979810000000002,-0.2515371,0.2397209
821,17:16:55.453 PM,0.16368,0.01903336,0.3667229,0.1611919,0.04444169,0.3806334,0.1516149,0.06014322,0.3883753,0.1459124,0.009654194,0.41328859999999995,0.1462933,0.026535200000000002,0.4457666,0.1450254,0.04111411,0.4602664000000001,0.14275339999999997,0.05480118,0.46466130000000005,0.12729100000000002,0.002142251,0.41331179999999995,0.1200336,0.01985131,0.44961090000000004,0.1152625,0.03639461,0.46661629999999993,0.11217069999999998,0.05111246,0.4720398,0.10948889999999999,-0.006423681999999999,0.4072114,0.0968275,0.01648895,0.43484350000000005,0.09084980000000001,0.03870805,0.4401291,0.08944546,0.05363645,0.4347637,0.09325971,-0.01174037,0.3979498,0.07628704,0.0027410390000000002,0.4181874,0.06903098,0.01634477,0.4245318,0.06615042,0.03075521,0.4242415,0.12809389999999998,-0.005870804,0.3914767,0.13762020000000003,-0.04666026,0.3371048,0.1546807,-0.01931021,0.3443781,0.23330279999999998,-0.24409479999999997,0.2281205,0.1613612,-0.04850097,0.3337522,0.12344749999999999,-0.064563,0.329559,0.2522596,-0.2360638,0.23021710000000004,0.21434589999999998,-0.2521259,0.2260239
822,17:16:55.488 PM,0.1696076,0.0009793788,0.3867384,0.1697396,0.0225697,0.4062153,0.1609192,0.03563158,0.4184603,0.1565626,-0.01792195,0.4325242,0.1616425,-0.01102261,0.46814929999999993,0.16165179999999998,0.0007680655,0.4850598,0.1599138,0.01267529,0.49326990000000004,0.1381973,-0.02596323,0.43365119999999996,0.1363875,-0.02251945,0.4745737,0.1337615,-0.01168318,0.4961127,0.1312809,6.0632819999999995e-05,0.5067289,0.1197232,-0.03370008,0.42851769999999995,0.1106796,-0.02029586,0.4630229,0.1051211,0.0002621859,0.47325470000000003,0.10256019999999999,0.01596285,0.4724265,0.1023091,-0.03753212,0.4208031,0.08930974,-0.03029026,0.4470316,0.08436136,-0.01657583,0.455139,0.08316123,-0.0019225179999999998,0.4551664000000001,0.1357374,-0.02911238,0.41071949999999996,0.13753479999999998,-0.0581366,0.34881059999999997,0.1549824,-0.03121532,0.35844640000000005,0.22319239999999999,-0.2448009,0.21525070000000002,0.1607935,-0.05924002,0.342801,0.122842,-0.07569961,0.3414643,0.24216820000000003,-0.23657110000000003,0.21591910000000003,0.2042167,-0.2530307,0.21458229999999998
823,17:16:55.530 PM,0.17517449999999998,-0.01760219,0.40342690000000003,0.1789435,7.764995e-05,0.4262083,0.1731353,0.01128136,0.44167449999999997,0.1631899,-0.04225808,0.4468835,0.1699186,-0.03776957,0.48262700000000003,0.17088879999999998,-0.027710500000000002,0.5005970999999999,0.17026029999999998,-0.01782711,0.5112869000000001,0.1448122,-0.05022852,0.44827920000000004,0.1441811,-0.0475084,0.48929870000000003,0.14206029999999997,-0.03601751,0.5105552999999999,0.1400615,-0.02501461,0.5220382,0.1258098,-0.05688499,0.4435762,0.11838039999999998,-0.04457515,0.47887120000000005,0.113679,-0.02510278,0.4914042,0.11101960000000001,-0.009781092,0.4948816,0.1077328,-0.05927882,0.43687029999999993,0.09694637,-0.05342424,0.4644219,0.09345669,-0.03981772,0.47342290000000004,0.09223099,-0.025531900000000003,0.4766573,0.1403787,-0.04960741,0.42543279999999994,0.13665460000000001,-0.06931713,0.3602886,0.1551434,-0.04338259999999999,0.37203379999999997,0.2109752,-0.2511744,0.21391239999999997,0.15952679999999997,-0.07058088,0.3529693,0.1212144,-0.08623911,0.3529703,0.23013139999999999,-0.2433453,0.21391190000000002,0.19181900000000002,-0.2590035,0.2139129
824,17:16:55.564 PM,0.1755379,-0.023827900000000003,0.41406570000000004,0.1786389,-0.007779866,0.43812159999999994,0.1733522,0.00237532,0.45447570000000004,0.1649964,-0.05109385,0.4554666,0.17130820000000002,-0.0452099,0.49108209999999997,0.17237470000000002,-0.03564571,0.5093151,0.1718222,-0.02619866,0.5203969,0.1466949,-0.05928177,0.45657529999999996,0.1456695,-0.0543135,0.49737600000000004,0.1436406,-0.04367124,0.5190786000000001,0.14175190000000001,-0.03365779,0.5314525999999999,0.1276844,-0.06578015,0.4516875,0.12021760000000002,-0.05264096,0.4866754,0.1154414,-0.03443766,0.5009635,0.1125837,-0.01971106,0.5063445,0.10954380000000001,-0.06789118,0.4450581,0.09885809,-0.06124985,0.47247040000000007,0.09508474,-0.04857534,0.48264129999999994,0.09308988,-0.03516868,0.4883372,0.1419763,-0.05726199,0.43386620000000004,0.1376805,-0.07324831,0.3678411,0.156038,-0.04757853,0.38079120000000005,0.21268,-0.2515168,0.2174513,0.1605445,-0.0742314,0.36045340000000003,0.12231639999999999,-0.09009206,0.3601899,0.23179410000000003,-0.2435864,0.2175831,0.19356589999999999,-0.2594471,0.2173196
825,17:16:55.594 PM,0.17469520000000002,-0.02679421,0.4203425,0.1772078,-0.01107626,0.444684,0.172094,-0.001138136,0.46122570000000007,0.1646906,-0.05436388,0.4611415,0.16964300000000002,-0.04699321,0.496697,0.16999160000000002,-0.03705917,0.5147603000000001,0.168704,-0.02703066,0.5252569,0.1465019,-0.06281759999999999,0.46210159999999995,0.1453766,-0.05698328,0.5027855999999999,0.1434446,-0.04715711,0.5248786,0.1414592,-0.03709987,0.5372019,0.1276053,-0.06954013,0.45707700000000007,0.11995940000000001,-0.05622415,0.49195920000000004,0.114936,-0.03866796,0.5069568,0.1118616,-0.02413332,0.5127277,0.10952390000000001,-0.07184853,0.4503521,0.09889434,-0.06410578,0.47749620000000004,0.09496182,-0.05154036,0.48774300000000004,0.09288055,-0.03809173,0.49330959999999996,0.14184979999999997,-0.06066801,0.43939049999999996,0.1378817,-0.07615869,0.3731869,0.1559943,-0.05032912,0.3864607,0.21209789999999998,-0.2526062,0.2202806,0.16069489999999997,-0.07702202,0.36562890000000003,0.1224901,-0.09294010000000001,0.3654542,0.23120029999999997,-0.2446471,0.22036799999999998,0.1929955,-0.2605652,0.2201933
826,17:16:55.629 PM,0.1745237,-0.02817717,0.42218859999999997,0.176225,-0.01249306,0.44662219999999997,0.1709614,-0.002590805,0.4631384,0.1652317,-0.05504298,0.46266769999999996,0.16964379999999998,-0.04761851,0.498283,0.1701672,-0.03878014,0.5169034,0.1690006,-0.02940305,0.5280001,0.14711110000000002,-0.06363767,0.46366440000000003,0.1464154,-0.05765997,0.5043371,0.1449223,-0.04893126,0.5269196999999999,0.14314739999999998,-0.0394451,0.5397192,0.1282856,-0.07056913,0.45865670000000003,0.1210885,-0.05723584,0.4936278,0.1161645,-0.04030111,0.509356,0.11302129999999999,-0.02606882,0.5158052,0.11024360000000001,-0.07309766,0.4519055,0.1002964,-0.06456538,0.47907150000000004,0.09637841,-0.0523226,0.4897076,0.09421463,-0.03899747,0.4955347,0.1425069,-0.06176195,0.4409192,0.1386599,-0.07788281,0.37479609999999997,0.1567179,-0.05185339,0.387925,0.21058360000000004,-0.2541651,0.22060879999999997,0.16138529999999998,-0.07880279,0.36698459999999994,0.12312680000000001,-0.09459105,0.3671889,0.22971279999999997,-0.246271,0.2205067,0.1914543,-0.2620592,0.2207109
827,17:16:55.654 PM,0.1750162,-0.02738914,0.4220649,0.1763866,-0.01176378,0.4465576,0.1709736,-0.001947299,0.463077,0.1662205,-0.05408521,0.4623857,0.17062650000000001,-0.04687342,0.49804560000000003,0.17127879999999998,-0.03850813,0.5168815999999999,0.17022679999999998,-0.02950098,0.5282952,0.1481569,-0.06279391,0.46342970000000006,0.1476558,-0.05682424,0.5041066,0.1462928,-0.04835261,0.5267957,0.1445899,-0.03912321,0.5397925,0.1293683,-0.06985699,0.4584669,0.12242919999999999,-0.05678335,0.49358859999999993,0.1175516,-0.04027718,0.5097841,0.11435160000000001,-0.02630448,0.5167603000000001,0.11133210000000002,-0.07251596,0.4517498,0.1016442,-0.06405585,0.4790323,0.09766471,-0.052136199999999994,0.4900107,0.09533931,-0.03902878,0.4962612,0.1435049,-0.06099729,0.44068779999999996,0.1395205,-0.07741326,0.37460570000000004,0.1575686,-0.05111305,0.38764970000000004,0.2101449,-0.2530567,0.2190855,0.1621481,-0.0782282,0.3665026,0.1239553,-0.09416267,0.3671567,0.2292413,-0.2450895,0.2187585,0.1910486,-0.261024,0.2194126
828,17:16:55.683 PM,0.1744162,-0.02749334,0.4201263,0.1759453,-0.01170978,0.444507,0.1709125,-0.001736045,0.46105209999999996,0.1662396,-0.05290174,0.460643,0.1712158,-0.04558881,0.49620699999999995,0.172275,-0.037454400000000006,0.5151225,0.171489,-0.02863933,0.526702,0.14826589999999998,-0.06174766,0.46202659999999995,0.14848270000000002,-0.05424941,0.5024524,0.14739860000000002,-0.04457369,0.52467,0.1458342,-0.03471529,0.5372133000000001,0.12949760000000002,-0.06907395,0.457379,0.12358620000000001,-0.05606334,0.4927108,0.1191318,-0.04015025,0.5096023000000001,0.11603440000000001,-0.02653036,0.5172781,0.11142590000000001,-0.07202539,0.4508835,0.10265710000000002,-0.06341559,0.4784285,0.09879031,-0.05205326,0.4900173,0.0963387,-0.03932503,0.4969577,0.14339100000000002,-0.06044389,0.4392978,0.13894520000000002,-0.07794844,0.37350370000000005,0.156881,-0.05148986,0.38594629999999996,0.209274,-0.25406660000000003,0.2183962,0.161504,-0.07867066,0.3652039,0.1234192,-0.09483803,0.36629290000000003,0.22831639999999997,-0.24598289999999998,0.21785170000000004,0.1902316,-0.26215029999999995,0.21894070000000002
829,17:16:55.715 PM,0.1743777,-0.02633165,0.41735550000000005,0.1760918,-0.01022322,0.4415103,0.17130910000000002,-1.072884e-05,0.45798370000000005,0.1663677,-0.05080391,0.4581786,0.1714918,-0.0434233,0.49370749999999997,0.1723815,-0.03481294,0.5124199,0.17139279999999998,-0.02563992,0.5237019,0.14849520000000002,-0.05982709,0.4597188,0.1486412,-0.05112132,0.4999017,0.1472424,-0.03995796,0.5213912,0.14537879999999997,-0.02904786,0.5329861,0.12981410000000002,-0.06745103,0.45520059999999996,0.1243673,-0.05501872,0.4908139,0.12003710000000001,-0.03962851,0.5082142,0.11690969999999999,-0.02623817,0.5162720000000001,0.1117808,-0.07072715,0.4487545,0.1032163,-0.06233996,0.4764318,0.09927065,-0.05123022,0.48823679999999997,0.09667652,-0.03859994,0.49530290000000005,0.1436181,-0.05899732,0.4369683,0.1393655,-0.07758021,0.37141199999999996,0.15703440000000002,-0.05087309,0.3834657,0.2108506,-0.2527738,0.21578699999999998,0.16188570000000002,-0.07803942,0.3629892,0.12399389999999999,-0.09464036,0.3642723,0.22979650000000001,-0.24447339999999998,0.21514539999999996,0.1919047,-0.2610743,0.2164285
830,17:16:55.752 PM,0.17455279999999998,-0.02506174,0.4149062,0.1763546,-0.008391916999999999,0.4386707,0.1714715,0.002193689,0.4548771,0.16609939999999998,-0.04885635,0.4562627,0.1709223,-0.04147282,0.4918332,0.17127879999999998,-0.03205921,0.5101730999999999,0.1697816,-0.02214693,0.5207525,0.1482135,-0.05784926,0.45782510000000004,0.1479515,-0.04853022,0.4978697,0.1460924,-0.03609364,0.5186127,0.14385620000000002,-0.02410001,0.5290111999999999,0.1295709,-0.06556067,0.4532964,0.1242157,-0.05363095,0.489095,0.11988499999999999,-0.03820893,0.5064672,0.11674949999999999,-0.02461199,0.5141684,0.11159289999999998,-0.06896244,0.4467615,0.102843,-0.06065993,0.4744064,0.09883965,-0.04929277,0.4859441,0.09630449,-0.03633001,0.4924045,0.1435307,-0.05746098,0.435022,0.13985329999999999,-0.07714958,0.3697217,0.1574034,-0.0503744,0.3814882,0.2131902,-0.2521319,0.21472170000000002,0.1624309,-0.07751024,0.3614493,0.12460940000000001,-0.09428717,0.3624941,0.23210100000000003,-0.2437435,0.21419929999999998,0.1942795,-0.2605204,0.21524410000000002
831,17:16:55.787 PM,0.1748054,-0.02374753,0.4125311,0.1767884,-0.006572946999999999,0.4359187,0.1716685,0.004305661,0.45185569999999997,0.1661493,-0.04725555,0.4544294,0.1711713,-0.03995056,0.48998850000000005,0.17142449999999998,-0.03002824,0.5080598,0.1697675,-0.01963493,0.5181417,0.1482086,-0.05612305,0.45607829999999994,0.14796600000000001,-0.04681015,0.49612449999999997,0.14604229999999999,-0.03388661,0.5165613,0.1437319,-0.02139439,0.5263369999999999,0.1295296,-0.06378619,0.4516183,0.1242124,-0.05196124,0.48745740000000004,0.1198912,-0.03606291,0.5043970999999999,0.11680560000000001,-0.02207559,0.5113863000000001,0.11154380000000001,-0.06717081,0.4450959,0.10260339999999998,-0.05877694,0.47265219999999997,0.09864316,-0.04693891,0.48372170000000003,0.09629969,-0.03357232,0.4893814,0.14356889999999997,-0.05601239,0.4332634,0.1399937,-0.07638797,0.36816309999999997,0.157578,-0.04972227,0.3796658,0.215252,-0.2507513,0.2133868,0.1626254,-0.07661664,0.36003520000000006,0.1248878,-0.09359565,0.3608134,0.23412080000000002,-0.2422618,0.21299770000000004,0.1963832,-0.2592408,0.2137759
832,17:16:55.822 PM,0.1749366,-0.021546799999999998,0.4094616,0.177082,-0.0038119259999999998,0.4324128,0.1717118,0.007406591999999999,0.4480287,0.1656951,-0.04470983,0.45199409999999995,0.1706062,-0.03725889,0.4875384,0.1706451,-0.0268236,0.5053203,0.1687971,-0.01600862,0.5149138,0.1476937,-0.05345263,0.4536473,0.1472109,-0.044012,0.4936613,0.14509879999999997,-0.03055944,0.5137352,0.14267829999999998,-0.01763037,0.5228973,0.12900350000000002,-0.06107776,0.4491692,0.12340060000000001,-0.04886195,0.48483339999999997,0.1189475,-0.03217682,0.5009638,0.1158758,-0.01771899,0.5069281,0.11104489999999999,-0.06445931,0.44257070000000004,0.10177810000000001,-0.05566865,0.4698946,0.09786030000000001,-0.04320475,0.48027120000000006,0.09573991,-0.02942437,0.48494170000000003,0.1432141,-0.0536548,0.4308009,0.1400636,-0.07489812,0.3659531,0.1576325,-0.04823804,0.3772162,0.2171741,-0.2500324,0.2129683,0.162778,-0.07513807,0.35805970000000004,0.1250601,-0.0921716,0.3585481,0.23603310000000002,-0.24151570000000003,0.21272420000000003,0.1983152,-0.25854920000000003,0.2132125
833,17:16:55.855 PM,0.1745978,-0.01767841,0.4059909,0.176317,0.0006352365,0.4285195,0.1704133,0.01211715,0.4437463,0.1649586,-0.04065122,0.44902079999999994,0.1694119,-0.03300045,0.484583,0.16908299999999998,-0.02224079,0.5021673,0.1669349,-0.01115608,0.5113827,0.14698150000000001,-0.04946607,0.4505507,0.14555079999999998,-0.03948551,0.49041090000000004,0.1427671,-0.02522112,0.5098317,0.1399557,-0.01181595,0.5181597,0.1283962,-0.05725746,0.4459245,0.12185730000000002,-0.04406592,0.4810781,0.1168942,-0.02632907,0.4958826,0.11365150000000002,-0.01139621,0.500412,0.1105502,-0.06083308,0.43912559999999995,0.1005793,-0.0511966,0.46591109999999997,0.09657285,-0.03791347,0.47517780000000004,0.09462142,-0.02371503,0.47846289999999997,0.14282550000000002,-0.05002911,0.42764940000000007,0.1406479,-0.07222648,0.3630711,0.15796949999999998,-0.04532447,0.374198,0.21965300000000001,-0.2493516,0.21338110000000002,0.16344560000000002,-0.07253867,0.3554241,0.12575060000000002,-0.0896268,0.3557491,0.2385005,-0.24080749999999998,0.2132186,0.2008055,-0.25789570000000006,0.2135435
834,17:16:55.888 PM,0.173617,-0.01397786,0.4005183,0.17476789999999998,0.005181476,0.4223691,0.16805479999999998,0.01704098,0.43695740000000005,0.16382439999999998,-0.0360125,0.4442695,0.16819220000000001,-0.02791834,0.47974399999999995,0.16790529999999998,-0.01701219,0.4972385,0.16577979999999998,-0.0057774340000000006,0.5062757000000001,0.1458114,-0.04474235,0.44586309999999996,0.1433709,-0.03380074,0.48542060000000004,0.1400165,-0.01881316,0.5041952999999999,0.13693039999999998,-0.005037755,0.5117888,0.1272608,-0.05263302,0.44126629999999994,0.11974680000000001,-0.03777057,0.47554670000000004,0.1143933,-0.01893845,0.4887768,0.1111099,-0.0036392509999999996,0.4918001,0.10948310000000001,-0.05637656,0.4343795999999999,0.09881034,-0.04507248,0.4602254,0.09486925,-0.0308312,0.4679697,0.09328798,-0.01629473,0.46949979999999997,0.141908,-0.04598525,0.4229442,0.14049070000000002,-0.06998709,0.3589947,0.1576535,-0.04291847,0.3695478,0.2232308,-0.2492874,0.21398760000000003,0.16340710000000003,-0.07025795,0.35170949999999995,0.1258483,-0.08764625,0.3517792,0.24201020000000004,-0.24059320000000003,0.21395279999999997,0.20445139999999998,-0.25798150000000003,0.2140225
835,17:16:55.919 PM,0.1714437,-0.008061871,0.3951938,0.1713198,0.01138249,0.4168237,0.16369229999999999,0.02314441,0.4310379,0.1625556,-0.03023311,0.43886679999999995,0.1667496,-0.0220708,0.47434670000000007,0.16641489999999998,-0.01139285,0.4919807,0.1642593,-0.0003586113,0.5012551,0.1446603,-0.03922477,0.4403269,0.1406876,-0.02681459,0.4793262,0.13631120000000002,-0.01069182,0.4969181,0.13268339999999998,0.003439635,0.5035630999999999,0.1262884,-0.04744038,0.43558320000000006,0.11750139999999999,-0.03078362,0.4687217000000001,0.1115389,-0.010942299999999999,0.4800947,0.10806320000000001,0.004538298,0.48162879999999997,0.10865309999999999,-0.05151778,0.42852170000000006,0.09722864,-0.03850566,0.4532219,0.09334019,-0.02345359,0.4592877,0.09208612,-0.008802055999999999,0.4590845,0.1410495,-0.04073001,0.41737559999999996,0.1407983,-0.06548247,0.3537247,0.1573809,-0.037893,0.36414240000000003,0.22747779999999998,-0.24769570000000005,0.2147627,0.1638187,-0.06570095,0.3467728,0.1264458,-0.08348531,0.3467803,0.2461643,-0.23880349999999997,0.2147589,0.2087913,-0.2565879,0.21476639999999997
836,17:16:55.948 PM,0.1678406,-0.0004749745,0.3876725,0.1656898,0.01920976,0.40897290000000003,0.15721529999999997,0.03087352,0.42278109999999997,0.1611838,-0.02230191,0.43103640000000004,0.16476029999999997,-0.01314077,0.4663394,0.1642115,-0.002579808,0.4840383,0.162021,0.008042097,0.49377390000000004,0.1435445,-0.03179525,0.43243000000000004,0.1374868,-0.01670167,0.47019040000000006,0.1318156,0.0006519556,0.48615920000000007,0.12748489999999998,0.014977100000000002,0.49190059999999997,0.1254912,-0.04064211,0.42760059999999994,0.11506849999999999,-0.02117649,0.458663,0.10832049999999999,-0.0003545731,0.4675638,0.1044673,0.01510824,0.46777290000000005,0.1080835,-0.045374300000000006,0.4203854,0.09595866,-0.02985889,0.4432308,0.09216033,-0.01408599,0.4471157,0.09114597,0.00043642519999999996,0.4450622,0.1402961,-0.03383231,0.4094658,0.1414685,-0.05992623,0.3463679,0.1572674,-0.03149503,0.35640900000000003,0.23184429999999998,-0.2456024,0.2145433,0.1645483,-0.06006022,0.3396139,0.1274264,-0.07835986,0.3399394,0.2504053,-0.23645259999999999,0.2143806,0.2132833,-0.2547523,0.2147061
837,17:16:55.980 PM,0.1643547,0.0092116,0.3763208,0.1595779,0.02904145,0.3970489,0.1498777,0.04052673,0.4101821,0.1594516,-0.01171285,0.4194630999999999,0.16161070000000002,-0.0006717592,0.45433779999999996,0.1601938,0.01067814,0.4714888,0.15748470000000003,0.02150209,0.4808628,0.1420902,-0.02173877,0.42059129999999995,0.13333,-0.003180161,0.45620959999999994,0.1261387,0.01589708,0.4693353,0.12107799999999999,0.03068183,0.4728736,0.12448119999999999,-0.03128965,0.4154723,0.1119836,-0.008998349000000001,0.44373720000000005,0.10444280000000002,0.01257172,0.44973359999999996,0.1002979,0.02789177,0.4483117999999999,0.10745750000000001,-0.03676867,0.4078802,0.09445778,-0.01848623,0.4280313,0.09101989,-0.002201349,0.42906530000000004,0.09069578,0.01176347,0.424501,0.1395981,-0.02446088,0.39760429999999997,0.1433003,-0.05235936,0.3353982,0.1580685,-0.02291317,0.3450224,0.23871079999999997,-0.24348240000000002,0.21545540000000002,0.16654539999999998,-0.05259249,0.3292413,0.1295962,-0.07123853,0.3295608,0.2571854,-0.23415940000000002,0.2152956,0.22023620000000002,-0.2528054,0.2156152
838,17:16:56.011 PM,0.16140420000000003,0.02028088,0.3620973,0.15336960000000002,0.04043366,0.38146929999999996,0.1417558,0.0515034,0.3933506,0.1575046,0.001338571,0.4059165,0.1569968,0.01519676,0.43984179999999995,0.1534943,0.02837364,0.45531220000000006,0.1492463,0.04011546,0.46283500000000005,0.1406957,-0.009595066,0.40698759999999995,0.1291263,0.01301217,0.43932790000000005,0.1202481,0.03405289,0.4475233,0.1144989,0.04900695,0.44684350000000006,0.123839,-0.020383000000000002,0.4017902,0.10893879999999999,0.00509347,0.42591130000000005,0.1006642,0.02721851,0.4267729,0.09657235,0.04173054,0.4215859,0.10743,-0.02720143,0.3939313,0.09343712,-0.006184935999999999,0.4104377,0.09075344,0.009976625,0.4072511,0.09178517,0.02204464,0.398901,0.1391901,-0.013606700000000001,0.38410229999999995,0.146226,-0.044682099999999995,0.32364309999999996,0.1594339,-0.01364845,0.33215229999999996,0.2450139,-0.2422719,0.21769829999999998,0.1695564,-0.04508764,0.3178259,0.1327744,-0.06403554,0.3188658,0.26340490000000005,-0.23279789999999997,0.2171783,0.2266229,-0.2517458,0.21821820000000003
839,17:16:56.044 PM,0.1609608,0.03102638,0.34497459999999996,0.1519294,0.05263127,0.362222,0.13940160000000001,0.06401049,0.37280949999999996,0.1560618,0.01557197,0.390727,0.1518457,0.03392746,0.42215519999999995,0.14521689999999998,0.04978101,0.4335209,0.1387717,0.06246845,0.43658959999999997,0.139932,0.003756002,0.39257270000000005,0.12660639999999998,0.03062011,0.42069399999999996,0.11656330000000001,0.05257012,0.42299090000000006,0.1104746,0.06646763,0.41784790000000005,0.12386110000000002,-0.008481546999999999,0.38816290000000003,0.10743589999999999,0.020355,0.40689179999999997,0.09932075,0.041499,0.4001993,0.09596857,0.05338837,0.39014679999999996,0.10804480000000001,-0.01698518,0.3807482,0.09349419,0.006285786999999999,0.3932487,0.09163323,0.02103852,0.3856983,0.09388623,0.02982767,0.37413820000000003,0.13909470000000002,-0.0023817870000000002,0.370131,0.1485346,-0.03835203,0.31268409999999996,0.16025599999999998,-0.005833909,0.3186657,0.2494036,-0.2422688,0.2217797,0.1718001,-0.03885742,0.3066197,0.1353561,-0.05823832,0.309658,0.2676257,-0.23257840000000002,0.22026060000000003,0.23118160000000001,-0.2519593,0.2232989
840,17:16:56.076 PM,0.160813,0.04120494,0.3253218,0.1518651,0.06475876,0.3398381,0.1392698,0.07706861,0.3492344,0.1563108,0.03133886,0.3729975,0.14690129999999998,0.05725966,0.3970455,0.13626629999999998,0.07482226,0.3976511,0.1281878,0.08537559,0.3917801,0.14087070000000002,0.01904093,0.37666659999999996,0.1258186,0.05115865,0.3973688,0.11509739999999999,0.07154448,0.3900387,0.1095433,0.08125539,0.3786527,0.1254208,0.005530596,0.3741854,0.1081713,0.03716631,0.3865387,0.10047539999999999,0.05470939,0.3727578,0.09842831,0.06127273,0.3584239,0.1099797,-0.004652172,0.3682467,0.09545937,0.02060814,0.375987,0.09431417,0.03240858,0.3642718,0.09754495,0.03637673,0.3505051,0.14003859999999999,0.01005684,0.35521020000000003,0.1500539,-0.03240804,0.3023517,0.1606028,0.001164958,0.3041687,0.2499728,-0.2433257,0.2278723,0.1730076,-0.03324741,0.29522790000000004,0.1370921,-0.05266044,0.30202740000000006,0.26793059999999996,-0.2336192,0.22447260000000002,0.23201509999999997,-0.2530322,0.2312721
841,17:16:56.108 PM,0.1614014,0.046138599999999995,0.304458,0.1529313,0.07154231,0.31581950000000003,0.1405824,0.08479194,0.3242185,0.15943429999999997,0.04452421,0.35312540000000003,0.1440046,0.07584246,0.36441890000000005,0.1311915,0.0879278,0.3535939,0.12378510000000001,0.09074374,0.3412963,0.1449174,0.03250383,0.3600813,0.1266677,0.06902008,0.3655476,0.11682429999999999,0.07874872,0.3454793,0.11406019999999999,0.07705469,0.32967870000000005,0.1299788,0.01823603,0.3611958,0.1118553,0.05181168,0.3619582,0.1058657,0.05887593,0.3400804,0.10630739999999998,0.05517991,0.3244616,0.11462699999999999,0.006655365,0.3583515,0.10095549999999999,0.0335681,0.3584753,0.1005023,0.03907655,0.3426741,0.10425439999999998,0.03570412,0.3287954,0.14287750000000002,0.01995166,0.34056820000000004,0.1502836,-0.0305108,0.2944786,0.1598902,0.003164202,0.2901802,0.24494050000000003,-0.2474276,0.2311429,0.1721449,-0.03190862,0.2845587,0.13788789999999998,-0.05080466,0.298065,0.262069,-0.23797960000000004,0.2243897,0.227812,-0.2568756,0.23789610000000003
842,17:16:56.140 PM,0.166198,0.04836218,0.28084000000000003,0.16045109999999999,0.0762013,0.28698190000000007,0.1499657,0.09203862,0.2931227,0.1667854,0.05678512,0.329065,0.1466162,0.08593677,0.319846,0.13691470000000003,0.08110668,0.3023304,0.13507539999999998,0.07063679,0.2923803,0.1525355,0.04701994,0.3392983,0.1318073,0.07675172,0.3199315,0.12848810000000002,0.06440328,0.29933730000000003,0.13177429999999998,0.05019806,0.2927037,0.1373738,0.03389071,0.3443196,0.11907609999999999,0.06138904,0.32533959999999995,0.11899569999999998,0.04992656,0.30469070000000004,0.1239212,0.03612737,0.2984435,0.12157280000000001,0.02260457,0.3449558,0.11006279999999999,0.04674534,0.3310385,0.11191140000000001,0.04063164,0.3156343,0.1169095,0.028535200000000004,0.30895259999999997,0.1487342,0.03087331,0.32296199999999997,0.1516111,-0.02737319,0.28644179999999997,0.1615132,0.00356634,0.27606679999999995,0.2407935,-0.24839429999999998,0.2297147,0.1722185,-0.02950224,0.27423059999999994,0.13992190000000002,-0.04734626,0.2929802,0.25694179999999994,-0.2394723,0.22033989999999998,0.2246453,-0.2573163,0.2390895
843,17:16:56.175 PM,0.1695004,0.04599343,0.2639567,0.1636206,0.07443185,0.2655464,0.1527241,0.09089623,0.2685,0.1678435,0.06173106,0.3098978,0.1483487,0.08029307,0.2850382,0.1425297,0.06440489,0.2732672,0.14395479999999997,0.04992993,0.2724204,0.15237720000000002,0.05424936,0.32029159999999995,0.1351008,0.07091992,0.2869185,0.1351726,0.04978679,0.27501809999999993,0.1396744,0.03460948,0.2775222,0.1362309,0.04266180000000001,0.3259958,0.12225019999999999,0.05972166,0.29491690000000004,0.1252133,0.04069518,0.28122240000000004,0.13080239999999999,0.02589537,0.2831448,0.1198758,0.0322267,0.32704520000000004,0.1125411,0.04937522,0.3033436,0.1152576,0.0377145,0.2917256,0.11967190000000001,0.02369083,0.2917634,0.1490227,0.03588732,0.306377,0.1517749,-0.02701691,0.2784673,0.163949,0.0010670130000000001,0.26547259999999995,0.23532020000000003,-0.2529542,0.23380689999999998,0.1727365,-0.03031186,0.2671507,0.13916779999999998,-0.04631568,0.2853179,0.2521046,-0.24495229999999996,0.22472329999999996,0.2185359,-0.2609561,0.2428905
844,17:16:56.205 PM,0.16780179999999997,0.04401682,0.2481623,0.1611345,0.0721419,0.2449956,0.149763,0.08854328,0.2454097,0.16610250000000001,0.06742121,0.2909373,0.144682,0.07551770000000001,0.2623635,0.1403257,0.05626835,0.2564735,0.1435243,0.04271226,0.2606873,0.1511641,0.06137113,0.30290409999999995,0.1325229,0.07149439,0.26770279999999996,0.1332365,0.04853852,0.2599259,0.13838820000000002,0.03423856,0.26500419999999997,0.1355779,0.05045535,0.310973,0.12027249999999999,0.06148656,0.27787629999999996,0.12374929999999999,0.04035546,0.26790749999999997,0.12991960000000002,0.02632187,0.27225309999999997,0.1196312,0.03987075,0.3142692,0.11107539999999999,0.05273743,0.2883804,0.114079,0.03905825,0.2793297,0.1189819,0.02541669,0.2817628,0.1481234,0.0408106,0.2924308,0.1523938,-0.02537134,0.2739612,0.16327460000000002,-2.5436279999999998e-05,0.2576439,0.2438611,-0.2475853,0.2262899,0.17265329999999998,-0.02780649,0.26123670000000004,0.141281,-0.04515759,0.28191869999999997,0.25954720000000003,-0.23890970000000003,0.2159489,0.228175,-0.25626079999999996,0.23663089999999998
845,17:16:56.236 PM,0.16349,0.03898375,0.2315279,0.1570326,0.06623028,0.22367729999999997,0.1465392,0.08310194,0.22175140000000002,0.161927,0.06996511,0.2700012,0.1364108,0.07114635,0.24372889999999997,0.1342626,0.05064891,0.24336710000000003,0.14017639999999998,0.03936796,0.2504442,0.1491522,0.06539239,0.284802,0.1254254,0.06801499,0.25133249999999996,0.12726010000000001,0.04404546,0.24811829999999999,0.1341787,0.03130589,0.2549541,0.1356068,0.05530296,0.29672540000000003,0.1153798,0.05937217,0.2646867,0.11974260000000002,0.03685019999999999,0.2590315,0.1275627,0.02434857,0.26507379999999997,0.1210665,0.04465993,0.3039865,0.1083641,0.05188380000000001,0.2776054,0.11176760000000002,0.03662847,0.2717745,0.1181424,0.02427574,0.2765619,0.14636570000000002,0.0431457,0.2785366,0.1530933,-0.02469194,0.26974990000000004,0.1599899,-0.002445534,0.24948589999999998,0.2501136,-0.2413409,0.2091578,0.1709445,-0.02605944,0.2536947,0.1449441,-0.04498933,0.2797458,0.2631138,-0.2318759,0.19613229999999998,0.2371134,-0.2508058,0.22218339999999998
846,17:16:56.267 PM,0.162422,0.03510334,0.2193862,0.1549364,0.06063719,0.20765619999999999,0.14360320000000001,0.07651673,0.2034309,0.1551224,0.07152574,0.2528054,0.1287179,0.06650142,0.22790320000000003,0.1326654,0.04632635,0.22637129999999997,0.141881,0.03665449,0.23219479999999998,0.1429911,0.06821667,0.2684591,0.1186823,0.06369014,0.23561999999999997,0.12255450000000001,0.03975312,0.2360299,0.13070589999999999,0.02896734,0.24463569999999998,0.1305329,0.05897124,0.2821248,0.1096039,0.05638124,0.250388,0.11583879999999999,0.03370769,0.2481053,0.1248021,0.02299984,0.2557812,0.11706960000000001,0.048384199999999995,0.2912938,0.1034376,0.05039637,0.2644709,0.1080751,0.03476985,0.2609273,0.1155818,0.02395315,0.267466,0.1420638,0.04512127,0.26570759999999993,0.1539541,-0.02239896,0.26549829999999996,0.15920770000000004,-0.00306806,0.24354,0.2547411,-0.2351556,0.1976886,0.17088129999999999,-0.02304557,0.24842899999999998,0.1471055,-0.04302802,0.2757865,0.266629,-0.2251644,0.1840098,0.24285320000000002,-0.2451468,0.2113674
847,17:16:56.295 PM,0.1613233,0.03300972,0.21040830000000002,0.1538797,0.05754881,0.1966878,0.14210150000000002,0.07284157,0.1915947,0.1508246,0.07202823,0.24092039999999998,0.12402939999999998,0.06426422,0.21715689999999999,0.1284171,0.04412006,0.21696010000000002,0.1378355,0.03478779,0.2230107,0.1391589,0.06962381,0.2570862,0.1143184,0.06158711,0.2253259,0.11903810000000001,0.03790401,0.2276026,0.127804,0.028277499999999997,0.23695259999999999,0.12733219999999998,0.06113021,0.2717655,0.10582449999999999,0.05522637,0.2408626,0.11280219999999999,0.03265767,0.24029499999999998,0.12232160000000002,0.02299418,0.24866100000000002,0.11445119999999999,0.05089442,0.28209850000000003,0.1001789,0.05022486,0.255537,0.1052854,0.03451882,0.2531741,0.1133146,0.02456595,0.26042960000000004,0.1389851,0.04635774,0.2562605,0.1530056,-0.02049549,0.2605481,0.15732929999999998,-0.002912596,0.2377042,0.2535056,-0.23239429999999997,0.1896932,0.16925199999999999,-0.02102683,0.2428259,0.1468092,-0.04115403,0.2711849,0.264727,-0.22233070000000002,0.17551370000000002,0.2422841,-0.24245789999999998,0.2038728
848,17:16:56.323 PM,0.15892679999999998,0.0323761,0.2026828,0.15120279999999997,0.05626543,0.188002,0.1393083,0.07123612,0.1822619,0.1454819,0.07215558,0.23210540000000002,0.1183079,0.06292655,0.2093134,0.12326969999999998,0.0429147,0.20934940000000002,0.1331398,0.03398915,0.2152933,0.1343374,0.06981812,0.24864499999999998,0.1090668,0.05974714,0.21781509999999998,0.1148394,0.03636403,0.2206962,0.12431279999999999,0.02762274,0.23022559999999997,0.12327719999999999,0.06133981,0.2639198,0.1013173,0.0533389,0.2338145,0.10931489999999999,0.03110297,0.23386669999999998,0.1195106,0.02234618,0.24243320000000004,0.11113859999999999,0.05091517,0.2749414,0.09618262,0.04886593,0.24882889999999996,0.1018672,0.03331481,0.2467784,0.1105237,0.02406074,0.254236,0.13521889999999998,0.04655226,0.2486502,0.152071,-0.01948315,0.2546236,0.1553632,-0.002484575,0.23138209999999998,0.2507335,-0.23128270000000004,0.1809435,0.1677271,-0.02001227,0.2363776,0.14628110000000002,-0.04013398,0.26550159999999995,0.2614565,-0.2212218,0.16638150000000002,0.24001050000000002,-0.2413435,0.1955055
849,17:16:56.354 PM,0.1557855,0.03217416,0.19643770000000002,0.1464625,0.05531006,0.1814852,0.1343304,0.06976698,0.1749798,0.1390245,0.07140382,0.22524960000000002,0.1122185,0.06027396,0.2028786,0.11850039999999999,0.04063924,0.2030815,0.12905419999999998,0.03256704,0.2090676,0.1282205,0.06857999,0.2419381,0.1031952,0.05658333,0.21160370000000003,0.11133430000000001,0.03386991,0.2138413,0.1218981,0.02596925,0.22293020000000002,0.1179266,0.05961557,0.25746779999999997,0.0961744,0.04989024,0.2277234,0.10559639999999999,0.02822201,0.22789339999999997,0.1164511,0.02029841,0.23645970000000002,0.10665830000000001,0.04855703,0.2687899,0.09154058,0.04525356,0.24290079999999997,0.09811772,0.03006776,0.2407899,0.1074403,0.02138688,0.24813139999999997,0.13075499999999998,0.04544134,0.242338,0.1517317,-0.01934545,0.2492739,0.15418339999999997,-0.002340972,0.2257219,0.2518547,-0.2313512,0.17821099999999998,0.1671905,-0.02003006,0.23086550000000003,0.1462852,-0.039861400000000005,0.2605759,0.2623074,-0.2214355,0.1633558,0.241402,-0.24126679999999998,0.1930662
850,17:16:56.381 PM,0.15170999999999998,0.03242166,0.1910208,0.14042520000000003,0.05472355,0.1761524,0.1274936,0.06840824,0.16951760000000002,0.1329121,0.07062612,0.21961129999999998,0.1064126,0.05780829,0.197783,0.11380430000000001,0.03856178,0.1978438,0.1249259,0.03112148,0.2036188,0.12259269999999999,0.06724982,0.2365027,0.09764589,0.05348305,0.20686190000000002,0.1084039,0.03176667,0.2078665,0.1202107,0.02474962,0.2161312,0.1131835,0.05776976,0.2522855,0.09152108,0.04656903,0.2229974,0.10228480000000001,0.02553366,0.2230558,0.1137753,0.0183367,0.23143229999999998,0.1028786,0.04608925,0.2638974,0.08743409,0.0418414,0.2383408,0.09482733,0.02706544,0.23602779999999998,0.10480350000000001,0.01889209,0.24308779999999997,0.1267093,0.04434259,0.23708089999999998,0.151812,-0.01898438,0.2444994,0.1530831,-0.0019067970000000002,0.2205346,0.2565449,-0.23054929999999998,0.17898150000000002,0.1670584,-0.01986933,0.2259232,0.1470388,-0.03925592,0.25652379999999997,0.2665547,-0.220856,0.1636812,0.24653520000000004,-0.2402426,0.1942818
851,17:16:56.414 PM,0.1472001,0.03251518,0.1851151,0.1342756,0.05383922,0.17014520000000002,0.12061010000000001,0.06670187,0.16333789999999998,0.1272174,0.06999655,0.21317110000000003,0.10114400000000001,0.05569179,0.1917567,0.10916880000000001,0.03670026,0.19164679999999998,0.1206424,0.02967887,0.197256,0.1172387,0.066303,0.2302004,0.09287643,0.05069868,0.2009868,0.1048509,0.02964027,0.202222,0.1170912,0.02336062,0.21044949999999998,0.1085028,0.05655007,0.2462031,0.08717524,0.04358827,0.2173996,0.09997802,0.02373599,0.2168287,0.112383,0.01768757,0.2247994,0.09896301,0.04448701,0.25807579999999997,0.08354037,0.03906037,0.2327299,0.09162396,0.02465273,0.2304009,0.1020864,0.01698516,0.2373239,0.1226404,0.04367338,0.231079,0.15106329999999998,-0.01818235,0.23942919999999998,0.1514394,-0.00127098,0.21498270000000003,0.26143829999999996,-0.2290765,0.1814539,0.1662876,-0.01933684,0.2208498,0.1468764,-0.03811728,0.252211,0.27114390000000005,-0.21968629999999997,0.16577329999999998,0.25173270000000003,-0.2384667,0.1971345
852,17:16:56.447 PM,0.1437047,0.03169502,0.1798089,0.1299113,0.05214395,0.1643977,0.11586469999999999,0.06439601,0.15724660000000001,0.1233568,0.06926624,0.20676950000000002,0.09742229,0.05414413,0.18575039999999998,0.105649,0.03523876,0.18576479999999998,0.1172218,0.02833103,0.19131120000000001,0.11350779999999999,0.06571777,0.2239053,0.08948223,0.04882936,0.1951282,0.1020076,0.02812351,0.1967949,0.11441789999999999,0.02222978,0.20505370000000003,0.10508319999999999,0.0561253,0.2401701,0.08394372,0.04191487,0.2118188,0.0976889,0.02270429,0.21117370000000002,0.1105029,0.01727186,0.21893939999999998,0.09592144,0.04409267,0.25236770000000003,0.08051257,0.03777282,0.2272201,0.08893199,0.02352105,0.2251331,0.09960882,0.01616307,0.2320651,0.11959089999999999,0.04329114,0.22536309999999998,0.1498602,-0.01745476,0.23550460000000004,0.1497205,-0.001169324,0.2103946,0.26536309999999996,-0.2280234,0.1870578,0.16518529999999998,-0.01905338,0.2170413,0.1460854,-0.036913,0.2491232,0.27491309999999997,-0.21909360000000003,0.1710168,0.2558132,-0.2369532,0.20309870000000002
853,17:16:56.478 PM,0.14082979999999998,0.03322043,0.17580389999999999,0.1259989,0.05318554,0.16072709999999998,0.1114643,0.0649478,0.1537318,0.12022089999999998,0.06989436,0.202854,0.09441217,0.05468248,0.1817463,0.1028218,0.03586681,0.1811694,0.11449469999999999,0.02885087,0.1863585,0.11052739999999998,0.06588601,0.21997670000000002,0.08682781,0.04873498,0.1910864,0.09978943,0.02826552,0.19226010000000002,0.1123743,0.022373900000000002,0.2002515,0.10246079999999999,0.05589221,0.2361808,0.08146771,0.04142885,0.20784989999999998,0.09611693,0.02294748,0.2063614,0.10934560000000002,0.01789404,0.21367399999999998,0.09373311,0.04346539,0.24830039999999998,0.07831372,0.03711541,0.22316770000000002,0.08708655,0.02312224,0.22080570000000002,0.09799939,0.01587392,0.22748070000000004,0.11736949999999999,0.04366873,0.2212561,0.1495771,-0.01618439,0.23102399999999998,0.1489623,0.0003694445,0.20590789999999998,0.27017179999999996,-0.22457339999999998,0.1857145,0.16506110000000002,-0.01763709,0.2126815,0.1461526,-0.03557059,0.2448355,0.27962600000000004,-0.2156067,0.1696375,0.2607175,-0.2335402,0.20179149999999998
854,17:16:56.511 PM,0.1383448,0.03446658,0.1725949,0.1226221,0.0539362,0.1577762,0.1076309,0.06523819,0.1509886,0.117875,0.07070057,0.1993738,0.09228081,0.05485521,0.17847179999999999,0.1010173,0.03619207,0.17780379999999998,0.1128604,0.02939315,0.1828953,0.1083856,0.06651534,0.2165683,0.08494146,0.0486895,0.1878787,0.09831903,0.0284832,0.18894029999999998,0.1110863,0.02287327,0.1968448,0.10065980000000001,0.05638234,0.2328518,0.07979643,0.04137741,0.20470729999999998,0.09481624,0.02321433,0.20300739999999998,0.1082297,0.01845734,0.210181,0.092306,0.04378854,0.2450623,0.07684555,0.03705896,0.22005389999999997,0.08588885,0.02325256,0.21761399999999997,0.09700727,0.01620688,0.22416550000000002,0.1157637,0.04447161,0.21787060000000003,0.1494,-0.01458959,0.2275562,0.14828570000000002,0.001890495,0.2024536,0.273609,-0.2204643,0.1805497,0.16474460000000002,-0.01568886,0.2090725,0.14647639999999998,-0.034077800000000005,0.2413393,0.28274309999999997,-0.2112699,0.1644164,0.2644749,-0.22965879999999997,0.1966831
855,17:16:56.546 PM,0.1351455,0.03591292,0.1710632,0.1187537,0.05535005,0.1569432,0.1033969,0.06644578,0.150651,0.1154979,0.07142369,0.1982604,0.09005743,0.05569063,0.17708770000000001,0.09872297,0.03702585,0.175816,0.11061189999999999,0.03014378,0.18068389999999998,0.1060933,0.06678195,0.2153842,0.08289283,0.04913364,0.1863884,0.09646514,0.02903824,0.1869741,0.10930899999999999,0.02338977,0.19472550000000002,0.09851456,0.05623211,0.23147070000000003,0.07789587,0.04141633,0.2030472,0.09313096,0.02347277,0.2009739,0.1066068,0.01880722,0.2080904,0.09032533,0.04329918,0.2434357,0.07498631,0.03676562,0.2183008,0.08420975,0.02312867,0.2155969,0.09542584,0.01612194,0.2220224,0.1137127,0.044797699999999996,0.2162163,0.1479876,-0.0141025,0.2246783,0.14665899999999998,0.002899811,0.19985770000000003,0.2738345,-0.21834520000000002,0.174985,0.1633562,-0.01482992,0.2061962,0.14520360000000002,-0.03379936,0.23819099999999999,0.28291079999999996,-0.2088605,0.1589876,0.26475820000000005,-0.2278299,0.1909824
856,17:16:56.579 PM,0.1333473,0.03723924,0.1723554,0.1163576,0.05658503,0.15882929999999998,0.1006911,0.06741382,0.15284289999999998,0.1136365,0.07163866,0.20029539999999998,0.08867908,0.05607502,0.17843399999999998,0.09764134,0.03760134,0.17656760000000002,0.109671,0.03092892,0.1813814,0.1042016,0.06626816,0.21718779999999996,0.08160487,0.04905047,0.1874655,0.09563101,0.02926086,0.1875866,0.1085363,0.02373897,0.1953272,0.09672438,0.05506428,0.23287460000000001,0.07666674,0.04068996,0.2038299,0.09233978,0.02317436,0.2013931,0.1058453,0.01869507,0.20857260000000002,0.08871859,0.04159538,0.2443627,0.07372023,0.03552364,0.21890860000000004,0.08326133,0.02217753,0.2158757,0.09457338,0.01525889,0.22222820000000001,0.112276,0.04443218,0.21739789999999998,0.147642,-0.014033700000000001,0.22438360000000002,0.146222,0.0037624390000000002,0.2000159,0.27645890000000006,-0.21551170000000003,0.1711461,0.1632122,-0.01413148,0.20605679999999998,0.1449535,-0.03408374,0.2373866,0.2855882,-0.2055356,0.1554813,0.2673296,-0.2254879,0.18681099999999998
857,17:16:56.611 PM,0.13248010000000002,0.03760548,0.1755174,0.1150846,0.05695777,0.16252629999999998,0.09917198,0.06759058,0.156845,0.11297239999999999,0.07113208,0.2042089,0.0883345,0.05608492,0.1816343,0.09749524,0.03776987,0.17924020000000002,0.10958210000000002,0.03116544,0.18400429999999998,0.10344089999999999,0.06512858,0.2208322,0.08119667,0.04877229,0.1903662,0.09544868,0.02914737,0.1900075,0.1083438,0.02356507,0.1977217,0.09594479,0.05335446,0.236087,0.07618910000000001,0.03982584,0.2064348,0.09206945,0.02256124,0.2035828,0.1055549,0.01802842,0.21076639999999996,0.08798542,0.0394427,0.247069,0.07318488,0.03415959,0.22132449999999998,0.08287507,0.02100758,0.21793629999999997,0.09419958,0.01399909,0.22416689999999997,0.1117615,0.04338743,0.2204367,0.1477363,-0.01488407,0.2260041,0.146331,0.003663242,0.20212,0.27950349999999996,-0.213734,0.170159,0.163569,-0.014403399999999998,0.20790970000000003,0.14508020000000002,-0.03524972,0.2385139,0.2887478,-0.20331079999999999,0.1548569,0.2702591,-0.2241571,0.18546110000000002
858,17:16:56.642 PM,0.1323505,0.03733225,0.1793326,0.1148097,0.0567428,0.16662729999999998,0.09877882,0.06727113,0.1610859,0.11280309999999999,0.07018332,0.20848760000000002,0.08839079,0.05562259,0.18535639999999998,0.09773751,0.03744949,0.1826243,0.1098471,0.03086792,0.18736229999999998,0.103164,0.06372838,0.2248778,0.08121214,0.04806654,0.1938407,0.09562703,0.02856915,0.193174,0.10849389999999999,0.02289973,0.2008716,0.09562149,0.05155198,0.23978979999999997,0.07617757,0.03875183,0.2096132,0.09186908,0.02130468,0.20682870000000003,0.10515739999999998,0.01646613,0.21417840000000002,0.08767447,0.03733136,0.2503777,0.07306926,0.03263824,0.2244086,0.08287792,0.01963462,0.22079629999999997,0.09419826,0.01252005,0.2269132,0.11166969999999998,0.04207043,0.22407399999999997,0.1480411,-0.0160455,0.22876910000000003,0.14674389999999998,0.003053725,0.2052054,0.28153320000000004,-0.2132721,0.1712931,0.1640828,-0.01518916,0.21087379999999997,0.14534860000000002,-0.03662449,0.24091679999999996,0.29090029999999995,-0.2025545,0.1562716,0.27216609999999997,-0.22398979999999996,0.1863145
859,17:16:56.674 PM,0.13249339999999998,0.03546311,0.18227320000000002,0.11496210000000001,0.05487899,0.1695629,0.0988118,0.06534775,0.1642606,0.11349749999999999,0.06881277,0.2113984,0.08874414,0.05403046,0.1887759,0.09802633,0.0357943,0.1862527,0.1101494,0.02919047,0.1909247,0.10404100000000001,0.06263106,0.22799879999999997,0.08154976,0.04675217,0.1974624,0.09579078,0.02712665,0.1968216,0.10871689999999999,0.02138616,0.2043658,0.09661081,0.05069332,0.24315789999999998,0.07665734,0.03779428,0.2133585,0.09183433,0.01985849,0.21084029999999998,0.10503230000000001,0.01474914,0.21816950000000002,0.08869645,0.03666525,0.2540234,0.07367759,0.03180228,0.2283229,0.0833346,0.01867677,0.22474339999999998,0.09468083,0.01153709,0.2307826,0.11234970000000001,0.04089244,0.2273258,0.14830970000000002,-0.01745446,0.23210770000000003,0.1468152,0.0013581370000000001,0.20841350000000003,0.2796872,-0.21570300000000003,0.1732922,0.1640424,-0.01677444,0.2139328,0.1457147,-0.03795934,0.2444011,0.28885109999999997,-0.2051105,0.1580581,0.27052329999999997,-0.22629539999999998,0.18852639999999998
860,17:16:56.702 PM,0.13332729999999998,0.03336824,0.1838884,0.1161583,0.05286215,0.1708086,0.1000538,0.06341149,0.16552679999999997,0.11478219999999999,0.06771617,0.21253060000000001,0.08964139,0.05273058,0.1904761,0.09869291,0.0343167,0.1884556,0.11071130000000001,0.02755578,0.1931731,0.105358,0.06212191,0.22935619999999998,0.08233488,0.04589187,0.1994062,0.09618851,0.02598275,0.1991239,0.10906489999999999,0.02012043,0.2066596,0.09783367,0.05069979,0.24486220000000003,0.07743635,0.03748502,0.2155047,0.09199774,0.01897903,0.2135417,0.1050351,0.01360245,0.22096620000000003,0.08974516,0.0370952,0.2561305,0.07443957,0.03186099,0.23067310000000002,0.08382501,0.01847278,0.2273538,0.09508594,0.01126672,0.23347329999999997,0.1132325,0.04021306,0.2291354,0.14814549999999999,-0.01864816,0.23489459999999998,0.1467425,-0.00043743849999999996,0.21088420000000002,0.27653590000000006,-0.21905239999999998,0.176792,0.163634,-0.01836763,0.2165006,0.1454961,-0.03896912,0.24747829999999998,0.28560490000000005,-0.2087516,0.1613031,0.267467,-0.2293531,0.1922808
861,17:16:56.738 PM,0.13450720000000002,0.03242423,0.1833464,0.11837650000000001,0.05228002,0.169511,0.10263989999999999,0.06330265,0.1640887,0.1167691,0.06831284,0.21138829999999997,0.09069078,0.05320953,0.1905355,0.09942318,0.03457399,0.18929179999999998,0.11140710000000001,0.02783288,0.194124,0.1075931,0.06368439,0.22863920000000001,0.08338945,0.04714291,0.1998114,0.09611531,0.02650185,0.2003856,0.108743,0.02025388,0.2080306,0.1000894,0.05312096,0.2447522,0.07872373,0.03951828,0.2162739,0.09164975,0.01976337,0.21525279999999997,0.1042537,0.01352289,0.2227498,0.09184289,0.04023634,0.25673,0.07586931,0.03435428,0.2318306,0.084687,0.020533700000000002,0.22873360000000004,0.09585989,0.013155799999999999,0.23480949999999998,0.11473130000000001,0.04152791,0.22907919999999998,0.1479868,-0.01811475,0.23618870000000003,0.1464084,-0.0009011924,0.21161929999999998,0.27228600000000003,-0.22180770000000002,0.18068320000000002,0.162971,-0.01858056,0.2173853,0.1454325,-0.03801823,0.24944149999999998,0.2810552,-0.21208890000000002,0.16465510000000003,0.26351679999999994,-0.2315266,0.19671129999999998
862,17:16:56.769 PM,0.135805,0.03283946,0.1837057,0.1198789,0.0527253,0.1696776,0.104152,0.06368987,0.1641114,0.11693989999999999,0.06839539,0.21180380000000001,0.09128121,0.05305736,0.1906046,0.10036139999999999,0.034577300000000005,0.1895458,0.11236480000000001,0.02798556,0.1945334,0.10761110000000002,0.06362806,0.2289346,0.08399267,0.04699089,0.1996796,0.09644229,0.02621044,0.2009265,0.1087768,0.01997505,0.20904629999999996,0.10001449999999999,0.05294363,0.24492379999999997,0.07913253,0.03919618,0.21615770000000004,0.09228656,0.01958518,0.2152866,0.10486199999999998,0.01353161,0.22298179999999998,0.09173945,0.03994797,0.2567612,0.07613502,0.03396584,0.2316525,0.08511182,0.02023439,0.2286166,0.09627951,0.01294959,0.2348132,0.1149208,0.04152744,0.2293705,0.148531,-0.01789738,0.2365875,0.14712679999999997,-0.000581339,0.2121036,0.2738716,-0.2209068,0.18092020000000003,0.16369589999999998,-0.01820027,0.21792620000000001,0.1459001,-0.03789544,0.24968200000000002,0.2827695,-0.21105929999999998,0.16504229999999998,0.26497370000000003,-0.2307544,0.1967981
863,17:16:56.802 PM,0.13596270000000002,0.03275435,0.1831926,0.12027470000000001,0.05276738,0.16907750000000002,0.1047144,0.06392105,0.163419,0.11673330000000001,0.06842755,0.21154179999999997,0.09110326,0.05279602,0.1905228,0.1001855,0.03431074,0.18957770000000002,0.11219349999999999,0.02772896,0.1945672,0.10748239999999998,0.06374408,0.22873800000000002,0.0837194,0.04695286,0.1996886,0.09623154,0.02620958,0.2009319,0.1086413,0.0201088,0.2090395,0.09992919,0.05313279,0.24479629999999997,0.07896173,0.03920393,0.2161799,0.09217194,0.01962365,0.2154831,0.1047757,0.01380758,0.2233145,0.09166243,0.04020394,0.2567124,0.07599154,0.034073400000000004,0.2316808,0.08493152,0.02031143,0.22867470000000004,0.09611239,0.01308507,0.23491579999999998,0.11469069999999999,0.04161038,0.2291833,0.14816279999999998,-0.017887200000000002,0.23626889999999998,0.1465972,-0.0006898046,0.21182820000000002,0.274625,-0.21963429999999998,0.1785827,0.163168,-0.01798376,0.21747660000000002,0.1458039,-0.03796536,0.24929250000000003,0.28330700000000003,-0.20964349999999998,0.16267479999999998,0.2659429,-0.22962510000000003,0.19449059999999999
864,17:16:56.835 PM,0.13579770000000002,0.03205813,0.18248620000000002,0.1202729,0.05199523,0.16808589999999998,0.1048652,0.06322767,0.1621715,0.1160298,0.06795241,0.2107179,0.0904931,0.05182214,0.1899639,0.09959386,0.03333761,0.189198,0.11163110000000001,0.02684419,0.1942326,0.10685599999999999,0.06343006,0.22799819999999998,0.08307,0.046185000000000004,0.199235,0.09568445,0.02551322,0.2006269,0.10816569999999999,0.019600700000000002,0.2087641,0.09938565,0.05297144,0.2441948,0.07842295,0.03857766,0.21580589999999997,0.09174499,0.01906581,0.2153641,0.1043944,0.01351063,0.22331030000000002,0.09118916,0.04015158,0.256276,0.07550407,0.03362511,0.23135370000000002,0.08447526,0.01985754,0.2284687,0.09570093,0.0127786,0.2347978,0.11410450000000001,0.04131435,0.2286417,0.1477622,-0.01800075,0.23608649999999998,0.14601489999999998,-0.001107529,0.21159360000000002,0.2751833,-0.21868249999999997,0.17681739999999999,0.16260020000000003,-0.01794486,0.21716190000000002,0.1456662,-0.03812482,0.2490842,0.28365029999999997,-0.20859250000000001,0.16085629999999998,0.2667163,-0.2287725,0.1927786
865,17:16:56.867 PM,0.13587950000000001,0.03199853,0.1817697,0.12042839999999999,0.05171596,0.16699270000000002,0.1051086,0.0628155,0.1606173,0.114758,0.06748737,0.209538,0.08986021,0.05089319999999999,0.1883777,0.09923196,0.03253986,0.1877373,0.11126010000000001,0.02614571,0.19291860000000002,0.1053694,0.06282772,0.2266656,0.08232833,0.04495086,0.197683,0.09610979,0.02500866,0.19854639999999998,0.10896800000000001,0.01963083,0.20646460000000003,0.09781488,0.052262800000000005,0.2427538,0.07763098,0.03741448,0.2140369,0.09138125,0.01819725,0.21395419999999998,0.1039912,0.01295877,0.22217350000000002,0.08965122,0.03931494,0.2547201,0.07450647,0.03247841,0.2295482,0.08380242,0.01888271,0.2268854,0.09504555,0.01203509,0.23343409999999998,0.11302169999999999,0.04085447,0.22748859999999999,0.1475836,-0.0178328,0.23554770000000003,0.14602120000000002,-0.0009908378,0.2111029,0.2778991,-0.2166718,0.17636329999999997,0.1626601,-0.01746948,0.21681599999999998,0.14553870000000002,-0.03808002,0.24836100000000003,0.2864598,-0.2063665,0.16059079999999998,0.2693383,-0.22697710000000001,0.1921358
866,17:16:56.897 PM,0.1363706,0.03288062,0.181481,0.1210698,0.05252875,0.1664572,0.105814,0.06347178,0.15967079999999997,0.1138517,0.06744216,0.20867929999999996,0.08959501,0.05118634,0.18653370000000002,0.09923665,0.0329781,0.1857665,0.111193,0.02656205,0.19108529999999999,0.1040243,0.0623769,0.2254422,0.08219858,0.04450567,0.195529,0.09647882,0.02493061,0.1966626,0.10921099999999999,0.01976795,0.20492070000000004,0.09619892,0.05146162,0.2411632,0.0769455,0.036494900000000004,0.21187379999999997,0.09252599,0.0187601,0.2106936,0.1057013,0.01428929,0.21847070000000005,0.08795302,0.038197,0.2527196,0.07365128,0.03149433,0.2270234,0.08338138,0.01815636,0.22461839999999997,0.09455646,0.01144139,0.2314163,0.1121501,0.04057477,0.2262806,0.1476527,-0.01748879,0.23488670000000003,0.14661770000000002,-0.0003232956,0.21053429999999998,0.2808887,-0.21534009999999998,0.1789769,0.1633651,-0.016934599999999998,0.2166896,0.145264,-0.03782812,0.24749279999999999,0.2899392,-0.20489339999999998,0.16357539999999998,0.27183820000000003,-0.2257869,0.1943785
867,17:16:56.926 PM,0.13569979999999998,0.03421257,0.1815725,0.1202761,0.05384864,0.1666612,0.1050164,0.06477322,0.15985660000000002,0.11242629999999999,0.06805815,0.20872729999999998,0.08814076,0.05176194,0.1866513,0.09788259,0.0336232,0.1855696,0.1099353,0.02723117,0.1906941,0.1027607,0.06278451,0.2255169,0.08134169,0.04432584,0.19567479999999998,0.09605911,0.02507876,0.1968228,0.10891089999999999,0.02045603,0.2052101,0.09519911,0.05170025,0.2412453,0.07622749,0.03621404,0.21204829999999997,0.09248926,0.01913856,0.2105127,0.1059055,0.01528399,0.2182006,0.08724333,0.0382673,0.2528068,0.07299168,0.03132017,0.22715239999999998,0.08313638,0.01825108,0.2250007,0.09444512,0.01194465,0.2319643,0.111285,0.04113252,0.2262808,0.1476679,-0.01645851,0.2349255,0.14642550000000001,0.0008969456,0.21032129999999996,0.28030479999999997,-0.2164125,0.1854595,0.163518,-0.01647919,0.21684,0.1450816,-0.03643323,0.2480644,0.289523,-0.2064355,0.16984739999999998,0.2710866,-0.2263895,0.20107170000000002
868,17:16:56.954 PM,0.1357631,0.0355327,0.18320379999999997,0.1204474,0.0549794,0.16793550000000002,0.105297,0.06582882,0.16077339999999998,0.1112927,0.06909342,0.2099468,0.08761281,0.0519131,0.1878763,0.0975768,0.03388445,0.1870009,0.10970610000000001,0.02779947,0.19231700000000002,0.1016112,0.06381519,0.22672840000000002,0.08119425,0.04409371,0.19698510000000002,0.096361,0.02523406,0.198614,0.1092229,0.02112265,0.20725239999999998,0.09412976,0.05275087,0.2425121,0.07598607,0.03629632,0.21331309999999998,0.09269658,0.01961951,0.21230300000000002,0.106093,0.01623558,0.2202462,0.08631474,0.03929578,0.2541469,0.07260271,0.03154857,0.22842379999999998,0.0831112,0.01870896,0.22667359999999998,0.09446007,0.01291057,0.23400589999999996,0.11046569999999999,0.04230602,0.2277313,0.147472,-0.01478536,0.2372348,0.1463201,0.002486393,0.21232510000000002,0.27844759999999996,-0.2171448,0.193443,0.1635132,-0.01535815,0.21932770000000001,0.1445285,-0.03444852,0.2507627,0.28794000000000003,-0.20759960000000002,0.17772539999999998,0.2689553,-0.22669,0.2091605
869,17:16:56.983 PM,0.13820929999999998,0.03710379,0.1879931,0.12358410000000002,0.05671842,0.172269,0.10874160000000002,0.0676183,0.16455920000000002,0.11223599999999999,0.07027127,0.2142226,0.08995713,0.05292933,0.1908548,0.09998968,0.03492795,0.19023310000000002,0.1118261,0.02863555,0.19595320000000002,0.1018102,0.064725,0.2304643,0.08296437,0.04524015,0.1995484,0.0981447,0.02644159,0.20168229999999998,0.1106256,0.02200474,0.2107104,0.09364127,0.05341186,0.24572310000000003,0.07718649,0.03739782,0.2153014,0.09254622,0.01947142,0.21641079999999996,0.10482580000000001,0.01515959,0.2256145,0.08533416,0.03977002,0.2567868,0.07299974,0.03217809,0.23032870000000003,0.08368092,0.0194314,0.2289915,0.09468868,0.01364119,0.23683339999999997,0.11065989999999999,0.04321761,0.2315492,0.14721389999999998,-0.01403859,0.24207039999999996,0.147274,0.003693521,0.2172032,0.2782603,-0.2179455,0.206404,0.1642305,-0.01485218,0.2250971,0.1433019,-0.0336157,0.2554771,0.28872459999999994,-0.2085638,0.19121400000000002,0.267796,-0.22732729999999998,0.221594
870,17:16:57.014 PM,0.14194949999999998,0.04268371,0.1992924,0.127754,0.06317081,0.18430529999999998,0.1131981,0.07423876,0.1762947,0.11324080000000002,0.07221638,0.22700399999999998,0.09386551,0.05726717,0.19972789999999999,0.1043058,0.0396267,0.1975277,0.115775,0.03277032,0.2033448,0.10159689999999999,0.06444399,0.2413971,0.08623345,0.0485924,0.20671479999999998,0.1017492,0.029975400000000003,0.2076962,0.11357939999999998,0.02451472,0.2170317,0.09253789,0.051138300000000005,0.25437170000000003,0.07947943,0.03864743,0.22081950000000003,0.09508871,0.02091254,0.22118520000000003,0.1065924,0.0155376,0.2308161,0.08383239,0.03601827,0.262917,0.07415161,0.03147502,0.23471710000000004,0.08538292,0.01928674,0.23281210000000002,0.09588094,0.01283871,0.2408361,0.1112251,0.04325454,0.2408437,0.1487538,-0.01393059,0.24876620000000002,0.1506834,0.006910414,0.22566329999999998,0.2837259,-0.2159674,0.21737960000000003,0.1677338,-0.01381071,0.23399970000000003,0.143271,-0.03425414,0.260394,0.2959574,-0.2057456,0.20418250000000002,0.2714945,-0.2261891,0.23057670000000002
871,17:16:57.042 PM,0.14479820000000002,0.04483323,0.21314699999999998,0.1326123,0.06708024,0.19891910000000002,0.1192444,0.079502,0.1908234,0.1133859,0.07165472,0.2425513,0.09333486,0.06087311,0.2138342,0.1029317,0.04331626,0.2088634,0.11405410000000002,0.03477551,0.212829,0.10141410000000001,0.06265892,0.2559291,0.08527648,0.05236138,0.21954369999999998,0.09878182,0.03234367,0.2172623,0.11008810000000001,0.02403454,0.22501,0.09212057,0.04828145,0.2675235,0.07821941,0.04048656,0.2329047,0.09328342,0.02258666,0.229591,0.10510810000000001,0.01519032,0.23730059999999997,0.08332409,0.03245543,0.2745689,0.07315718,0.03160833,0.24618579999999998,0.08388288,0.01953806,0.24199120000000002,0.09452789,0.01147564,0.2481422,0.11126130000000001,0.04165451,0.2539536,0.1492206,-0.01567246,0.25876129999999997,0.1514895,0.006948009000000001,0.2370525,0.290072,-0.21343649999999997,0.2260143,0.1689481,-0.014528,0.2450562,0.1435783,-0.03659332,0.2691916,0.3027568,-0.20240379999999997,0.2139466,0.27738709999999994,-0.2244692,0.2380821
872,17:16:57.073 PM,0.1464856,0.04431759,0.2326322,0.1386921,0.06838877,0.21829389999999999,0.1275624,0.08240201,0.2094518,0.11010460000000001,0.06886594,0.26185460000000005,0.08540749,0.06931414,0.2349326,0.08776936,0.053305099999999994,0.2223728,0.09548668,0.04140206,0.21961170000000002,0.09781472,0.05909126,0.2743503,0.07655256,0.06062077,0.23930820000000003,0.0844845,0.04131792,0.227266,0.09458759,0.02909972,0.228448,0.08838155,0.04406865,0.28495190000000004,0.06883523,0.04520448,0.252334,0.08055814,0.02836452,0.24078000000000002,0.09229996,0.01777227,0.24121030000000002,0.07965262,0.02780192,0.29097449999999997,0.06517769,0.03273357,0.2650241,0.07478631,0.02241339,0.2561713,0.08615164,0.01316074,0.2565827,0.10816500000000001,0.03838609,0.27190749999999997,0.1471172,-0.01832806,0.27591259999999995,0.1497249,0.0052018459999999996,0.2552274,0.29408249999999997,-0.21128470000000002,0.2414132,0.1673551,-0.01617539,0.2631034,0.14157579999999997,-0.03977638,0.2852719,0.30697209999999997,-0.1994842,0.230329,0.28119279999999996,-0.22308520000000004,0.2524975
873,17:16:57.103 PM,0.1525831,0.04963838,0.255386,0.1450037,0.07492714,0.24318389999999998,0.13331279999999998,0.08868362,0.23466199999999998,0.10954100000000001,0.06717859,0.28430279999999997,0.08395372,0.08805366,0.26846220000000004,0.0736571,0.08938433,0.2506993,0.07204966,0.08319739999999999,0.23762429999999998,0.09652807,0.05470748,0.293153,0.06866254,0.07656436,0.27231479999999997,0.06132887,0.07689683,0.24924839999999998,0.06298117,0.07070456,0.2345908,0.0869967,0.03756322,0.2996891,0.05854322,0.05381493,0.28026599999999996,0.0561054,0.05133553,0.2569294,0.06067364,0.04564445,0.2427882,0.07885473,0.02003221,0.3016472,0.05586075,0.03251581,0.2866692,0.05785271,0.03191106,0.2701353,0.06583545,0.02803074,0.25844090000000003,0.10869960000000001,0.03534268,0.2888048,0.1503725,-0.01971568,0.28933390000000003,0.154559,0.007913455,0.272897,0.2965939,-0.2137342,0.25773809999999997,0.1725141,-0.01703247,0.2803418,0.142853,-0.04180074,0.2951665,0.3114244,-0.2013501,0.2503258,0.2817633,-0.22611839999999997,0.2651505
874,17:16:57.134 PM,0.1543273,0.05150388,0.27925720000000004,0.1467361,0.07851781,0.27162990000000004,0.1331058,0.09187706,0.2657857,0.11007839999999999,0.06280454,0.31371129999999997,0.09025116,0.09140830000000001,0.3246865,0.07716879,0.10714549999999999,0.32485990000000003,0.06813913,0.1140182,0.3159688,0.09739839,0.04873206,0.3203739,0.06873564,0.07618488,0.33043049999999996,0.05089245,0.09202919999999999,0.32688740000000005,0.04161201,0.09912382,0.31600809999999996,0.08811396,0.03056456,0.3237204,0.05782421,0.05156855,0.33280970000000004,0.038743,0.06477238,0.329334,0.03170725,0.0696183,0.31605300000000003,0.08005171,0.01293497,0.3224573,0.05245367,0.02304544,0.3287467,0.038,0.02995123,0.32467779999999996,0.03052682,0.03552754,0.3134794,0.10940530000000001,0.03070797,0.31184609999999996,0.1507618,-0.02370714,0.3012311,0.1546553,0.007324785,0.2891973,0.28776690000000005,-0.2221384,0.25794670000000003,0.1734085,-0.02149724,0.2934494,0.14181570000000002,-0.04576017,0.30468449999999997,0.3035633,-0.21000700000000003,0.2523292,0.2719705,-0.2342699,0.26356430000000003
875,17:16:57.164 PM,0.1575683,0.04442276,0.3028421,0.1532871,0.07310869,0.3006788,0.13971589999999998,0.08765875,0.29904440000000004,0.1164336,0.05236457,0.3454481,0.10904649999999999,0.07628410000000001,0.3722143,0.1011382,0.09231506,0.38248990000000005,0.09223145,0.10380610000000001,0.3814646,0.10372910000000002,0.03808837,0.35161279999999995,0.08546548,0.05962093,0.3815025,0.07065177,0.07563631,0.392108,0.05935777,0.08670999,0.3895028,0.09356824,0.02016525,0.3533564,0.07232739,0.03603248,0.38073709999999994,0.05549188,0.04922785,0.39077990000000007,0.04381205,0.0590017,0.3860807,0.08399947,0.003498003,0.3505052,0.06212071,0.007431954,0.3708926,0.04763216,0.01248434,0.3774445,0.03541968,0.01990624,0.373985,0.11289149999999999,0.02115496,0.3385216,0.14848499999999998,-0.03295615,0.3141183,0.1524002,-0.00048725309999999997,0.30566950000000004,0.28021009999999996,-0.2297853,0.2514215,0.1708416,-0.03052805,0.3055974,0.1393009,-0.05506717,0.3163694,0.2959805,-0.21751579999999998,0.2460355,0.2644397,-0.2420549,0.2568074
876,17:16:57.196 PM,0.1641781,0.03499158,0.3253888,0.1647203,0.06364201,0.3302426,0.15520899999999999,0.08065544,0.33445240000000004,0.1301292,0.03802715,0.3747905,0.13078910000000002,0.05574428,0.4068367,0.1267395,0.06985678,0.4213019,0.12081760000000001,0.08169688,0.4273545,0.1169234,0.02398209,0.3803955,0.10904769999999998,0.03890137,0.41787559999999996,0.09900371,0.05370586,0.4342495,0.0899051,0.06581132,0.43946270000000004,0.10500819999999998,0.007094204000000001,0.3805666,0.09345736,0.01794748,0.4152163,0.0808928,0.03121661,0.43019350000000006,0.07042887,0.04286225,0.4331084,0.09306761,-0.00765577,0.3764429,0.07859494,-0.007790416,0.4028991,0.06688444,-0.002756193,0.41365859999999993,0.05534538,0.00574705,0.4168773,0.1215617,0.009450704,0.36282459999999994,0.14722520000000003,-0.04124641,0.32363559999999997,0.15199029999999997,-0.008217975,0.3195972,0.28051529999999997,-0.22690929999999998,0.23544970000000004,0.1691841,-0.03736871,0.3146297,0.1385953,-0.06369041,0.3238229,0.2958097,-0.2137484,0.2308531,0.26522090000000004,-0.2400701,0.24004629999999996
877,17:16:57.229 PM,0.1638084,0.02700527,0.35344899999999996,0.1629119,0.05310653,0.3661917,0.1559056,0.06924643,0.375594,0.14007429999999998,0.01942457,0.4036462,0.1421875,0.03121145,0.4382794,0.13866629999999996,0.04296972,0.4548432,0.13413570000000002,0.05308707,0.46430109999999997,0.12615330000000002,0.005428031,0.4073138,0.1214117,0.01668017,0.4465727,0.1140067,0.02997573,0.465459,0.10743779999999999,0.04104368,0.4750113,0.1126941,-0.01008078,0.4049178,0.1028779,9.991229e-05,0.440309,0.09182344,0.01479466,0.4551487,0.08340845,0.02657698,0.46180920000000003,0.09899997,-0.02246904,0.398886,0.08571886,-0.02168517,0.42595420000000006,0.07525901,-0.01346651,0.4360169,0.06581593,-0.0036434379999999997,0.44153409999999993,0.127578,-0.004658327,0.3863942,0.1453025,-0.04663594,0.33484240000000004,0.1517115,-0.01336665,0.3369268,0.27464859999999996,-0.2244562,0.2268581,0.16752,-0.04239172,0.3266768,0.13601960000000002,-0.06866219,0.33220959999999994,0.29039879999999996,-0.211321,0.2240917,0.2588984,-0.23759149999999998,0.22962449999999998
878,17:16:57.260 PM,0.1611031,0.01749475,0.3752974,0.1574231,0.04003562,0.3933119,0.14986300000000002,0.05366813,0.40578709999999996,0.1432749,0.001514092,0.42238000000000003,0.14216289999999998,0.01151019,0.4576219,0.1372256,0.02194862,0.47470329999999994,0.1318812,0.03116645,0.4846474,0.1291885,-0.01269464,0.4240934,0.1225387,-0.0027040540000000004,0.4634192,0.1145605,0.009700432,0.4826772,0.10765710000000002,0.02053912,0.49225969999999997,0.11530889999999999,-0.02733415,0.4195543,0.1037979,-0.01716165,0.45443409999999995,0.09278828,-0.00292705,0.4697492999999999,0.08464623,0.008563860999999999,0.47721090000000005,0.1011309,-0.03825723,0.4119916,0.08731407,-0.03555065,0.4386665,0.07765514,-0.02591112,0.448266,0.06927805,-0.01518077,0.4538231,0.12962490000000002,-0.01897348,0.40167620000000004,0.14484370000000002,-0.05194525,0.3433178,0.1517404,-0.01923706,0.35049309999999995,0.2718523,-0.21906910000000002,0.2169703,0.1672352,-0.04727391,0.335895,0.135153,-0.07332899,0.3381059,0.2878934,-0.20604160000000002,0.2158649,0.2558112,-0.23209670000000002,0.2180758
879,17:16:57.293 PM,0.1598808,0.004825100000000001,0.3937796,0.15313110000000002,0.02431212,0.414286,0.14347390000000002,0.03572346,0.4275161,0.14316199999999998,-0.01479168,0.43645790000000007,0.1381963,-0.005476847,0.4715514,0.13195929999999997,0.004532635,0.4884627,0.12578720000000002,0.01397181,0.49769350000000007,0.12809489999999998,-0.02805433,0.43593919999999997,0.11751869999999999,-0.01750103,0.4742431,0.10830419999999999,-0.004724294,0.49268829999999997,0.101088,0.006669849,0.5013514,0.1135131,-0.04105785,0.4291747,0.09914486,-0.03009884,0.46273000000000003,0.08797664,-0.01594247,0.4780026,0.08009581,-0.003913179,0.4848723,0.09902994,-0.05001812,0.4198257000000001,0.08382961,-0.04444842,0.4452742,0.07492688,-0.0336768,0.4543879,0.06778164,-0.02175172,0.45917420000000003,0.1292159,-0.03179513,0.4129875,0.145373,-0.05906045,0.3520663,0.1537572,-0.02790505,0.3630775,0.2735184,-0.2179762,0.21661799999999998,0.1684086,-0.05476343,0.3466613,0.1351521,-0.07924906,0.3439264,0.2901466,-0.20573339999999998,0.21798539999999997,0.2568902,-0.23021910000000004,0.2152505
880,17:16:57.326 PM,0.1616061,-0.001948968,0.4036577,0.1536489,0.01633181,0.424832,0.14270239999999998,0.02669357,0.43792159999999997,0.1460366,-0.023057400000000002,0.44457470000000004,0.1407126,-0.01450227,0.47980920000000005,0.1348686,-0.005238116,0.4972751,0.1288143,0.004306048,0.5064755999999999,0.1305212,-0.0357229,0.4431348,0.11894210000000001,-0.02548636,0.4812345,0.10975019999999999,-0.01329759,0.5000827,0.1026675,-0.001813591,0.5087367,0.11561510000000001,-0.04783548,0.435479,0.1005879,-0.0375703,0.4689642,0.08959393,-0.02441315,0.48521970000000003,0.08194289,-0.0123809,0.49233459999999996,0.1009985,-0.05578698,0.4254482,0.08545551,-0.05004241,0.4506492,0.07671853,-0.03992641,0.4606255999999999,0.06990161,-0.02806252,0.4659939,0.1319326,-0.03835149,0.42004480000000005,0.14841429999999997,-0.06279971,0.3580256,0.1575144,-0.032867,0.3708113,0.27848829999999997,-0.21206309999999998,0.21372649999999999,0.17158929999999997,-0.0582906,0.35345429999999994,0.1382467,-0.08223516,0.348167,0.29515949999999996,-0.2000909,0.2163702,0.261817,-0.22403539999999997,0.21108289999999996
881,17:16:57.362 PM,0.1632394,-0.003580913,0.4082438,0.15815079999999998,0.01483746,0.4301683,0.1487187,0.02525835,0.44434399999999996,0.1501711,-0.02533156,0.4498073,0.14641629999999997,-0.01654604,0.485187,0.1413595,-0.007512881999999999,0.5030170999999999,0.13550929999999997,0.001890525,0.5124913,0.1350568,-0.03853564,0.4491626,0.12559389999999998,-0.02862738,0.4879274,0.11742960000000001,-0.01716526,0.5076842,0.1105951,-0.006025344,0.5169654,0.1201736,-0.05113129,0.4422816,0.10719000000000001,-0.04196335,0.47692049999999997,0.09707476,-0.0301002,0.49467749999999994,0.08955123,-0.01877236,0.5029887,0.10529549999999999,-0.05954514,0.43304449999999994,0.09134597,-0.05557074,0.45948829999999996,0.08286045,-0.04778828,0.4715594,0.07563572,-0.03736301,0.47899259999999994,0.1352308,-0.04098532,0.42601059999999996,0.1487436,-0.06467143,0.36295459999999996,0.1577296,-0.03431943,0.3754361,0.27024899999999996,-0.2125504,0.21001929999999996,0.1714651,-0.05985257,0.3567243,0.1381727,-0.08427818,0.3538913,0.2868952,-0.2003376,0.2114357,0.25360279999999996,-0.2247632,0.20860279999999998
882,17:16:57.392 PM,0.16333440000000002,-0.004040688,0.4077927,0.1598994,0.01465419,0.42980730000000006,0.1513672,0.02522959,0.4444334,0.15067650000000002,-0.02547035,0.4498781,0.14714570000000002,-0.01600957,0.48510690000000006,0.1421033,-0.00679794,0.5028498,0.13618770000000002,0.002517641,0.5123699,0.13595439999999998,-0.03912583,0.4497508,0.1273509,-0.02882768,0.48861499999999997,0.1194923,-0.01734056,0.5084814000000001,0.11272460000000001,-0.006451994,0.5181039000000001,0.12128620000000001,-0.05223146,0.4433776,0.1092827,-0.04310276,0.4783795,0.09949557,-0.03142549,0.49644160000000004,0.09199299999999999,-0.02041137,0.5051829000000001,0.1064373,-0.06118175,0.4346085,0.09343629,-0.05815111,0.46165559999999994,0.08520474,-0.05141844,0.47451170000000004,0.07783228,-0.04182479,0.48286660000000003,0.1356128,-0.04181094,0.4266264,0.1478401,-0.06617565,0.36353040000000003,0.1566072,-0.03500508,0.3754261,0.26047170000000003,-0.22135229999999997,0.21101430000000002,0.17029779999999997,-0.06188846,0.35607459999999996,0.1366455,-0.08598052,0.35573459999999996,0.27729790000000004,-0.2093063,0.2111843,0.24364560000000002,-0.23339829999999998,0.2108442
883,17:16:57.422 PM,0.16490020000000002,-0.004491255,0.4056842,0.1628201,0.01441221,0.4276885,0.1551271,0.02529319,0.442553,0.1505764,-0.02519482,0.44800070000000003,0.1467876,-0.01575461,0.48320810000000003,0.1417457,-0.006816193000000001,0.5010901,0.1359055,0.002180651,0.5109567,0.13597320000000002,-0.03897753,0.448008,0.1269633,-0.02813369,0.48663059999999997,0.1187219,-0.01617488,0.5060585,0.11177519999999999,-0.005199105,0.5154515000000001,0.12142,-0.05227189,0.4417642,0.10923310000000001,-0.04279664,0.4766102,0.09923034,-0.03079343,0.49433720000000003,0.09161744,-0.01976992,0.5029705,0.10665050000000001,-0.06143667,0.4330835,0.09357746,-0.05873789,0.46013059999999995,0.08521693,-0.05211055,0.4729575,0.07768507,-0.042690399999999996,0.48136670000000004,0.13565829999999998,-0.04189473,0.4249115,0.1478303,-0.06704551,0.3620922,0.1566005,-0.03541601,0.3736477,0.2545876,-0.2291728,0.2126315,0.170267,-0.06350253,0.354196,0.1360694,-0.08680122,0.35504240000000004,0.2716864,-0.2175235,0.21220820000000004,0.2374888,-0.24082220000000001,0.2130547
884,17:16:57.455 PM,0.16645279999999998,-0.003440022,0.4031827,0.1648363,0.01543243,0.42525290000000004,0.1576467,0.02648301,0.44024399999999997,0.1501819,-0.02363981,0.44543359999999993,0.1458319,-0.01453191,0.48066359999999997,0.14059549999999998,-0.005940631,0.4986596,0.13475220000000002,0.002685085,0.5088507000000001,0.1356496,-0.03749676,0.4453195,0.1258532,-0.02663383,0.48374480000000003,0.1171539,-0.01466751,0.5029674,0.1099654,-0.003750801,0.5122466,0.121243,-0.05089228,0.4389535,0.1084306,-0.04152912,0.47360470000000005,0.09808213,-0.02969225,0.491245,0.0902828,-0.01889387,0.49999560000000004,0.1066296,-0.06017004,0.43012970000000006,0.09303351,-0.05786338,0.45695420000000003,0.08435102,-0.05138551,0.46964279999999997,0.07654514,-0.04222795,0.478092,0.1356381,-0.04051587,0.422234,0.14851979999999998,-0.06620078,0.3597818,0.1571862,-0.03415304,0.3712074,0.2525985,-0.23526729999999998,0.21623620000000002,0.1710874,-0.06341408,0.35195570000000004,0.1363601,-0.08589412,0.3532533,0.2699621,-0.22402729999999996,0.21558739999999998,0.2352348,-0.24650729999999998,0.216885
885,17:16:57.484 PM,0.16632260000000001,-0.001998976,0.40140040000000005,0.16442400000000001,0.01697095,0.42336419999999997,0.15719260000000002,0.02808978,0.4382848,0.149523,-0.02160865,0.44385810000000003,0.1449628,-0.01214698,0.47896809999999995,0.1395347,-0.003340393,0.4968025,0.13359690000000002,0.00532876,0.5069017,0.1350944,-0.03557411,0.44388990000000006,0.12499080000000001,-0.02410196,0.48205790000000004,0.1159786,-0.01164235,0.5008173,0.10859819999999999,-0.0004880726,0.5096527,0.1207989,-0.049153800000000004,0.4376649,0.1076267,-0.03921171,0.4720187,0.09694324,-0.02680549,0.48905770000000004,0.08895458,-0.01569402,0.49722609999999995,0.1062704,-0.05864775,0.42893149999999997,0.09243651,-0.05604172,0.4556067,0.08356308,-0.04912025,0.4679236,0.07564025,-0.03968924,0.4759527,0.1351453,-0.03887564,0.42084309999999997,0.1482218,-0.06537145,0.35877309999999996,0.15673370000000003,-0.03297727,0.3697777,0.251126,-0.23828320000000003,0.2190078,0.1707922,-0.06289282,0.350852,0.1359418,-0.08514126,0.3527177,0.2685512,-0.2271589,0.2180749,0.2337008,-0.2494074,0.21994070000000002
886,17:16:57.518 PM,0.1663314,-0.0005716234,0.3999835,0.1640926,0.01854278,0.42178950000000004,0.1566069,0.02969562,0.4365585,0.149372,-0.01935653,0.44275329999999996,0.14495360000000002,-0.009362236,0.4777335999999999,0.1395161,-0.0001702607,0.4953694,0.13357249999999998,0.008729786,0.5052622999999999,0.13490629999999998,-0.03328019,0.44305320000000004,0.1249329,-0.02097733,0.4809959,0.115904,-0.007891506,0.4993157999999999,0.1085264,0.003599882,0.5077106,0.1205501,-0.04691343,0.4370905,0.10738769999999999,-0.03600617,0.471154,0.09664236,-0.02278993,0.48753230000000003,0.08866243,-0.01122326,0.4950516,0.10596199999999999,-0.05649883,0.42855870000000007,0.09222179,-0.05311967,0.4551954000000001,0.08339948,-0.045506300000000006,0.4671349,0.07559507,-0.035586,0.47467550000000003,0.1348581,-0.03693122,0.42005909999999996,0.1475645,-0.06447357,0.3583723,0.15626210000000001,-0.03186785,0.3688269,0.24810610000000002,-0.24131439999999998,0.22184179999999998,0.1701177,-0.06238314,0.3502918,0.1350655,-0.08424808,0.3527998,0.2656322,-0.2303819,0.22058779999999997,0.23058,-0.2522469,0.2230958
887,17:16:57.552 PM,0.16692390000000001,0.001393586,0.39764099999999997,0.1647175,0.02063213,0.41934090000000007,0.157166,0.031754000000000004,0.43409970000000003,0.15055629999999998,-0.01694646,0.4409084,0.1465579,-0.006438792,0.47578859999999995,0.14108339999999997,0.003245085,0.49314769999999997,0.13502329999999998,0.01246522,0.5026697,0.1361799,-0.03094822,0.4416068,0.12703019999999998,-0.01860084,0.47974209999999995,0.1183969,-0.005585968,0.49830169999999996,0.11114919999999999,0.0058926790000000005,0.5068261,0.1218048,-0.04472762,0.4360388,0.10938389999999999,-0.03372701,0.4703498,0.09900558,-0.02064572,0.4870695,0.09114721,-0.009137079000000001,0.494803,0.1071302,-0.054488999999999996,0.4278622,0.09401748,-0.05087963,0.45478359999999995,0.08546124,-0.04328035,0.4669241,0.07778737,-0.03336965,0.47461000000000003,0.1357616,-0.03485136,0.418658,0.14762139999999999,-0.06300126,0.3570864,0.1562599,-0.03022809,0.36701540000000005,0.24778960000000003,-0.2407821,0.221505,0.1700468,-0.06083373,0.3486772,0.1352129,-0.08294687,0.3519375,0.2652065,-0.2297255,0.2198748,0.23037270000000004,-0.2518387,0.22313520000000003
888,17:16:57.587 PM,0.16779639999999998,0.003485203,0.393525,0.16575479999999998,0.02314077,0.41486419999999996,0.1582902,0.03452943,0.4294629,0.1514625,-0.01403196,0.43736369999999997,0.1475372,-0.002695426,0.4719917,0.1418973,0.007598132,0.48894220000000005,0.13565929999999998,0.01720403,0.49795439999999996,0.1371185,-0.02804312,0.4384383,0.12835439999999998,-0.01524861,0.47651679999999996,0.1198375,-0.0019310710000000001,0.4949148,0.1125945,0.009745538,0.50317,0.12272960000000001,-0.04195338,0.43324359999999995,0.1107171,-0.03068075,0.46761179999999997,0.10052710000000001,-0.01752608,0.4843897,0.09270768,-0.005899221,0.49198450000000005,0.1080145,-0.05189748,0.4253653,0.0951544,-0.04804476,0.4523747,0.08669791,-0.04046533,0.4645973,0.07905036,-0.03048874,0.47222390000000003,0.1365404,-0.03239088,0.41557299999999997,0.148054,-0.06166701,0.35446459999999996,0.1566527,-0.02873249,0.3637017,0.2486734,-0.2410025,0.22128620000000002,0.1704191,-0.05949169,0.3458982,0.1357509,-0.08177588,0.3497131,0.2660075,-0.2298604,0.2193788,0.2313393,-0.2521446,0.22319360000000002
889,17:16:57.619 PM,0.16827089999999997,0.00553745,0.3910616,0.1661211,0.02533175,0.4122616,0.1587237,0.03691556,0.42674049999999997,0.1515322,-0.01174307,0.4349088,0.14711770000000002,6.219745e-05,0.46932070000000004,0.1412424,0.01062897,0.48602120000000004,0.1348964,0.02040081,0.49477600000000005,0.13707850000000002,-0.02564484,0.4359338,0.1279017,-0.01238945,0.47375649999999997,0.11915610000000001,0.0013196920000000001,0.491755,0.1118409,0.01321521,0.4996249,0.12262870000000001,-0.03947289,0.43068900000000004,0.11014890000000001,-0.02765986,0.4647071,0.09969531,-0.01395626,0.48087159999999995,0.09180862,-0.0020201060000000002,0.4878948,0.10790230000000002,-0.0493443,0.422741,0.09462588,-0.04496005,0.4494661,0.08602507,-0.03695628,0.4613111,0.07836744,-0.02668884,0.4685303,0.1366437,-0.03008853,0.4130838,0.148428,-0.05977848,0.3522425,0.1571787,-0.02680393,0.3613533,0.2489353,-0.24159539999999996,0.2223864,0.1709123,-0.05791077,0.3439193,0.1359944,-0.07982789,0.3475801,0.2663942,-0.2306369,0.220556,0.2314763,-0.252554,0.2242169
890,17:16:57.650 PM,0.168272,0.007033065,0.3894047,0.16590339999999998,0.026895299999999997,0.4105175999999999,0.15850229999999998,0.03860901,0.4248896,0.1516134,-0.01015204,0.433197,0.1468529,0.002142385,0.46739090000000005,0.1408541,0.01298746,0.4838678,0.1344925,0.02292971,0.49241709999999994,0.1369944,-0.02388303,0.43417829999999996,0.127406,-0.009812564000000001,0.4716027,0.1184318,0.004564449,0.4889568,0.1111021,0.01677282,0.4963182,0.1224059,-0.03754789,0.4288898,0.1094164,-0.02464813,0.462318,0.09870449,-0.009939805,0.4773959,0.09082498,0.002519935,0.4834536,0.1075981,-0.04725641,0.4208923,0.09394573,-0.041793000000000004,0.4472272,0.08529209,-0.03289618,0.45837790000000006,0.07778213,-0.02204497,0.4648626,0.136602,-0.02834888,0.4113318,0.14834,-0.05830987,0.3506361,0.157387,-0.02536635,0.3596829,0.248243,-0.24234899999999998,0.2234698,0.1709318,-0.05676008,0.3425415,0.1357386,-0.07826357,0.346014,0.26583959999999995,-0.2315973,0.22173360000000003,0.2306464,-0.25310079999999996,0.22520610000000002
891,17:16:57.687 PM,0.16855309999999998,0.008673579,0.3868771,0.1657809,0.02868341,0.40780079999999996,0.15816529999999998,0.04052891,0.42195119999999997,0.152239,-0.007957742,0.4306558,0.1470207,0.005134955,0.46448490000000003,0.1409156,0.01636325,0.4806634,0.13461729999999997,0.02649327,0.4890376,0.13736020000000002,-0.02140033,0.4317237,0.127433,-0.00589557,0.46848779999999995,0.1183981,0.009348184,0.48505329999999997,0.1112169,0.02188115,0.4920045,0.1225258,-0.03483167,0.4265214,0.1091982,-0.02008671,0.45904220000000007,0.09848488,-0.00414297,0.4728071,0.09080678,0.008853376,0.4779238,0.10755260000000001,-0.04432674,0.41857570000000005,0.09380513,-0.03696366,0.4443946,0.08536676,-0.026820999999999998,0.4546085999999999,0.07824364,-0.01523679,0.4602022,0.136929,-0.02605549,0.4089156,0.1483271,-0.05674264,0.34853340000000005,0.1578706,-0.02391425,0.3572878,0.2478007,-0.2425359,0.2236009,0.1710017,-0.05544067,0.34062929999999997,0.13559970000000002,-0.07662395,0.3439443,0.2655017,-0.23194429999999996,0.2219435,0.23009970000000002,-0.2531275,0.22525839999999997
892,17:16:57.722 PM,0.1694673,0.01032233,0.383664,0.1664297,0.03072141,0.40417090000000006,0.15867379999999998,0.04290716,0.4179516,0.1528318,-0.00554511,0.427514,0.1470266,0.008203015,0.46098549999999994,0.1407453,0.019769799999999997,0.47685500000000003,0.1344322,0.03011702,0.48494750000000003,0.13766489999999998,-0.0186609,0.4285923,0.1271201,-0.001691371,0.464528,0.1179088,0.01444633,0.48012029999999994,0.11080339999999998,0.02737315,0.4863947,0.12261689999999999,-0.03185713,0.42340200000000006,0.10883319999999999,-0.01546916,0.45493019999999995,0.09813971,0.001448452,0.4674938,0.09066943,0.01490277,0.4716403,0.10754449999999999,-0.04115523,0.4154109,0.09360766,-0.03207144,0.4405708,0.08537526,-0.02091843,0.4498554,0.07864247,-0.008678495999999999,0.4544434,0.13740739999999999,-0.02363589,0.4058492,0.1489599,-0.05533232,0.34601409999999994,0.15899979999999997,-0.02267504,0.35445429999999994,0.2473342,-0.24337929999999997,0.2236089,0.17174589999999998,-0.05440371,0.3383822,0.1360112,-0.07506562,0.3414055,0.2652015,-0.2330484,0.2220973,0.22946689999999997,-0.2537103,0.2251205
893,17:16:57.755 PM,0.170277,0.01224856,0.3782731,0.1668329,0.03325532,0.3980907,0.1587039,0.04579388,0.41132890000000005,0.153642,-0.0025815670000000003,0.4225273,0.1476539,0.01166528,0.4557568,0.14134470000000002,0.02348264,0.4714295,0.1350244,0.03402214,0.47926409999999997,0.13830150000000002,-0.01547407,0.42382040000000004,0.1272925,0.003019884,0.45885290000000006,0.1178857,0.02007972,0.4733054,0.11075919999999999,0.03347297,0.4784826,0.1231238,-0.02860619,0.4188501,0.10903010000000002,-0.01084012,0.4494816,0.09833023,0.006832555,0.4609526,0.0909999,0.02066021,0.4639670999999999,0.10799149999999999,-0.03791192,0.4109821,0.0940083,-0.02740902,0.43555659999999996,0.08595616,-0.01547194,0.4439845,0.07958207,-0.002668411,0.44739650000000003,0.1381432,-0.02101615,0.401208,0.1497435,-0.05434375,0.3422853,0.1601128,-0.02162085,0.3499683,0.2475215,-0.2465157,0.22595700000000002,0.1726105,-0.05383048,0.33485909999999997,0.13665429999999998,-0.07407421,0.33807859999999995,0.26549959999999995,-0.23639380000000002,0.22434720000000002,0.22954339999999998,-0.2566375,0.22756669999999998
894,17:16:57.788 PM,0.1707187,0.0160801,0.3712207,0.16724529999999999,0.03774525,0.3903109,0.1590512,0.0506575,0.4031435,0.15476120000000002,0.0015549210000000001,0.4162522,0.1492815,0.01615508,0.4494161,0.14300220000000002,0.02837159,0.4647919,0.1365522,0.03922261,0.4720763,0.13950839999999998,-0.01140645,0.41785649999999996,0.12832670000000002,0.007730096999999999,0.4524866,0.1186434,0.02528371,0.46614269999999997,0.1113056,0.038967800000000004,0.47012529999999997,0.12439639999999999,-0.02472894,0.4132026,0.1099399,-0.006409034,0.4433345,0.09894977,0.01168826,0.45382690000000003,0.09154262,0.02570181,0.4554916,0.10929460000000002,-0.03428225,0.40557659999999995,0.09487222,-0.02318402,0.42963,0.08666427,-0.0107663,0.4371657,0.08040896,0.0023854970000000003,0.43918900000000005,0.1393007,-0.01739076,0.3953575,0.15087550000000002,-0.05187903,0.33711840000000004,0.16108150000000002,-0.01885895,0.3440548,0.2486759,-0.24739009999999997,0.2265161,0.1737382,-0.05157743,0.32966740000000005,0.1377929,-0.07173174,0.3335092,0.2666485,-0.23731300000000002,0.22459520000000002,0.23070320000000002,-0.25746729999999995,0.2284371
895,17:16:57.828 PM,0.17155689999999998,0.02250798,0.36214409999999997,0.1684852,0.04504965,0.380263,0.1605071,0.0585279,0.39264140000000003,0.1563236,0.007974625,0.40833509999999995,0.15156960000000003,0.02287687,0.44147650000000005,0.1451939,0.03565051,0.4563515,0.138435,0.04689406,0.4626996,0.1412794,-0.005183101,0.4102751,0.1298973,0.01386693,0.4448876,0.1197615,0.03161903,0.45794529999999994,0.1120645,0.04542048,0.46063149999999997,0.1263483,-0.01882109,0.40596420000000005,0.1112056,-0.0002959371,0.43562979999999996,0.09963941,0.01819195,0.44472829999999997,0.09209498,0.03222765,0.44448590000000004,0.1113539,-0.0287486,0.3986091,0.09598367,-0.01721181,0.4218550999999999,0.08744578,-0.004220814,0.4279103,0.08142246,0.009189665,0.4277598,0.14104370000000002,-0.01160532,0.3878975,0.1527075,-0.04725076,0.3303998,0.1625717,-0.0137382,0.33651149999999996,0.24938809999999997,-0.2474276,0.227427,0.175549,-0.04734198,0.3228784,0.1395342,-0.06717724,0.3276239,0.2673955,-0.23751,0.22505419999999998,0.23138070000000002,-0.2573453,0.2297998
896,17:16:57.853 PM,0.1720271,0.02682747,0.356769,0.1691359,0.04971226,0.3744856,0.1613591,0.06346045,0.38669570000000003,0.15720920000000002,0.01235566,0.4034333,0.1527075,0.02751927,0.4364918,0.1462984,0.04052471,0.45115109999999997,0.1394479,0.05187814,0.4572012,0.14226629999999998,-0.0008908361,0.4055474,0.1308201,0.01824416,0.4400919,0.12051089999999999,0.03608744,0.45288809999999996,0.1126809,0.04988630000000001,0.4551847,0.12741480000000002,-0.01467071,0.4014145,0.1120307,0.004056036,0.430829,0.1002549,0.02268983,0.4393491,0.09265394,0.03667428,0.4384772,0.1124616,-0.02476698,0.39420570000000005,0.09674346,-0.01295149,0.41707829999999996,0.08810314,0.0002508163,0.4225099,0.08217394,0.01367892,0.4215842000000001,0.1419865,-0.007507548,0.38322670000000003,0.1536184,-0.04393934,0.3262296,0.1633233,-0.009931907,0.3317736,0.24996329999999997,-0.2467538,0.2281415,0.1764308,-0.04422408,0.3186252,0.1404405,-0.06393605,0.32402529999999996,0.2679585,-0.23689780000000002,0.2254414,0.2319682,-0.2566098,0.2308415
897,17:16:57.886 PM,0.1692414,0.03179689,0.34849359999999996,0.16625209999999999,0.05542545,0.3651866,0.1586879,0.06972791,0.3768815,0.156097,0.01810242,0.39609970000000005,0.150642,0.03579991,0.42772910000000003,0.1428469,0.05055998,0.4398491,0.1351194,0.06245174,0.44325459999999994,0.14137360000000002,0.00471577,0.39879109999999995,0.129237,0.02602784,0.4317946,0.11807809999999999,0.04528897,0.4414518,0.1099913,0.05912484,0.44087659999999995,0.126674,-0.009388521,0.3952535,0.11072080000000001,0.010968,0.4232495,0.09858418,0.03042476,0.42896850000000003,0.09105343,0.04415621,0.42600479999999996,0.11178230000000001,-0.01990417,0.3885341,0.09542523,-0.006408349,0.40998549999999995,0.08691856,0.007626071999999999,0.4130125,0.08158898,0.02092294,0.4096893,0.1409199,-0.00256519,0.3766812,0.152356,-0.04033959,0.320538,0.16166660000000002,-0.006218389,0.3250597,0.2496373,-0.2451649,0.2277718,0.1751093,-0.04066244,0.31276040000000005,0.1393308,-0.06049927,0.31903899999999996,0.2675265,-0.23524650000000003,0.22463249999999998,0.2317481,-0.25508339999999996,0.2309112
898,17:16:57.919 PM,0.16541370000000002,0.03605656,0.340266,0.16058060000000002,0.05994363,0.35613940000000005,0.1515829,0.07397552,0.36712670000000003,0.1549665,0.02420066,0.3877938,0.1446825,0.04819389,0.4135278,0.1333947,0.06523429,0.4163553,0.12463889999999998,0.07624097,0.4125023,0.1402516,0.01092561,0.3910294,0.1255805,0.03814878,0.41813540000000005,0.1134325,0.05915968,0.41839620000000005,0.10592950000000001,0.07166477,0.41172159999999997,0.1255583,-0.003317773,0.3880699,0.10813030000000001,0.02174677,0.41089490000000006,0.09647893,0.042175699999999997,0.40848759999999995,0.09029966,0.05443288,0.4003684,0.11066969999999998,-0.01410381,0.3817864,0.09396442,0.00391449,0.3992874,0.0869901,0.01891552,0.3970856,0.08385152,0.03100105,0.38931209999999994,0.1397931,0.002758533,0.3692312,0.1510578,-0.03731748,0.314645,0.1605213,-0.002962813,0.3177899,0.2447093,-0.2471135,0.22956849999999998,0.1737427,-0.038283199999999996,0.30672209999999994,0.137738,-0.05733137,0.3140602,0.2627117,-0.23758939999999998,0.22589940000000003,0.22670700000000002,-0.2566376,0.2332375
899,17:16:57.950 PM,0.1635305,0.03751583,0.32327890000000004,0.15768410000000002,0.06326915,0.3354519,0.14753929999999998,0.07795049,0.3443983,0.1568507,0.03367181,0.372157,0.1415076,0.06441121,0.384788,0.12884690000000001,0.0772893,0.374952,0.1210628,0.08195464,0.363627,0.1423073,0.02122338,0.37819980000000003,0.1247376,0.05643727,0.3898433,0.1138447,0.07060839,0.3736453,0.1096902,0.07309265,0.35849440000000005,0.12750129999999998,0.006799906,0.3782993,0.10946610000000001,0.03879319,0.3882335,0.1005577,0.0532359,0.3719588,0.09839155,0.05602781,0.3565208,0.1123461,-0.00476025,0.37456409999999996,0.09727348,0.01991947,0.3829606,0.09356143,0.03150706,0.3716747,0.09458417,0.03540464,0.3576494,0.14085179999999997,0.009584351999999999,0.358096,0.1496253,-0.03837655,0.3096016,0.1591961,-0.004680634,0.30742909999999996,0.2416774,-0.2519413,0.232546,0.1715492,-0.03943466,0.2997754,0.1369066,-0.05867492,0.3117222,0.2589987,-0.2423211,0.2265726,0.2243561,-0.2615614,0.23851929999999996
900,17:16:57.980 PM,0.1632698,0.04042666,0.3075759,0.1572687,0.06759562,0.31604640000000006,0.14690379999999997,0.08322577,0.3228911,0.15604010000000001,0.04302977,0.35685209999999995,0.1352297,0.07259603,0.3506939,0.127176,0.06971906,0.3318773,0.12682100000000002,0.06046073,0.3205587,0.1416616,0.03128372,0.364503,0.1208645,0.06501447,0.3534343,0.11762730000000002,0.05922137,0.3300638,0.1209866,0.04752146,0.3195889,0.1270628,0.01678135,0.3665259,0.10769080000000002,0.04820518,0.35696259999999996,0.10699410000000001,0.04482801,0.3335494,0.11193230000000001,0.03422274,0.32268470000000005,0.11208219999999999,0.004598916,0.3643638,0.09816421,0.03074639,0.35860149999999996,0.10006699999999999,0.03130005,0.3420163,0.10604880000000001,0.02320842,0.33126690000000003,0.1404205,0.01703723,0.34612919999999997,0.1500683,-0.03636269,0.30370759999999997,0.15908870000000003,-0.003605872,0.2978147,0.24673910000000002,-0.250291,0.2336186,0.1716557,-0.03717521,0.2931411,0.13814790000000002,-0.05694301,0.3072652,0.263493,-0.24040720000000002,0.22655660000000002,0.2299853,-0.260175,0.2406806
901,17:16:58.010 PM,0.167425,0.04121272,0.2919343,0.16224960000000002,0.06967999,0.29480229999999996,0.15198299999999998,0.0866517,0.2970038,0.15413110000000002,0.05166106,0.3384491,0.1388014,0.07323433,0.313183,0.1358685,0.05958290000000001,0.2980511,0.137873,0.04552452,0.2948514,0.13746229999999998,0.04235573,0.3446755,0.1254519,0.06477933,0.3124656,0.1282961,0.04705615,0.2962052,0.1330104,0.03177504,0.2963817,0.1213281,0.029472900000000003,0.34578190000000003,0.11160940000000001,0.05178742,0.31655,0.11764489999999998,0.03655152,0.2995775,0.12372269999999999,0.02186517,0.2991959,0.1058281,0.01824875,0.34243,0.1010863,0.03935994,0.3214978,0.1065837,0.03104462,0.30815729999999997,0.1122413,0.01780249,0.30531840000000005,0.13815739999999999,0.02554713,0.3285876,0.1502925,-0.03371026,0.2955935,0.163154,-0.003715247,0.2882616,0.2489887,-0.2525551,0.24683089999999996,0.17317079999999999,-0.03550215,0.2884062,0.1372837,-0.05380285,0.29790459999999996,0.2669322,-0.2434047,0.2420817,0.2310451,-0.2617055,0.25158020000000003
902,17:16:58.039 PM,0.1584,0.04202189,0.27359859999999997,0.15002720000000003,0.06977345,0.2712706,0.1376643,0.08543564,0.27068159999999997,0.1494532,0.06026484,0.3178962,0.1327055,0.07165204,0.2873622,0.130438,0.05390628,0.27712529999999996,0.1334045,0.03972681,0.2786843,0.1334108,0.05151142,0.3262123,0.1202941,0.06374286,0.28922159999999997,0.12462460000000002,0.04235305,0.2786422,0.13045739999999997,0.02836944,0.2838687,0.1179808,0.03832383,0.3301385,0.1076478,0.05153136,0.2959203,0.11476480000000001,0.032712,0.28353290000000003,0.12160919999999999,0.01908614,0.2881645,0.1030091,0.02596958,0.3293606,0.09790663,0.04056187,0.3034668,0.1037212,0.02915423,0.2927737,0.1097144,0.01579444,0.2940879,0.1346362,0.03206737,0.3134697,0.14889879999999997,-0.03150803,0.290833,0.16027020000000003,-0.0029628429999999997,0.2784835,0.2539185,-0.2504801,0.2585225,0.17135079999999997,-0.03319897,0.28238559999999996,0.1369487,-0.051714300000000005,0.2960494,0.2711196,-0.24122249999999998,0.2516906,0.2367174,-0.25973779999999996,0.26535440000000005
903,17:16:58.070 PM,0.1472986,0.03247543,0.2469013,0.13461070000000003,0.05695017,0.2376817,0.120361,0.07059242,0.23467739999999998,0.1400503,0.0639347,0.28294159999999996,0.11603339999999998,0.05891402,0.2558156,0.1193979,0.03870352,0.2541139,0.1277401,0.02864675,0.2604437,0.1278358,0.05724458,0.29737659999999994,0.1059415,0.05323307,0.2628847,0.113179,0.03017886,0.26095250000000003,0.12243430000000001,0.01984785,0.26896479999999995,0.1162382,0.04490031,0.309184,0.09735626,0.0431269,0.27619499999999997,0.106868,0.02194355,0.27187100000000003,0.116954,0.0120514,0.27922729999999996,0.10404180000000002,0.03161331,0.31633,0.09148919,0.03479691,0.28914259999999997,0.09843338,0.02048384,0.284145,0.1071096,0.0102194,0.29007849999999996,0.13035270000000002,0.03472541,0.292114,0.1511421,-0.03086264,0.287679,0.15519170000000002,-0.0077914740000000005,0.26599290000000003,0.26992059999999996,-0.2433105,0.25985549999999996,0.17012339999999998,-0.03245432,0.2729988,0.14403870000000002,-0.05051576,0.29957690000000003,0.2829629,-0.23427979999999998,0.24656639999999996,0.2568783,-0.25234120000000004,0.2731446
904,17:16:58.098 PM,0.1416294,0.02842419,0.22884780000000002,0.1258888,0.04997458,0.21729629999999997,0.1110203,0.06248353,0.2127248,0.1288987,0.06334843,0.2600381,0.1032529,0.049563300000000005,0.237806,0.112784,0.03130765,0.23696929999999997,0.12477719999999999,0.02511279,0.24244699999999997,0.11935819999999998,0.05786668,0.27682979999999996,0.0947761,0.04448839,0.2467294,0.10713139999999999,0.02363749,0.2458721,0.1195278,0.0162897,0.2528814,0.1110315,0.04647137,0.29193070000000004,0.08925018,0.03592049,0.2625067,0.1031238,0.01713292,0.2589386,0.116154,0.01028304,0.2650297,0.1017957,0.0332114,0.302704,0.08624864,0.02957626,0.27712709999999996,0.09482557,0.01564343,0.27387259999999997,0.10551340000000001,0.007625818,0.27999840000000004,0.124771,0.03528811,0.27517990000000003,0.15404890000000002,-0.0269673,0.2778796,0.1531264,-0.00764282,0.2537081,0.2807067,-0.23230029999999996,0.2353375,0.1700953,-0.02797726,0.2599975,0.1506684,-0.04649064,0.2915074,0.29042009999999996,-0.2230436,0.2195826,0.2709933,-0.24155700000000002,0.2510925
905,17:16:58.127 PM,0.1295277,0.02757706,0.2166513,0.109671,0.04653732,0.207051,0.09293752,0.05698998,0.20400120000000002,0.11239690000000001,0.05936323,0.24803119999999998,0.08645275,0.04080759,0.2299839,0.09839126,0.02415456,0.2276906,0.1118202,0.01961814,0.2310831,0.1063636,0.05303933,0.2661102,0.08099193,0.03390019,0.2400226,0.09685018,0.01566108,0.23795189999999997,0.11122470000000001,0.01098216,0.2432874,0.10240739999999998,0.04104953,0.2824857,0.07931467,0.02523385,0.25661649999999997,0.09591861,0.009192288,0.251576,0.1107118,0.005268915999999999,0.2560271,0.09734767,0.02684997,0.2947455,0.07952499,0.01916568,0.2716567,0.09008006,0.0069065540000000005,0.2675729,0.1028038,0.001175627,0.27220700000000003,0.11568599999999998,0.03178452,0.26425709999999997,0.1551149,-0.02456155,0.2636819,0.14857479999999998,-0.00619188,0.24007420000000002,0.2786161,-0.2241665,0.19344820000000001,0.1675867,-0.02464729,0.24312020000000004,0.1549931,-0.04443631,0.2772203,0.2849129,-0.21427190000000002,0.1763981,0.2723193,-0.23406100000000002,0.2104982
906,17:16:58.158 PM,0.11319660000000001,0.02135377,0.20876199999999998,0.0888375,0.03619935,0.20313589999999998,0.07038425,0.04379909,0.20299460000000003,0.09732553,0.05216549,0.2392514,0.07185514,0.02904396,0.22664829999999997,0.08462188,0.01334913,0.22268160000000004,0.09876054,0.009938955,0.22355389999999997,0.09521679,0.04633613,0.2583435,0.06946952,0.02185138,0.2376788,0.08716898,0.0057611319999999995,0.23366460000000003,0.1027405,0.003600612,0.23677020000000001,0.09576131,0.03510259,0.27568400000000004,0.07181493,0.01443091,0.25444970000000006,0.08877643,-0.0012379589999999998,0.24944090000000002,0.1041836,-0.003467903,0.2528297,0.09494369,0.0212319,0.2892534,0.07490569,0.009671509,0.2699159,0.08571145,-0.001601368,0.2640451,0.09964843,-0.005789161,0.2661099,0.10736079999999999,0.02661388,0.2559934,0.15309579999999998,-0.02435532,0.2516984,0.1416763,-0.007729813,0.2285837,0.2574817,-0.23157399999999997,0.17319479999999998,0.1612718,-0.02617082,0.229159,0.15535839999999998,-0.04326169999999999,0.26638740000000005,0.2604384,-0.2230286,0.1545806,0.254525,-0.2401195,0.19180899999999998
907,17:16:58.187 PM,0.09871203,0.01254112,0.20236089999999998,0.07251686,0.02489679,0.199701,0.05374042,0.03126909,0.2020244,0.08603663,0.04629625,0.22839320000000002,0.06094393,0.01999836,0.2236933,0.07350586,0.004136875,0.2197305,0.0876855,0.00101085,0.2184724,0.08750769,0.04332869,0.2482006,0.061134900000000006,0.01430452,0.23583479999999998,0.07860653,-0.0017635670000000002,0.23084050000000003,0.09458055,-0.0030297040000000003,0.2312895,0.0918017,0.03494026,0.2666071,0.06673249,0.009736046,0.2528548,0.08316008,-0.006150811999999999,0.2468435,0.09904645,-0.0070945769999999995,0.24771620000000003,0.09439894,0.02328329,0.28193440000000003,0.07226665,0.007995516,0.2682828,0.08204561,-0.003875211,0.2618156,0.0962432,-0.007681116,0.2614377,0.1008695,0.02432807,0.2466158,0.14917529999999998,-0.02418344,0.2426484,0.1334059,-0.01145005,0.21886860000000002,0.2407879,-0.2469444,0.197748,0.153727,-0.031244400000000002,0.2201147,0.1537849,-0.03939858,0.26069210000000004,0.2407589,-0.2428674,0.1774593,0.24081679999999997,-0.2510215,0.21803670000000003
908,17:16:58.219 PM,0.08775996,0.006262556,0.19523339999999997,0.06097099,0.01755719,0.19584620000000003,0.04255518,0.02363147,0.20054779999999997,0.07654911,0.04193048,0.21606109999999998,0.05335057,0.01358856,0.21713600000000002,0.06625523,-0.002214313,0.2141681,0.08040296,-0.00496617,0.2120081,0.08005243,0.04168101,0.23582870000000003,0.05374021,0.01068315,0.22976649999999998,0.07087007,-0.006391406,0.22792150000000003,0.08681537,-0.007947296,0.2284328,0.08643527,0.03594513,0.2546368,0.06068133,0.008902222,0.2470536,0.07611289,-0.008047044,0.24131420000000003,0.09196861,-0.00937061,0.2404085,0.09095711,0.02651696,0.2710085,0.06766535,0.009582624,0.262054,0.0762201,-0.00338918,0.2559822,0.09009478,-0.007910773000000001,0.2541912,0.0939165,0.02298279,0.23539200000000002,0.1433125,-0.02448736,0.23294479999999998,0.1249493,-0.01535852,0.20940509999999998,0.2357049,-0.25016900000000003,0.20949949999999998,0.14583770000000001,-0.03449449,0.2112241,0.1500265,-0.03704839,0.25232089999999996,0.2336105,-0.248892,0.18895109999999998,0.2377993,-0.2514459,0.23004789999999997
909,17:16:58.249 PM,0.07841756,-0.006061136999999999,0.19413339999999998,0.05173892,0.005031198,0.1974645,0.03494399,0.01160195,0.2060299,0.06767941,0.03226008,0.20490329999999998,0.04647991,0.004756376,0.2166451,0.06018250000000001,-0.01064102,0.2160976,0.07418335,-0.01277439,0.21265370000000003,0.07364476,0.03747021,0.2233618,0.04851205,0.005487129,0.22942849999999998,0.06637336,-0.0109209,0.2298593,0.08232215,-0.01192339,0.22859079999999998,0.08265271,0.03719918,0.24197710000000003,0.05693559,0.009293914,0.2456118,0.07196695,-0.008694798,0.2426266,0.08752937,-0.0108539,0.23994899999999997,0.08972041,0.03267299,0.2595053,0.06585172,0.01423445,0.25884070000000003,0.07345639,-0.0002163202,0.2554109,0.08685313,-0.0057482869999999995,0.25293910000000003,0.08838204,0.01964523,0.22604929999999998,0.13949579999999998,-0.02580112,0.22858379999999998,0.11803179999999999,-0.02367626,0.2072552,0.2356357,-0.25115329999999997,0.22603009999999998,0.1385553,-0.03929769,0.20870129999999998,0.1500503,-0.03483977,0.24821100000000001,0.22988809999999998,-0.2533823,0.2062752,0.24138320000000002,-0.24892440000000002,0.24578490000000003
910,17:16:58.279 PM,0.07716465,-0.008051336,0.1900404,0.05055445,0.003491551,0.1921527,0.03377569,0.01052538,0.20037,0.06686806,0.03108196,0.1993208,0.04476684,0.004173726,0.21073979999999998,0.05973385,-0.008804247,0.21645309999999998,0.07430514,-0.00899455,0.21665189999999998,0.07242081,0.03687318,0.21772779999999997,0.04557333,0.006416066999999999,0.2241948,0.06323746,-0.01013906,0.22569899999999998,0.07920332,-0.01130663,0.22488720000000004,0.0809096,0.03714199,0.2365785,0.05431937,0.010131999999999999,0.2405554,0.06929404,-0.008045405,0.2386282,0.08491778,-0.01032411,0.2364612,0.08741124,0.03315352,0.2544465,0.06324214,0.015123500000000002,0.2537956,0.07059436,0.0003884733,0.2511172,0.08403035,-0.005281284,0.2492469,0.08674909,0.01891072,0.2214805,0.1368308,-0.02736689,0.22721159999999999,0.11610050000000001,-0.02558558,0.20513850000000003,0.2267135,-0.2549528,0.23931910000000003,0.1362455,-0.04180735,0.2079906,0.1464043,-0.03568503,0.2476433,0.2216341,-0.25801399999999997,0.2194927,0.2317929,-0.2518917,0.25914539999999997
911,17:16:58.308 PM,0.07871015,-0.004717231,0.18546529999999997,0.051713800000000004,0.006053686,0.186479,0.03418929,0.01172653,0.1941726,0.06725281,0.03349806,0.1980155,0.04459907,0.005374834,0.20421720000000002,0.05916134,-0.008525074,0.20863879999999999,0.07367836,-0.009349748,0.2096179,0.07093842,0.03712864,0.217414,0.04405443,0.006032437,0.2176998,0.06151714,-0.01075448,0.21897270000000002,0.07749055,-0.01194559,0.2195784,0.07759468,0.03523846,0.236895,0.05137227,0.007648841,0.23511929999999998,0.06678552,-0.01007675,0.2325542,0.08262515,-0.01160723,0.2316931,0.08243591,0.02922539,0.2547214,0.05888238,0.01109561,0.2496274,0.06682887,-0.003114343,0.24598960000000003,0.0806283,-0.008063108000000001,0.24487179999999997,0.08513788,0.01892613,0.2204254,0.13532370000000002,-0.02736162,0.22598569999999998,0.11663139999999998,-0.0232037,0.201952,0.2304476,-0.2530679,0.2312322,0.1373358,-0.04027796,0.20580140000000002,0.1428239,-0.0370159,0.24669459999999999,0.22770349999999998,-0.25469899999999995,0.21078550000000001,0.23319160000000003,-0.2514369,0.2516788
912,17:16:58.336 PM,0.08003891,0.0004961789,0.1831946,0.05259664,0.01012371,0.1827427,0.03453765,0.01373012,0.1904537,0.06658798,0.03692155,0.20041470000000003,0.04475446,0.007525041999999999,0.2020207,0.05928518,-0.007032588,0.2005964,0.07373255,-0.00846754,0.1993169,0.06905459,0.03798021,0.2203177,0.0440537,0.0057996359999999995,0.2148069,0.06187916,-0.01065163,0.21480860000000002,0.0778181,-0.011678399999999999,0.2161748,0.07470048,0.03365599,0.2397355,0.05021064,0.005332023000000001,0.23259499999999997,0.06629264,-0.011504200000000001,0.22855589999999998,0.08221752,-0.012154,0.2285024,0.07879039,0.02541669,0.2568515,0.05663052,0.007040276999999999,0.24783829999999998,0.06541408,-0.006217896999999999,0.2427933,0.07953239999999999,-0.01023465,0.2419389,0.08378151,0.01999937,0.22169120000000003,0.1354366,-0.02499159,0.22449410000000003,0.11789749999999999,-0.01817839,0.19961410000000002,0.2401415,-0.2464109,0.2184299,0.1396292,-0.03599087,0.203523,0.1417145,-0.03613424,0.2448588,0.2390989,-0.24633920000000004,0.197762,0.24118409999999998,-0.2464826,0.2390978
913,17:16:58.367 PM,0.08251560000000001,0.002437234,0.18366949999999999,0.05534771,0.01254237,0.1813155,0.03651078,0.016385900000000002,0.1866823,0.06866485,0.03817441,0.2025902,0.04601634,0.009475037,0.200281,0.05941244,-0.006103531,0.19862960000000002,0.07369661,-0.008937046,0.19814589999999999,0.06966114,0.03761227,0.2226306,0.04516847,0.006115079,0.21276779999999998,0.06251109,-0.01084186,0.2126683,0.07826146,-0.012634399999999999,0.21503350000000002,0.07379421,0.0316643,0.24198939999999997,0.04992007,0.00417386,0.23077350000000002,0.06595213,-0.01266429,0.2265524,0.08182157,-0.01369008,0.2275805,0.0764966,0.02202691,0.25863420000000004,0.05515448,0.00453645,0.24648160000000002,0.0642269,-0.00837481,0.241069,0.07835617,-0.01243758,0.2409819,0.08401159,0.01930694,0.2236278,0.1350183,-0.02652839,0.226771,0.11917370000000001,-0.01764292,0.2011188,0.24570170000000002,-0.2447717,0.2149444,0.1411782,-0.03600428,0.20554470000000002,0.1399268,-0.03887684,0.24681460000000002,0.2463274,-0.2433355,0.1943095,0.2450761,-0.24620799999999998,0.2355794
914,17:16:58.396 PM,0.08657783,0.00411348,0.184334,0.05963502,0.01413946,0.1799231,0.04023821,0.01763938,0.183098,0.07263096,0.03989922,0.2054212,0.04789781,0.01387066,0.19807349999999999,0.05896848,-0.003306627,0.1953324,0.07276843,-0.007995144000000001,0.1954136,0.07161287,0.037196,0.2252936,0.0476162,0.007654518000000001,0.2097342,0.06422655,-0.01001652,0.20927010000000001,0.07962165,-0.01262194,0.21289879999999997,0.07371305,0.02913587,0.24421929999999997,0.05106346,0.0032725479999999997,0.2277646,0.06770045,-0.01299098,0.2236299,0.08337796,-0.01433429,0.2261661,0.07461197,0.01772784,0.25992170000000003,0.05483984,0.001675099,0.2437601,0.06499167,-0.01039718,0.238323,0.07916484,-0.01408432,0.2396349,0.08555103,0.01855172,0.2257181,0.1355911,-0.02841914,0.2291374,0.1223,-0.01663244,0.20291170000000003,0.24997670000000002,-0.24424659999999998,0.21024299999999999,0.1442125,-0.03590238,0.2079717,0.13840829999999998,-0.04251865,0.24841370000000002,0.25287889999999996,-0.24093850000000003,0.190022,0.2470746,-0.24755470000000002,0.2304641
915,17:16:58.427 PM,0.09038347,0.006450027,0.18480970000000002,0.06355389,0.01620765,0.1792578,0.04393819,0.01941667,0.1811156,0.07586824,0.04213704,0.20659810000000003,0.05017983,0.01823254,0.19603679999999998,0.06013711,0.00041224059999999996,0.1931445,0.07355024,-0.005224779000000001,0.193986,0.07342981,0.0383165,0.2261591,0.0506351,0.009779766,0.20728110000000002,0.06731601,-0.007829471999999999,0.20707689999999998,0.08242433,-0.0104534,0.21174520000000002,0.07415604,0.02918132,0.244693,0.05286872,0.0042973609999999995,0.22519850000000002,0.07020467,-0.01137632,0.22171,0.08564425,-0.01259325,0.2254688,0.07390581,0.016894799999999998,0.2597407,0.05559766,0.00165759,0.24124,0.06664213,-0.00982289,0.2362846,0.08074414,-0.01312961,0.2388073,0.08725638,0.0195878,0.22650660000000003,0.1368683,-0.02778251,0.2308401,0.1254503,-0.01448368,0.204397,0.2530851,-0.24238739999999998,0.20938420000000002,0.1470509,-0.03417007,0.21001170000000002,0.1383074,-0.04285545,0.2495229,0.2574569,-0.2380447,0.1896286,0.2487134,-0.24673,0.22913979999999998
916,17:16:58.460 PM,0.09311362,0.007695525999999999,0.1848691,0.06654461,0.01753576,0.1782986,0.04687342,0.02079444,0.179294,0.07833797,0.04369037,0.2065986,0.05212487,0.02108546,0.1945578,0.06170274,0.003050625,0.1917122,0.07493453,-0.002922073,0.19300060000000002,0.07499094,0.03957517,0.2259661,0.05291789,0.01147376,0.2056288,0.06965719,-0.006076351,0.2060656,0.08452747,-0.008622572,0.2114842,0.07479507,0.0301276,0.24435749999999998,0.05420028,0.005758180999999999,0.22351149999999997,0.07186873,-0.009705678,0.2208462,0.08709309,-0.01088277,0.22541309999999998,0.07374562,0.01759778,0.2591697,0.05628232,0.002734512,0.23957689999999998,0.06778514,-0.008550242,0.2352513,0.08174746,-0.01163505,0.2386782,0.08859061,0.02068855,0.2266083,0.1375578,-0.02721965,0.2322785,0.12737110000000001,-0.01344165,0.20563720000000002,0.25589720000000005,-0.240527,0.20951220000000004,0.14863529999999997,-0.03294921,0.21171700000000002,0.13831429999999997,-0.04282083,0.2505635,0.2610577,-0.23559120000000003,0.190089,0.25073670000000003,-0.24546279999999998,0.22893550000000001
917,17:16:58.488 PM,0.09467216,0.008859098000000001,0.1840924,0.06833891,0.01897775,0.17701820000000001,0.04869602,0.0224864,0.1776405,0.08018714,0.04530139,0.20564610000000003,0.05369455,0.02317987,0.1933249,0.06321575,0.005107716,0.1905267,0.07640094,-0.0009432435,0.1919211,0.07649791,0.04125382,0.22496509999999997,0.05431392,0.01343358,0.2043644,0.07099865,-0.004166230999999999,0.2048268,0.08582675,-0.006833315,0.21030010000000002,0.07589754,0.03182869,0.2433587,0.05526082,0.007738322,0.2222324,0.07286210000000001,-0.007861674,0.2199484,0.08799738,-0.009230301,0.22475029999999996,0.07445247,0.01933004,0.25816350000000005,0.05729111,0.004505813,0.2382772,0.06889313,-0.006807253,0.2343076,0.0827643,-0.009888171999999999,0.2380867,0.08981619,0.02217646,0.22582199999999997,0.1381908,-0.02626674,0.232048,0.1284098,-0.01252285,0.20545039999999998,0.2578934,-0.23863470000000003,0.2076939,0.14947190000000002,-0.03168473,0.21151279999999997,0.1388799,-0.04208554,0.25014770000000003,0.2631893,-0.2334342,0.1883765,0.2525974,-0.2438351,0.2270114
918,17:16:58.519 PM,0.09660543,0.01075111,0.183091,0.07051037,0.02124201,0.1756835,0.05090468,0.02498858,0.1760371,0.08223213,0.04720844,0.2046567,0.05560727,0.0254762,0.1919339,0.06511316,0.007417216999999999,0.1890017,0.07827509,0.001320332,0.1904158,0.07823145,0.04308502,0.2238976,0.055929999999999994,0.01554666,0.2030465,0.07320781,-0.0014355779999999999,0.2017965,0.08837958,-0.003850117,0.20637550000000002,0.07727187,0.03355537,0.24222220000000003,0.05666079,0.009827897,0.2206643,0.0741523,-0.005920081999999999,0.2185589,0.08920419,-0.007494628000000001,0.22355619999999998,0.07548292,0.0209838,0.25692750000000003,0.05852755,0.006393328,0.23669450000000003,0.07010958,-0.004986778,0.23286010000000001,0.08389414,-0.008210941999999999,0.2368321,0.09132271,0.02385406,0.22481839999999997,0.1391529,-0.02509335,0.2312995,0.1298041,-0.01115288,0.2047628,0.25959920000000003,-0.2367424,0.20447320000000002,0.15064929999999999,-0.03013063,0.2107868,0.13970120000000003,-0.04122096,0.24912960000000003,0.26507329999999996,-0.23119720000000002,0.1853018,0.2541252,-0.2422875,0.2236446
919,17:16:58.548 PM,0.09863921,0.01288635,0.18214170000000002,0.07273608,0.02368931,0.174513,0.05315369999999999,0.02756546,0.17473339999999998,0.08410565,0.04910485,0.2037793,0.05751973,0.02751847,0.1907314,0.06721089999999999,0.009596035,0.18757720000000003,0.08042748,0.003605664,0.188935,0.07984743,0.04487966,0.2229426,0.05761368,0.01760326,0.201679,0.07505047,0.0007956772999999999,0.20032149999999999,0.09022175,-0.0014749910000000001,0.2049721,0.07860734,0.03523527,0.24119000000000002,0.0581106,0.01178162,0.2192276,0.07562587,-0.003965497,0.2173237,0.09059643,-0.005546257,0.22255740000000002,0.07656272,0.02257834,0.2557882,0.05976227,0.00822942,0.2352556,0.0714003,-0.003143281,0.2315721,0.08511454,-0.006403282,0.2357524,0.09280641,0.02556072,0.223892,0.1402705,-0.02370569,0.2305561,0.1313079,-0.009555131,0.204067,0.2598315,-0.2356738,0.20233020000000002,0.15192020000000003,-0.02856732,0.2100876,0.1405769,-0.04004086,0.248202,0.2655031,-0.229937,0.183273,0.2541598,-0.2414105,0.22138739999999998
920,17:16:58.580 PM,0.1008203,0.01530872,0.18099520000000002,0.0752055,0.02648626,0.1729435,0.05566091,0.03055392,0.1728418,0.08576881,0.05114441,0.20283479999999998,0.05953584,0.02953656,0.18912420000000002,0.06962834,0.01180102,0.1861776,0.08292255,0.0060701819999999995,0.1878609,0.081138,0.04679994,0.2218848,0.05912461,0.01982789,0.2000121,0.07667776,0.003116339,0.19901359999999998,0.09174623,0.0009747148,0.2040448,0.07950784,0.03702448,0.24003160000000004,0.05926747,0.013869299999999998,0.21752129999999997,0.07684778,-0.001841798,0.2159469,0.09169544,-0.0033909079999999998,0.221529,0.07712074,0.02426957,0.25449210000000005,0.06060647,0.01018442,0.2335486,0.07235898,-0.001151159,0.2301226,0.08597021,-0.004384652,0.2346465,0.09395789,0.02739267,0.2229185,0.14097010000000001,-0.02223404,0.2300301,0.1325943,-0.007813603,0.20352079999999997,0.25943320000000003,-0.23477179999999997,0.2014598,0.1529249,-0.02695901,0.209706,0.1408617,-0.03876285,0.2474971,0.26546479999999995,-0.22886990000000001,0.1825642,0.2534016,-0.2406738,0.22035529999999998
921,17:16:58.612 PM,0.1027685,0.01709427,0.17978770000000002,0.07754806,0.02864225,0.1710441,0.0580706,0.03297804,0.1704332,0.08675562,0.05253996,0.2016076,0.06108791,0.03056739,0.1874156,0.07180821,0.01311387,0.1850626,0.08521954,0.007854655,0.1872728,0.08174326,0.04827474,0.2205786,0.06004848,0.02131735,0.1983723,0.07781448,0.004806220999999999,0.1980057,0.09276725,0.00287582,0.20345020000000003,0.07972708,0.0385641,0.2387214,0.05978532,0.01534967,0.2160067,0.07791647,0.0003188252,0.2140775,0.09284896,-0.0007773786999999999,0.21953899999999998,0.07701321,0.02586509,0.2531733,0.06084897,0.01177624,0.231961,0.07277623,0.0004972816,0.22898160000000004,0.08627275,-0.002574056,0.2339409,0.09446503,0.02882175,0.2219192,0.14116270000000003,-0.02093807,0.23001970000000002,0.13332860000000002,-0.006595105,0.20337760000000002,0.2597094,-0.2335968,0.202725,0.1534296,-0.02562648,0.2098739,0.1407505,-0.03751554,0.24743600000000002,0.2660489,-0.22765229999999997,0.1839439,0.2533698,-0.2395414,0.22150599999999998
922,17:16:58.647 PM,0.1056954,0.0201223,0.1779539,0.08095942,0.03186829,0.1681542,0.06153546,0.03622498,0.1666476,0.08729165,0.05426501,0.2005557,0.06286129,0.03178541,0.1850362,0.07458214,0.01493055,0.1831335,0.08811645,0.01032215,0.1859605,0.08169434,0.04956256,0.21925789999999998,0.06120403,0.02271329,0.1958113,0.07957952,0.00688228,0.1961281,0.09433815,0.005379438,0.20220079999999999,0.07920487,0.03947707,0.23713539999999997,0.06038458,0.01633988,0.21340770000000003,0.07940648,0.002480924,0.2112922,0.09429939,0.002072334,0.2169529,0.07619246,0.02646436,0.251245,0.06093311,0.01259445,0.22923339999999998,0.07331174,0.001697049,0.22670990000000002,0.08664282,-0.001032934,0.23227870000000003,0.094665,0.03028031,0.2206783,0.141774,-0.01896529,0.22955140000000002,0.1346951,-0.004188403,0.20284539999999998,0.2631551,-0.23027960000000003,0.2043526,0.1548415,-0.02331035,0.20983670000000001,0.14084470000000002,-0.03575166,0.24674629999999997,0.2701535,-0.2240589,0.18589779999999997,0.2561567,-0.2365002,0.2228075
923,17:16:58.681 PM,0.11074469999999999,0.02373765,0.17501589999999997,0.08738259,0.03645383,0.163253,0.06825823,0.0413074,0.1602134,0.08956329,0.05678813,0.1976342,0.06647839,0.03455143,0.1798678,0.07867727,0.01796238,0.17883220000000002,0.09196816,0.01337089,0.1826631,0.08257388,0.05173655,0.2157683,0.06365097,0.02559029,0.19029720000000003,0.08212259,0.009959012,0.1919818,0.09636635,0.008329719000000001,0.1991521,0.07870276,0.04129229,0.233188,0.06147064,0.01881005,0.2076902,0.0808439,0.005337358,0.20644829999999997,0.09538529,0.004861727,0.21295450000000002,0.07456374,0.02800752,0.24674780000000002,0.06060291,0.01497227,0.2234045,0.0731544,0.004105613,0.22175370000000003,0.08599425,0.001213223,0.2283076,0.09525627,0.0323083,0.21770589999999998,0.1413625,-0.0174326,0.2290607,0.13621870000000003,-0.0021399410000000002,0.2020887,0.2672822,-0.22686869999999998,0.2116629,0.15605120000000003,-0.02138344,0.21043420000000002,0.1392659,-0.03442537,0.2459474,0.2756748,-0.22034770000000004,0.19390629999999998,0.2588895,-0.2333897,0.22941950000000003
924,17:16:58.720 PM,0.11715460000000001,0.02766235,0.1709269,0.09641112,0.04151107,0.1559797,0.07810717,0.04734005,0.150565,0.09240571,0.06060309999999999,0.19231189999999998,0.07075375,0.03788249,0.17339200000000002,0.08273355,0.02110498,0.1736608,0.09557307,0.01618029,0.1784866,0.08403353,0.05604012,0.20998320000000004,0.06679157,0.02976994,0.1834686,0.08315694,0.0126929,0.1888446,0.09595876,0.01017036,0.1981545,0.07873613,0.04602562,0.2272788,0.06319804,0.02342789,0.2008138,0.08108361,0.008187026,0.2032985,0.09445602,0.0066278280000000005,0.2118272,0.0734071,0.03309353,0.24076329999999999,0.06097546,0.01977147,0.21672840000000002,0.07348944,0.008745417,0.2163194,0.08577845,0.005768195,0.223822,0.09622636,0.03647463,0.21323379999999997,0.1409665,-0.01336999,0.2290489,0.1376568,0.001109228,0.20135229999999998,0.27475959999999994,-0.21859499999999998,0.22858989999999998,0.1572489,-0.01733833,0.2118029,0.1380634,-0.02992415,0.24624899999999997,0.28435240000000006,-0.21230210000000002,0.2113669,0.2651668,-0.2248879,0.2458129
925,17:16:58.756 PM,0.12618189999999999,0.03223972,0.1746112,0.10882449999999999,0.04828049,0.1576661,0.09226714,0.05606867,0.1496882,0.09897812,0.06446351,0.1956352,0.0782048,0.04378711,0.1736443,0.08878758,0.02609868,0.17331329999999998,0.10074960000000001,0.01953448,0.1784272,0.08887469,0.05933534,0.21221089999999998,0.07347019,0.03492017,0.1829414,0.08862743,0.01685779,0.1886289,0.1004535,0.01326984,0.1988356,0.08171799,0.04868467,0.2284208,0.06810465,0.02787904,0.1995414,0.08523264,0.01193611,0.2028306,0.09769254,0.009595558,0.21248649999999997,0.07480553,0.03530358,0.240691,0.06458885,0.02328096,0.2149889,0.07684495,0.01196505,0.21528320000000004,0.08826876,0.008375450999999999,0.2238131,0.1001739,0.03925975,0.2155772,0.1421704,-0.01240498,0.2333201,0.1415516,0.003197998,0.2057818,0.27825890000000003,-0.2157563,0.24554589999999998,0.1603741,-0.01590119,0.2180002,0.1375754,-0.02924389,0.24986260000000002,0.28965830000000004,-0.20908490000000002,0.2296147,0.2668596,-0.22242759999999998,0.2614771
926,17:16:58.792 PM,0.1370188,0.03727894,0.18767910000000002,0.122206,0.05589716,0.1709555,0.10683010000000001,0.06523503,0.1623017,0.109122,0.06885995,0.2113388,0.08988441,0.05277006,0.18462479999999998,0.09944391,0.03460513,0.18270279999999997,0.11040710000000001,0.02654199,0.18791670000000002,0.09703004,0.06215994,0.22590010000000002,0.08373779,0.04302944,0.192029,0.09712107,0.02323531,0.19619189999999997,0.10758030000000002,0.01745056,0.2068701,0.0876336,0.04986383,0.23960810000000002,0.07625362,0.03413312,0.20681950000000002,0.09196158,0.01662578,0.20906190000000002,0.10320399999999999,0.01204266,0.21938339999999998,0.07877631,0.03539436,0.2490712,0.07087094,0.02767147,0.2210125,0.08236893,0.01559012,0.22062579999999998,0.09266108,0.009999439,0.22951039999999998,0.1068989,0.04113467,0.22748070000000004,0.1445994,-0.01468436,0.24234229999999998,0.14728650000000001,0.004197612,0.21685639999999998,0.2810977,-0.2178342,0.2532842,0.1647114,-0.01664612,0.2293049,0.13813720000000002,-0.0330376,0.2564739,0.2943848,-0.20963850000000003,0.23969970000000004,0.2678107,-0.22603,0.2668687
927,17:16:58.827 PM,0.146988,0.03793465,0.20877759999999998,0.1360214,0.06044392,0.1939943,0.1227434,0.07309033,0.1861129,0.12189360000000002,0.06978191,0.23735229999999996,0.09997362,0.06240393,0.2089563,0.1047143,0.04337601,0.2026933,0.11320380000000001,0.03179614,0.20501,0.10892349999999999,0.06282549,0.2510121,0.09167723,0.05371581,0.214854,0.10056469999999999,0.031421199999999996,0.21169179999999996,0.1100241,0.02066274,0.21879679999999999,0.09792499,0.05013664,0.26307420000000004,0.08342154,0.04257093,0.22868070000000001,0.09521438,0.02252768,0.2247518,0.1058983,0.01329949,0.232066,0.08722269,0.03579645,0.2706398,0.07742967,0.03458454,0.2421573,0.08625598,0.02120633,0.2376062,0.09587981,0.01180322,0.24347629999999998,0.1160326,0.04069592,0.2497567,0.1471868,-0.02036642,0.2572119,0.151501,0.0006479025,0.2340792,0.28110440000000003,-0.22531149999999997,0.24836460000000002,0.1674312,-0.02122145,0.2442604,0.14033420000000002,-0.04000589,0.26927870000000004,0.294653,-0.21591929999999998,0.2358555,0.2675559,-0.23470370000000002,0.2608738
928,17:16:58.860 PM,0.1572835,0.04066341,0.2382598,0.1520421,0.06686373,0.22679870000000002,0.1430185,0.08326443,0.21988779999999997,0.13371570000000002,0.07049154,0.2714125,0.1130487,0.0848092,0.24498209999999998,0.1073701,0.07403924,0.2286725,0.1082577,0.06116459999999999,0.2222535,0.11863310000000002,0.06318362,0.2824301,0.1003296,0.0780188,0.2489654,0.09933225,0.06282072,0.2303889,0.10368820000000001,0.04799183,0.22654760000000002,0.1048921,0.05030473,0.2909047,0.08801626,0.06321697,0.2594437,0.09080418,0.04841064,0.24154720000000002,0.09781923,0.034453199999999996,0.2389897,0.09167804,0.03660388,0.2946847,0.0798068,0.04915409,0.27005359999999995,0.08421896,0.04076011,0.2564849,0.09225816,0.02900265,0.2531903,0.12282169999999999,0.04085012,0.2773739,0.1454199,-0.02421947,0.2753337,0.1540238,-0.0005159527,0.2567949,0.2695023,-0.23335189999999997,0.2455638,0.16688429999999999,-0.02429385,0.2644863,0.1363637,-0.04505834,0.283204,0.2847626,-0.22296970000000002,0.2362049,0.254242,-0.2437342,0.25492270000000006
929,17:16:58.890 PM,0.1656383,0.04656427,0.2757024,0.1666538,0.07509615,0.2701187,0.1618476,0.09383143,0.2651643,0.1326826,0.06987391,0.3087404,0.12155610000000001,0.10315810000000002,0.2980713,0.1156374,0.11648310000000002,0.2834183,0.1133678,0.1172855,0.26901909999999996,0.11477000000000001,0.06163146,0.3125607,0.10153999999999999,0.09872492,0.30059,0.09589992,0.116006,0.2843852,0.09700578,0.1151075,0.2683728,0.09877931,0.04851992,0.3129278,0.08406878,0.08046360000000001,0.2981789,0.08194185,0.09063868,0.276922,0.08608519,0.08720182,0.2618874,0.08470489,0.03573622,0.3089051,0.06918138,0.0594665,0.29855590000000004,0.06852799999999999,0.06792732,0.2841376,0.07563362,0.06642075,0.2713224,0.1197714,0.04094924,0.30310370000000003,0.1403424,-0.0236858,0.2906269,0.1548005,0.0030320729999999997,0.28203249999999996,0.26142960000000004,-0.2340554,0.25738690000000003,0.16417520000000002,-0.02372607,0.2874191,0.1286183,-0.04468249,0.2905107,0.279208,-0.2235772,0.255841,0.2436511,-0.24453360000000002,0.2589327
930,17:16:58.920 PM,0.1732506,0.04116525,0.30838740000000003,0.1795736,0.06930055,0.3119012,0.1780187,0.08915053,0.3130087,0.13894920000000002,0.056203199999999995,0.34793620000000003,0.13503189999999998,0.08842598,0.36456120000000003,0.13214800000000002,0.1083326,0.3686204,0.12963,0.1215575,0.36323629999999996,0.1203854,0.04862623,0.3490247,0.10989769999999999,0.08077155,0.3719915,0.10372809999999999,0.10154550000000001,0.382625,0.10054,0.11704849999999999,0.3807795,0.1034412,0.03738289,0.3453005,0.08850683,0.06746460000000001,0.36275009999999996,0.0801535,0.08889247,0.36720040000000004,0.07755595,0.1027897,0.36027459999999994,0.08852852,0.02767833,0.3375127,0.06768560000000001,0.04640238,0.34827559999999996,0.05747447,0.05931415,0.35019770000000006,0.05307636,0.0720344,0.34462909999999997,0.1239982,0.03166382,0.33353140000000003,0.14020839999999998,-0.02791613,0.3031724,0.15647329999999998,-0.0002980083,0.3014967,0.253132,-0.2389415,0.2509144,0.164196,-0.02896936,0.30183899999999997,0.1275132,-0.04796544,0.2992801,0.27147340000000003,-0.22944339999999996,0.2521938,0.23479070000000002,-0.2484395,0.24963490000000002
931,17:16:58.946 PM,0.1805837,0.03104292,0.3265532,0.1906406,0.05680884,0.3357285,0.1908317,0.07591487,0.3416728,0.14899289999999998,0.03847255,0.37236030000000003,0.15051589999999998,0.0601062,0.4022203,0.1498547,0.07686739,0.41437870000000004,0.14770250000000001,0.09131406,0.41548900000000005,0.1304453,0.03095467,0.3740055,0.12572650000000002,0.04896767,0.41099940000000007,0.1223126,0.06464778,0.42930329999999994,0.11965360000000001,0.07967938,0.4343874,0.11281279999999999,0.02093677,0.3699578,0.1027809,0.03812151,0.4028117,0.09617523,0.05445977,0.4187389,0.09232954,0.06982388,0.4213353,0.09676091,0.01332985,0.36206309999999997,0.07786145,0.02326857,0.383623,0.06761080000000001,0.03320576,0.3923813,0.06099789,0.04633825,0.3937236,0.1316358,0.01787852,0.35471620000000004,0.1421836,-0.03381594,0.31041409999999997,0.1590284,-0.006294966,0.3124435,0.24769059999999998,-0.2437894,0.2408188,0.1660188,-0.03517841,0.3074981,0.1288991,-0.05345081,0.3063705,0.2662505,-0.2346532,0.2413826,0.2291308,-0.2529256,0.2402549
932,17:16:58.972 PM,0.1861503,0.01669432,0.3419893,0.2001236,0.03906815,0.3541487,0.20341479999999998,0.05633466,0.36353159999999995,0.1605251,0.01649533,0.3924925,0.1675429,0.02957366,0.42597159999999995,0.1690848,0.04414423,0.4404746,0.16803189999999998,0.05793722,0.44498940000000003,0.1419358,0.009445786,0.39529559999999997,0.1432411,0.01807667,0.4354554,0.1427214,0.03224258,0.4551263,0.14151789999999997,0.04630001,0.46271179999999995,0.1233307,0.001070857,0.39198459999999996,0.11885989999999999,0.01080152,0.4285487,0.11519800000000001,0.02708046,0.44517979999999996,0.11282429999999999,0.04253231,0.44827170000000005,0.1059316,-0.004231378,0.3851967,0.09185752,0.001184955,0.41128240000000005,0.08455642,0.01210006,0.42153199999999996,0.08055045,0.02602898,0.4239104,0.13969679999999998,0.0005258471,0.3739632,0.14217249999999998,-0.042994199999999996,0.32144179999999994,0.15956099999999998,-0.01547067,0.3245151,0.24059650000000002,-0.2483578,0.23116950000000003,0.16568329999999998,-0.0441779,0.3165356,0.1285041,-0.06234687,0.3173207,0.2591861,-0.23927329999999997,0.230777,0.2220069,-0.25744229999999996,0.23156210000000002
933,17:16:59.002 PM,0.1903032,-0.002488941,0.3614989,0.2076907,0.01473069,0.3772138,0.2140302,0.02838366,0.3903247,0.17145829999999998,-0.01207469,0.4130629,0.18161889999999997,-0.0018465670000000001,0.44675519999999996,0.18414389999999997,0.01220416,0.46163059999999995,0.1842186,0.0248035,0.4689538,0.1529364,-0.01873446,0.4170384,0.1579877,-0.01070042,0.45704350000000005,0.1591463,0.00486064,0.4756147,0.1588884,0.0188513,0.48343279999999994,0.13341660000000002,-0.0251843,0.41482759999999996,0.13246889999999997,-0.01539408,0.45164849999999995,0.1308833,0.0028655829999999997,0.46656320000000007,0.1295997,0.01793475,0.4715875,0.1148396,-0.02785923,0.4098063,0.10587910000000002,-0.02204978,0.43801359999999995,0.10248519999999998,-0.009193986999999999,0.44809040000000006,0.1010297,0.004925713,0.4519227,0.14694949999999998,-0.02206787,0.394789,0.1394128,-0.05246937,0.334527,0.1581835,-0.02642003,0.3403552,0.23044720000000002,-0.24735460000000004,0.21724629999999998,0.16240610000000003,-0.05289697,0.32749609999999996,0.1255229,-0.0715303,0.32982990000000006,0.2488888,-0.2380379,0.21607939999999998,0.21200560000000002,-0.2566712,0.2184132
934,17:16:59.037 PM,0.1891062,-0.01487319,0.38128259999999997,0.20624629999999997,0.0002283752,0.39928379999999997,0.2141063,0.01156108,0.4137179,0.1736193,-0.03160702,0.4307027,0.18399870000000002,-0.02220044,0.4645674,0.187147,-0.01078492,0.4814459,0.18800899999999998,-0.0004178584,0.4916545,0.15554949999999998,-0.03946792,0.43456409999999995,0.16074249999999998,-0.03124082,0.474512,0.1621362,-0.01894799,0.49537780000000003,0.1621018,-0.007540599,0.5066417000000001,0.1361542,-0.04629408,0.4323849,0.1352019,-0.03836429,0.46965109999999993,0.1335441,-0.02526717,0.489254,0.13208789999999998,-0.01385748,0.5002920999999999,0.117434,-0.04895543,0.427917,0.1089618,-0.04388572,0.4564172,0.1052391,-0.03291701,0.46842619999999996,0.10289360000000002,-0.02033114,0.4756598,0.1485184,-0.03988428,0.4123728,0.13864579999999999,-0.0625931,0.3492026,0.15703,-0.0361407,0.3573989,0.2234375,-0.2486448,0.2142268,0.1612227,-0.06242722,0.3409218,0.1245481,-0.08136416,0.34398579999999995,0.2417748,-0.23917629999999998,0.21269490000000002,0.20510019999999998,-0.2581133,0.21575879999999997
935,17:16:59.071 PM,0.1877427,-0.0242402,0.4004492,0.2014955,-0.008206099,0.420439,0.20757039999999996,0.003322124,0.43556229999999996,0.1730576,-0.04407565,0.4475482,0.1814606,-0.03585017,0.4822576,0.1842204,-0.02662267,0.500487,0.184625,-0.01720375,0.5116012,0.15505329999999998,-0.05245811,0.4505139,0.15743,-0.04508741,0.4908932,0.15759990000000001,-0.03532536,0.5130978,0.15669860000000002,-0.02496724,0.5252982,0.1359306,-0.05968721,0.4474187,0.1323195,-0.05210228,0.48459350000000007,0.1292026,-0.04090056,0.5051649,0.12672139999999998,-0.02992661,0.5164529,0.11746689999999999,-0.06268084,0.44216350000000004,0.1069576,-0.05659258,0.46977170000000007,0.1020702,-0.04613298,0.48181579999999996,0.09875013,-0.0340306,0.48947690000000005,0.1488895,-0.05248763,0.4280625,0.1416158,-0.07389191,0.3639762,0.1594043,-0.0471717,0.3735676,0.2273442,-0.2560163,0.22432159999999998,0.16432729999999998,-0.07362114,0.3560753,0.12747709999999998,-0.09237511,0.3579116,0.24576929999999997,-0.2466393,0.22340349999999998,0.20891910000000002,-0.26539320000000005,0.2252397
936,17:16:59.103 PM,0.1865147,-0.03289425,0.41653249999999997,0.19630970000000003,-0.01647647,0.4384452999999999,0.20014520000000002,-0.005099252,0.45439229999999997,0.17597520000000003,-0.05678833,0.4608435,0.1837547,-0.05155358,0.4962687,0.1865437,-0.04492399,0.5155884,0.18696179999999998,-0.03716163,0.5279132,0.1581869,-0.06573592,0.4634352,0.1600718,-0.06124736,0.5042592,0.1601161,-0.05426617,0.5274861,0.1590297,-0.0454666,0.540836,0.1392494,-0.07330064,0.46002040000000005,0.1351695,-0.06630687,0.49726229999999993,0.1316402,-0.05554296,0.5180002,0.1288053,-0.04471277,0.5293435000000001,0.1208644,-0.07652660000000001,0.4546291,0.1102445,-0.07043865,0.4821946,0.10514710000000001,-0.06041603,0.4945192,0.1016085,-0.04855159999999999,0.5024488,0.15201689999999998,-0.06496003,0.44099979999999994,0.14484059999999999,-0.08374526,0.3759814,0.162374,-0.05706038,0.3867922,0.2266266,-0.2581416,0.2246078,0.1673586,-0.08308826,0.36756700000000003,0.1305013,-0.1018419,0.36925840000000004,0.2450552,-0.24876479999999998,0.22376210000000002,0.2081979,-0.26751840000000005,0.2254536
937,17:16:59.133 PM,0.18635629999999997,-0.04003981,0.4295352,0.1941921,-0.02527466,0.453337,0.1960247,-0.01540488,0.47059529999999994,0.17934879999999997,-0.068634,0.4707778,0.18705170000000002,-0.06641886,0.5065389,0.18940639999999997,-0.06104071,0.5263031,0.18937920000000003,-0.05414781,0.5391444999999999,0.16195610000000002,-0.07843669,0.4729291,0.1646415,-0.07701156,0.5139331,0.1647989,-0.07120449999999999,0.5374838000000001,0.16363160000000002,-0.06324856,0.5513508,0.14321170000000003,-0.08635326,0.4692553,0.1398126,-0.08143866,0.5068971,0.13630699999999998,-0.07112482,0.5278666,0.1333171,-0.06043282,0.5393013000000001,0.12481669999999999,-0.08974977,0.46400410000000003,0.1154156,-0.08575794,0.4923855,0.1106826,-0.07672462,0.5055906,0.10732380000000001,-0.06527752,0.5141854,0.1551846,-0.07582982,0.45080590000000004,0.1465899,-0.08906487,0.3845622,0.16385479999999997,-0.06259815,0.3973408,0.2214719,-0.25265970000000004,0.21825920000000001,0.1686977,-0.08776265,0.3751882,0.13197029999999998,-0.1067266,0.3773058,0.2398356,-0.2431777,0.2172004,0.20310820000000002,-0.26214160000000003,0.21931799999999999
938,17:16:59.165 PM,0.18807079999999998,-0.04583687,0.4359037,0.1964049,-0.03237271,0.4602987,0.1971321,-0.02362818,0.4782302,0.180536,-0.07600357,0.475947,0.1878774,-0.07472722,0.5118288,0.1893881,-0.06876703,0.5315079,0.1885311,-0.06121345,0.5439418,0.16321629999999998,-0.08602735,0.477609,0.16592,-0.08528215,0.5186286,0.1656147,-0.07847717,0.5419084,0.1640797,-0.06984158,0.5553252,0.1445346,-0.09389868,0.4735415,0.14106770000000002,-0.08995099,0.5112898,0.1373188,-0.07929404,0.5320441999999999,0.13413989999999998,-0.06813219,0.542967,0.1261692,-0.09717734,0.4681153,0.11736379999999999,-0.0949668,0.4968782,0.1128373,-0.08670536,0.5106480999999999,0.1096622,-0.07542193,0.5195242,0.15643970000000001,-0.08241554,0.4556298,0.14767829999999998,-0.0925421,0.3887773,0.16504449999999998,-0.06657635,0.4028703,0.2168538,-0.24679859999999998,0.21146460000000003,0.16958879999999998,-0.09093009,0.37899770000000005,0.13268529999999998,-0.1095798,0.3808257,0.23530549999999997,-0.23747379999999998,0.21055059999999998,0.198402,-0.2561234,0.21237870000000003
939,17:16:59.194 PM,0.18941159999999999,-0.05123739,0.4403693,0.197977,-0.03863111,0.4651403,0.19814720000000002,-0.03039844,0.4833267,0.1798787,-0.08137594,0.479912,0.1865324,-0.08003788,0.5159256,0.18756140000000002,-0.07347168,0.5354428000000001,0.18641259999999998,-0.06536917,0.5475029,0.1622249,-0.09086242,0.48116679999999995,0.1643588,-0.08895747,0.522183,0.16370510000000002,-0.08065851,0.5449672,0.1621306,-0.07122569,0.5578324,0.1433637,-0.09806646,0.4767076,0.1395989,-0.09315713,0.5143145,0.135917,-0.08141944,0.5344905,0.1329819,-0.0696725,0.5448545,0.1249856,-0.1006701,0.47096679999999996,0.11652160000000002,-0.09832987,0.49982200000000004,0.11242819999999999,-0.08981062,0.5135706,0.10972830000000001,-0.07842869,0.5224784,0.1558945,-0.08669928,0.4591519,0.147904,-0.09530008,0.3919695,0.16578410000000002,-0.07034023,0.406777,0.2167764,-0.24482199999999998,0.210525,0.1700244,-0.09386726,0.3826452,0.13267079999999998,-0.11168510000000001,0.38314940000000003,0.23545320000000003,-0.2359131,0.21027300000000002,0.19809960000000001,-0.253731,0.21077710000000002
940,17:16:59.226 PM,0.19137200000000001,-0.05288357,0.44133140000000004,0.2002875,-0.04061906,0.4661501,0.2000674,-0.03256747,0.48441660000000003,0.180382,-0.08241652,0.4810776,0.18655,-0.08069164,0.517161,0.18713570000000002,-0.07337476,0.5364276,0.18563239999999998,-0.06460983,0.5479738000000001,0.1625843,-0.09164692,0.48220029999999997,0.16440220000000003,-0.08842508,0.523149,0.1634712,-0.07863477,0.5453222,0.1617269,-0.06813073,0.5573041,0.143656,-0.09858015,0.47759940000000006,0.14002320000000001,-0.09322809,0.5151585999999999,0.1365267,-0.08101802,0.5350853,0.13377,-0.06889494,0.5450571999999999,0.1252868,-0.100921,0.4717191,0.11723360000000001,-0.098673,0.5006988,0.1134401,-0.09006192,0.5144759,0.11102089999999998,-0.07860006,0.5233617,0.1564831,-0.08740231,0.46013640000000006,0.1488979,-0.09589589999999999,0.39289240000000003,0.16700739999999997,-0.07120995,0.4078337,0.21768289999999998,-0.24564570000000002,0.2116036,0.1711159,-0.09468802,0.3837704,0.1335583,-0.1120788,0.3838855,0.2364616,-0.23695029999999997,0.211546,0.19890410000000003,-0.2543411,0.2116611
941,17:16:59.258 PM,0.19397679999999998,-0.05093162,0.4394142,0.2037695,-0.03829868,0.4637135,0.2037285,-0.02999417,0.4818679,0.18221579999999998,-0.07938403,0.4803645,0.18859189999999998,-0.07682218,0.5163626,0.1892045,-0.06907931,0.5354614000000001,0.1876505,-0.06006125,0.5468046,0.16453410000000002,-0.08880828,0.4816944,0.1663076,-0.08482897,0.5225786,0.165274,-0.07472821,0.5446079,0.1634005,-0.06403908,0.5564061,0.1456836,-0.09605636,0.47726090000000004,0.14222579999999999,-0.09108216,0.5148888,0.1387549,-0.07956448,0.5352296999999999,0.13591760000000003,-0.06781158,0.5456165,0.1273337,-0.09873013,0.47146179999999993,0.11919600000000001,-0.09705076,0.5004568,0.115168,-0.08896092,0.5144825,0.1124654,-0.07777433,0.5236352,0.158342,-0.08505026,0.45956720000000006,0.15064370000000002,-0.09498708,0.3925111,0.1685745,-0.06970817,0.4069506,0.21899789999999997,-0.2474902,0.21336370000000002,0.1727695,-0.09377410000000001,0.38316859999999997,0.1353532,-0.11145039999999999,0.3839389,0.237706,-0.2386521,0.21297860000000002,0.20028970000000001,-0.2563283,0.2137489
942,17:16:59.288 PM,0.1950228,-0.0473832,0.43482790000000004,0.20575090000000001,-0.0337366,0.4581635,0.20667600000000003,-0.02468415,0.4759325,0.18322929999999998,-0.07429008,0.4773719,0.18971949999999999,-0.07066527,0.5132574000000001,0.1906671,-0.06323858,0.5324675999999999,0.1894574,-0.05478209,0.5442758000000001,0.16582660000000002,-0.08415750000000001,0.47910379999999997,0.1674855,-0.07964003,0.5199367,0.1664366,-0.07016121,0.5422399,0.16455329999999999,-0.06022003,0.554673,0.1471815,-0.09209718,0.47500010000000004,0.14384570000000002,-0.08724391,0.5126545,0.14030739999999997,-0.07662234,0.5334643,0.1372982,-0.06574580000000001,0.5447183000000001,0.1289035,-0.09550376,0.46936140000000004,0.1205103,-0.0940676,0.49829629999999997,0.11602550000000002,-0.0867139,0.5125847,0.11264629999999999,-0.07639693,0.5225006,0.15948370000000003,-0.08139658,0.4568731,0.15172120000000003,-0.09392372,0.3902113,0.1691644,-0.06772313,0.40369570000000005,0.2191,-0.25097179999999997,0.2146605,0.173655,-0.09268802,0.3804289,0.1365254,-0.11086420000000001,0.3824386,0.23766479999999998,-0.2418837,0.21365570000000003,0.2005352,-0.2600599,0.21566529999999998
943,17:16:59.319 PM,0.1943768,-0.04527052,0.43155429999999995,0.2060482,-0.03120454,0.4541766,0.20814499999999997,-0.02173719,0.47162600000000005,0.1823598,-0.07143936,0.47502959999999994,0.1889229,-0.06728610000000002,0.5108443,0.189973,-0.05984141,0.530042,0.1888115,-0.05142426,0.5418828,0.1650907,-0.08149903,0.47697849999999997,0.166846,-0.07680334,0.5177871000000001,0.1657843,-0.06731515,0.5400855999999999,0.1638518,-0.05742443,0.5525512,0.1465361,-0.08974113,0.47306570000000003,0.14334070000000002,-0.0848839,0.5107318000000001,0.13974,-0.07412688,0.5314609,0.1366426,-0.06327239,0.5427123,0.1282855,-0.09347112,0.4675442,0.11975219999999999,-0.09221782,0.4964465,0.11507809999999999,-0.08500436,0.5107457000000001,0.11142360000000001,-0.07502531,0.5209067000000001,0.1586424,-0.07917733,0.4547279,0.1507695,-0.092904,0.3883136,0.167978,-0.06623860000000001,0.4013056,0.21830700000000003,-0.25297270000000005,0.215575,0.1726302,-0.09169413,0.378366,0.1356625,-0.11012069999999999,0.38098730000000003,0.2367909,-0.24375940000000001,0.2142643,0.1998232,-0.26218600000000003,0.2168857
944,17:16:59.348 PM,0.19422799999999998,-0.0434542,0.4289424,0.20653779999999997,-0.02911918,0.4510523,0.20984589999999997,-0.01926209,0.4680944,0.18201170000000003,-0.06860848,0.4730263,0.18925770000000003,-0.06360093,0.5085995,0.190833,-0.05584206,0.5276363000000001,0.19007979999999997,-0.04724833,0.5393832,0.1646446,-0.07844278,0.4752372,0.1667999,-0.07304977,0.5159404000000001,0.16614410000000002,-0.06349926,0.5382279999999999,0.16453470000000003,-0.05366355,0.5507828,0.1459873,-0.08655968,0.4715573,0.14294749999999998,-0.08087622,0.5091205,0.1395355,-0.06973609,0.5296786,0.13661020000000001,-0.05876546,0.5408633,0.1276754,-0.09019999,0.4661802,0.11904469999999999,-0.08798935,0.494996,0.1144215,-0.08019647,0.5090047999999999,0.11084100000000001,-0.06997669,0.5189505999999999,0.1581303,-0.07648349,0.452971,0.1499355,-0.09124885,0.3868085,0.16738429999999999,-0.06468281,0.3992716,0.2172987,-0.25189870000000003,0.2145417,0.17179979999999997,-0.09009597,0.376862,0.1348075,-0.10846669999999999,0.3795284,0.2357948,-0.2427133,0.2132085,0.1988026,-0.26108400000000004,0.21587489999999998
